Cola_nueva
T1-50.0 m/s-VLM1-x0.11m-z0.13m
Freestream speed = 50.000 m/s


 Ctrl        Alpha        Beta         CL           CD           CD_viscous   CD_induced   CY           Cm           Cm_viscous   Cm_pressure  Cl           Cn           Cn_viscous   Cn_pressure  CL/CD        CL^(3/2)/CD  1/sqrt(CL)   Lift_(N)     Drag_(N)     Fx_FF_(N)    Fy_FF_(N)    Fz_FF_(N)    Fx_sum_(N)   Fy_sum_(N)   Fz_sum_(N)   Extra_drag_(N)  Fuse_drag_(N)  Cf_Fuse      Vx_(m/s)     Vz_(m/s)     V_(m/s)      Gamma        L_(N.m)      M_(N.m)      N_(N.m)      CPx_(m)      CPy_(m)      CPz_(m)      BM_(N.m)     m.g.Vz_(W)   Drag_x_V_(W)  Efficiency   XCp.Cl       XNP_(m)      Phugoid_Freq._(Hz)  Phugoid_Damping  Short_Period_Freq._(Hz)  Short_Period_Damping_Ratio  Dutch_Roll_Freq._(Hz)  Dutch_Roll_Damping  Roll_Damping  Spiral_Damping  Mass_(kg)    CoG_x_(m)    CoG_z_(m)    
          0          -20            0     -0.33795     0.062443      0.01687     0.045572  -1.5529e-18   -0.0025575    0.0041465    -0.006704  -8.6626e-17   1.6313e-17  -9.6384e-19   1.7277e-17      -5.4122      -3.1463            0      -130.41       24.095      -28.077  -5.9922e-16      -128.56       -48.01   1.1528e-14      -131.91            0            0            0       49.168      -16.026           50      -10.468  -3.3427e-14     -0.30703   6.2948e-15      0.11799  -1.0312e-16      0.15683      -9.2826      -6288.4       1204.8      0.20103    -0.039874            0            0            0            0            0            0            0            0            0           40         0.11         0.13  
          0        -19.5            0     -0.33082     0.060051     0.016428     0.043623  -2.4591e-17   -0.0023845    0.0040127   -0.0063972   3.6839e-17  -4.5007e-18  -8.9409e-19  -3.6066e-18       -5.509      -3.1686            0      -127.66       23.172      -26.745   -9.489e-15      -125.95      -45.732  -5.3458e-14      -129.14            0            0            0       49.196      -15.913           50      -10.288   1.4215e-14     -0.28626  -1.7367e-15      0.11764   1.4716e-16      0.15636      -9.0881      -6244.1       1158.6      0.20124    -0.038916            0            0            0            0            0            0            0            0            0           40         0.11         0.13  
          0          -19            0      -0.3236     0.055974     0.014278     0.041696   2.5189e-17   -0.0030897    0.0030069   -0.0060966   1.9536e-17   1.4397e-17  -9.5039e-19   1.5347e-17      -5.7813      -3.2888            0      -124.87       21.599      -25.441   9.7199e-15       -123.3      -43.502    2.732e-14      -126.34            0            0            0       49.268      -15.331           50      -9.8134   7.5383e-15     -0.37092   5.5555e-15      0.11729  -2.9183e-16       0.1559      -8.8908        -6016       1079.9      0.20146    -0.037956            0            0            0            0            0            0            0            0            0           40         0.11         0.13  
          0        -18.5            0      -0.3163     0.053684     0.013891     0.039792  -2.5613e-18   -0.0029111    0.0028913   -0.0058024  -3.7202e-17   2.8681e-17  -6.2183e-19   2.9303e-17      -5.8918      -3.3136            0      -122.05       20.715      -24.166  -9.8833e-16      -120.62      -41.322  -7.1388e-15       -123.5            0            0            0       49.295      -15.216           50      -9.6328  -1.4355e-14     -0.34948   1.1067e-14      0.11696   1.1834e-16      0.15546      -8.6909      -5970.9       1035.8      0.20167    -0.036992            0            0            0            0            0            0            0            0            0           40         0.11         0.13  
          0          -18            0      -0.3089     0.051424     0.013509     0.037915   1.1791e-17   -0.0027347    0.0027798   -0.0055146   3.3263e-17  -4.7377e-18  -7.8485e-19  -3.9528e-18       -6.007      -3.3386            0       -119.2       19.843       -22.92   4.5499e-15      -117.89      -39.192  -4.4296e-14      -120.62            0            0            0       49.321      -15.102           50      -9.4515   1.2835e-14      -0.3283  -1.8281e-15      0.11663   1.7303e-16      0.15502      -8.4883      -5926.1       992.16      0.20188    -0.036026            0            0            0            0            0            0            0            0            0           40         0.11         0.13  
          0        -17.5            0     -0.30143     0.049185      0.01312     0.036065  -1.5307e-17   -0.0025669    0.0026663   -0.0052332  -5.0553e-18   5.7578e-18   -8.067e-19   6.5645e-18      -6.1285      -3.3647            0      -116.31       18.979      -21.704  -5.9066e-15      -115.11      -37.112   9.7536e-14       -117.7            0            0            0       49.347      -14.985           50      -9.2674  -1.9507e-15     -0.30816   2.2218e-15       0.1163   6.3628e-17      0.15459      -8.2831      -5880.2       948.95      0.20208    -0.035057            0            0            0            0            0            0            0            0            0           40         0.11         0.13  
          0          -17            0     -0.29387     0.046967     0.012723     0.034244  -1.3109e-17    -0.002408    0.0025505   -0.0049584  -8.2014e-18  -3.5814e-18  -5.6301e-19  -3.0184e-18      -6.2568      -3.3918            0       -113.4       18.124      -20.517  -5.0584e-15       -112.3      -35.083   4.6828e-14      -114.75            0            0            0       49.373      -14.866           50      -9.0805  -3.1647e-15     -0.28907   -1.382e-15      0.11599  -8.8804e-17      0.15417      -8.0754      -5833.2       906.18      0.20229    -0.034086            0            0            0            0            0            0            0            0            0           40         0.11         0.13  
          0        -16.5            0     -0.28623     0.044772     0.012318     0.032454    1.567e-17   -0.0022584     0.002432   -0.0046903   1.4574e-17   5.0385e-18  -7.7141e-19   5.8099e-18      -6.3929      -3.4202            0      -110.45       17.276      -19.361   6.0467e-15      -109.46      -33.106   6.3502e-15      -111.77            0            0            0       49.399      -14.742           50      -8.8903   5.6239e-15     -0.27112   1.9442e-15      0.11568   1.1931e-17      0.15377      -7.8652      -5784.8       863.82      0.20249    -0.033111            0            0            0            0            0            0            0            0            0           40         0.11         0.13  
          0          -16            0      -0.2785     0.042597       0.0119     0.030697   2.2319e-17   -0.0021186    0.0023104    -0.004429   9.4115e-19    6.388e-18  -4.1511e-19   6.8032e-18      -6.5382      -3.4504            0      -107.47       16.437      -18.236   8.6122e-15      -106.57      -31.182   1.2358e-14      -108.74            0            0            0       49.425      -14.613           50      -8.6959   3.6317e-16     -0.25434    2.465e-15      0.11538  -7.7096e-17      0.15337      -7.6526      -5734.2       821.85      0.20268    -0.032135            0            0            0            0            0            0            0            0            0           40         0.11         0.13  
          0        -15.5            0      -0.2707      0.04045     0.011476     0.028974   1.4117e-18   -0.0019877    0.0021867   -0.0041744   1.7398e-17    1.681e-17  -7.3779e-19   1.7547e-17      -6.6923      -3.4819            0      -104.46       15.609      -17.141   5.4475e-16      -103.65      -29.311  -4.2791e-14      -105.69            0            0            0       49.451      -14.481           50      -8.4986   6.7134e-15     -0.23862   6.4864e-15      0.11509   5.3864e-17      0.15298      -7.4377      -5682.3       780.43      0.20288    -0.031156            0            0            0            0            0            0            0            0            0           40         0.11         0.13  
          0          -15            0     -0.26282     0.036998     0.009711     0.027287  -1.9549e-17   -0.0025076    0.0014192   -0.0039268   1.0487e-18   2.0175e-17  -4.7478e-19    2.065e-17      -7.1038      -3.6419            0      -101.42       14.276      -16.078  -7.5435e-15      -100.69      -27.493  -1.4397e-14      -102.61            0            0            0       49.512      -13.845           50      -8.0128   4.0467e-16     -0.30104    7.785e-15      0.11481  -2.2329e-17       0.1526      -7.2206      -5432.7       713.82      0.20306    -0.030174            0            0            0            0            0            0            0            0            0           40         0.11         0.13  
          0        -14.5            0     -0.25487     0.035003    0.0093657     0.025637   2.3495e-17   -0.0023649    0.0013212   -0.0036861  -4.1276e-17    1.147e-17  -6.3696e-19   1.2107e-17      -7.2815       -3.676            0      -98.349       13.507      -15.047   9.0662e-15      -97.693      -25.729   6.5074e-14      -99.488            0            0            0       49.535      -13.716           50      -7.8198  -1.5927e-14     -0.28391   4.4261e-15      0.11453   1.5404e-16      0.15223      -7.0012      -5382.2       675.33      0.20325     -0.02919            0            0            0            0            0            0            0            0            0           40         0.11         0.13  
          0          -14            0     -0.24684     0.032984    0.0089571     0.024026  -1.3983e-18   -0.0022392    0.0012133   -0.0034525  -3.2349e-17   -5.141e-18  -7.7309e-19  -4.3679e-18      -7.4839      -3.7182            0      -95.251       12.728      -14.047  -5.3956e-16      -94.665       -24.02  -3.0454e-15       -96.34            0            0            0        49.56       -13.56           50      -7.6108  -1.2483e-14     -0.26881  -1.9838e-15      0.11426   -6.901e-17      0.15187      -6.7797      -5321.1       636.38      0.20343    -0.028204            0            0            0            0            0            0            0            0            0           40         0.11         0.13  
          0        -13.5            0     -0.23874     0.029978    0.0075215     0.022456  -1.2453e-17   -0.0025703   0.00065565    -0.003226   2.9579e-17   4.1965e-18  -5.2771e-19   4.7242e-18       -7.964      -3.8913            0      -92.126       11.568       -13.08  -4.8055e-15      -91.603      -22.367   -7.255e-14      -93.163            0            0            0        49.61      -12.957           50      -7.1569   1.1414e-14     -0.30857   1.6193e-15        0.114   3.2663e-18      0.15152      -6.5561      -5084.4       578.39       0.2036    -0.027216            0            0            0            0            0            0            0            0            0           40         0.11         0.13  
          0          -13            0     -0.23057      0.02807    0.0071418     0.020929   4.1555e-17   -0.0024441   0.00056264   -0.0030067   1.1159e-18  -1.6285e-18  -6.3948e-19  -9.8905e-19      -8.2142      -3.9443            0      -88.973       10.832      -12.146   1.6035e-14      -88.509      -20.768   2.2205e-14      -89.958            0            0            0       49.634      -12.783           50      -6.9411   4.3061e-16     -0.29341  -6.2841e-16      0.11374   7.5862e-17      0.15118      -6.3306      -5016.1       541.58      0.20377    -0.026226            0            0            0            0            0            0            0            0            0           40         0.11         0.13  
          0        -12.5            0     -0.22234     0.025574    0.0061297     0.019444   9.1896e-18    -0.002581   0.00021368   -0.0027946   8.2149e-18   2.3277e-19   9.2434e-21   2.2352e-19      -8.6939      -4.0994            0      -85.794       9.8683      -11.244   3.5461e-15      -85.384      -19.227  -2.1281e-14      -86.726            0            0            0       49.672        -12.3           50      -6.5615   3.1699e-15     -0.30984   8.9819e-17      0.11349  -1.3092e-17      0.15085      -6.1031      -4826.4       493.42      0.20393    -0.025233            0            0            0            0            0            0            0            0            0           40         0.11         0.13  
          0          -12            0     -0.21403     0.023783     0.005778     0.018005  -3.2238e-17   -0.0024552   0.00013466   -0.0025899  -6.7292e-18   1.7554e-18  -1.8487e-20   1.7739e-18      -8.9994      -4.1634            0      -82.589       9.1772      -10.375   -1.244e-14      -82.229      -17.741   2.3818e-14      -83.467            0            0            0       49.694       -12.11           50      -6.3406  -2.5966e-15     -0.29475   6.7737e-16      0.11325   6.0525e-17      0.15053      -5.8737      -4752.1       458.86      0.20409    -0.024239            0            0            0            0            0            0            0            0            0           40         0.11         0.13  
          0        -11.5            0     -0.20566     0.021831     0.005219     0.016612  -1.5879e-17   -0.0024137  -2.1117e-05   -0.0023926   5.6738e-18  -3.2049e-18  -7.7309e-20  -3.1276e-18      -9.4206      -4.2722            0      -79.359        8.424      -9.5402  -6.1271e-15      -79.044      -16.313   2.1738e-14      -80.182            0            0            0       49.721      -11.802           50      -6.0593   2.1894e-15     -0.28976  -1.2367e-15      0.11302  -2.9353e-17      0.15022      -5.6426      -4631.1        421.2      0.20424    -0.023243            0            0            0            0            0            0            0            0            0           40         0.11         0.13  
          0          -11            0     -0.19723     0.020381    0.0051147     0.015267  -1.1623e-17   -0.0022557  -5.3089e-05   -0.0022027   1.5247e-17   2.7839e-18  -5.0419e-20   2.8344e-18      -9.6768      -4.2975            0      -76.105       7.8647      -8.7387  -4.4851e-15      -75.831      -14.943  -1.1051e-14      -76.873            0            0            0       49.735      -11.733           50         -5.9   5.8833e-15      -0.2708   1.0743e-15      0.11279   5.2968e-17      0.14992      -5.4097      -4603.9       393.23      0.20438    -0.022245            0            0            0            0            0            0            0            0            0           40         0.11         0.13  
          0        -10.5            0     -0.18873      0.01877    0.0047994     0.013971  -6.4536e-19   -0.0021382  -0.00011796   -0.0020202   3.6234e-17   -1.323e-17   2.1008e-20  -1.3251e-17      -10.055      -4.3682            0      -72.827       7.2428       -7.971  -2.4903e-16       -72.59       -13.63    1.144e-14      -73.541            0            0            0       49.755      -11.543           50      -5.6796   1.3982e-14     -0.25669  -5.1051e-15      0.11257  -8.5593e-17      0.14963      -5.1752      -4529.3       362.14      0.20452    -0.021246            0            0            0            0            0            0            0            0            0           40         0.11         0.13  
          0          -10            0     -0.18018     0.017221    0.0044965     0.012725   3.7142e-18   -0.0020228  -0.00017741   -0.0018454   2.7596e-17   -7.109e-19   9.7476e-20  -8.0838e-19      -10.462       -4.441            0      -69.526       6.6453      -7.2375   1.4332e-15      -69.323      -12.376   1.8968e-14      -70.186            0            0            0       49.773      -11.353           50      -5.4597   1.0649e-14     -0.24284  -2.7432e-16      0.11236   6.8949e-17      0.14935      -4.9391      -4455.1       332.26      0.20465    -0.020244            0            0            0            0            0            0            0            0            0           40         0.11         0.13  
          0         -9.5            0     -0.17157     0.015757    0.0042268     0.011531  -7.1359e-18   -0.0019026   -0.0002244   -0.0016782   3.0009e-17   1.1953e-18  -2.4369e-19    1.439e-18      -10.888      -4.5099            0      -66.203       6.0804      -6.5383  -2.7536e-15       -66.03       -11.18      1.2e-14       -66.81            0            0            0        49.79       -11.18           50      -5.2476    1.158e-14      -0.2284   4.6125e-16      0.11215   6.1733e-17      0.14907      -4.7016      -4387.1       304.02      0.20477    -0.019242            0            0            0            0            0            0            0            0            0           40         0.11         0.13  
          0           -9            0      -0.1629     0.014422    0.0040331     0.010389   2.8856e-18   -0.0017651  -0.00024652   -0.0015186   9.6804e-18   3.9293e-18   1.1344e-19   3.8158e-18      -11.295      -4.5588            0      -62.859       5.5653      -5.8737   1.1135e-15      -62.713      -10.044   1.8169e-14      -63.413            0            0            0       49.805       -11.06           50      -5.0595   3.7354e-15      -0.2119   1.5162e-15      0.11196  -4.6075e-17      0.14881      -4.4625        -4340       278.26      0.20488    -0.018238            0            0            0            0            0            0            0            0            0           40         0.11         0.13  
          0         -8.5            0     -0.15418     0.013209    0.0039067    0.0093022   5.7158e-18   -0.0016165  -0.00024975   -0.0013667   1.3579e-18    2.973e-18  -9.2434e-21   2.9823e-18      -11.673      -4.5834            0      -59.495        5.097      -5.2439   2.2056e-15      -59.372      -8.9667   7.4034e-15      -59.998            0            0            0       49.818      -11.001           50      -4.8966     5.24e-16     -0.19406   1.1472e-15      0.11176   -5.836e-17      0.14856      -4.2222      -4316.7       254.85      0.20499    -0.017232            0            0            0            0            0            0            0            0            0           40         0.11         0.13  
          0           -8            0     -0.14541     0.012056    0.0037862      0.00827   3.5293e-20   -0.0014753  -0.00025275   -0.0012226   1.5845e-17    4.536e-18   1.4537e-19   4.3906e-18      -12.061      -4.5993            0      -56.111       4.6522       -4.649   1.3619e-17      -56.009      -7.9495  -1.2311e-14      -56.564            0            0            0       49.829      -10.963           50      -4.7396   6.1141e-15     -0.17712   1.7503e-15      0.11158    8.377e-17      0.14831      -3.9805      -4301.8       232.61      0.20509    -0.016225            0            0            0            0            0            0            0            0            0           40         0.11         0.13  
          0         -7.5            0     -0.13659     0.011045     0.003751    0.0072941  -1.7561e-17   -0.0013331   -0.0002468   -0.0010863   1.0601e-17    1.068e-18   1.6722e-19   9.0081e-19      -12.367      -4.5706            0      -52.708        4.262      -4.0893  -6.7763e-15      -52.624      -6.9924   7.9222e-15      -53.112            0            0            0       49.837      -11.032           50      -4.6229   4.0908e-15     -0.16004   4.1213e-16       0.1114   5.0692e-18      0.14808      -3.7376      -4328.8        213.1      0.20518    -0.015217            0            0            0            0            0            0            0            0            0           40         0.11         0.13  
          0           -7            0     -0.12773     0.010028    0.0036529    0.0063754  -9.8728e-18   -0.0012044  -0.00024659  -0.00095781   1.1186e-17   3.7217e-18   1.3697e-19   3.5848e-18      -12.737       -4.552            0      -49.287       3.8697      -3.5648  -3.8097e-15       -49.22      -6.0956   -1.608e-14      -49.645            0            0            0       49.847      -11.077           50      -4.4892   4.3165e-15     -0.14459   1.4361e-15      0.11124  -8.2736e-17      0.14785      -3.4936      -4346.5       193.48      0.20527    -0.014208            0            0            0            0            0            0            0            0            0           40         0.11         0.13  
          0         -6.5            0     -0.11882    0.0090614    0.0035464     0.005515   3.1049e-18   -0.0010848  -0.00024762  -0.00083722  -1.1163e-17  -2.3285e-18   1.5126e-19  -2.4798e-18      -13.113      -4.5199            0      -45.849       3.4966      -3.0759   1.1981e-15      -45.795      -5.2595   1.5022e-14      -46.162            0            0            0       49.855      -11.155           50      -4.3611  -4.3074e-15     -0.13024  -8.9851e-16      0.11107   9.8049e-17      0.14764      -3.2485      -4377.3       174.83      0.20534    -0.013198            0            0            0            0            0            0            0            0            0           40         0.11         0.13  
          0           -6            0     -0.10987    0.0081543    0.0034406    0.0047138   4.3436e-18  -0.00097353  -0.00024898  -0.00072454   1.4732e-17  -1.1159e-18   8.6552e-20  -1.2025e-18      -13.473      -4.4659            0      -42.395       3.1465      -2.6225   1.6761e-15      -42.353      -4.4843   1.3121e-14      -42.666            0            0            0       49.863       -11.29           50      -4.2447   5.6848e-15     -0.11687  -4.3061e-16      0.11092  -7.2354e-17      0.14743      -3.0025      -4430.2       157.33      0.20541    -0.012186            0            0            0            0            0            0            0            0            0           40         0.11         0.13  
          0         -5.5            0     -0.10088    0.0073073    0.0033347    0.0039726  -6.4074e-18  -0.00087007  -0.00025025  -0.00061982  -1.3247e-17   2.5671e-19   1.2689e-19   1.2983e-19      -13.805      -4.3845            0      -38.925       2.8197      -2.2049  -2.4724e-15      -38.893      -3.7703  -1.2508e-14      -39.156            0            0            0       49.869        -11.5           50      -4.1432  -5.1116e-15     -0.10445    9.906e-17      0.11077  -8.4968e-18      0.14724      -2.7555      -4512.6       140.99      0.20547    -0.011174            0            0            0            0            0            0            0            0            0           40         0.11         0.13  
          0           -5            0    -0.091846    0.0065256    0.0032331    0.0032925   8.9048e-18  -0.00077424  -0.00025116  -0.00052308  -1.4245e-17   8.8569e-19   1.1428e-19   7.7141e-19      -14.075      -4.2655            0      -35.441       2.5181      -1.8232   3.4361e-15      -35.417      -3.1176   2.3917e-15      -35.634            0            0            0       49.874      -11.821           50       -4.064  -5.4968e-15    -0.092948   3.4176e-16      0.11063   -9.839e-17      0.14705      -2.5077      -4638.5        125.9      0.20551    -0.010161            0            0            0            0            0            0            0            0            0           40         0.11         0.13  
          0         -4.5            0    -0.082781    0.0058072    0.0031331    0.0026742   1.4819e-17  -0.00068691  -0.00025256  -0.00043435   6.8233e-19   1.3923e-18   9.6636e-20   1.2957e-18      -14.255      -4.1014            0      -31.943       2.2409      -1.4775   5.7182e-15      -31.926      -2.5265  -1.1466e-15      -32.102            0            0            0       49.877      -12.294           50      -4.0128   2.6329e-16    -0.082463   5.3725e-16       0.1105  -8.9187e-17      0.14687      -2.2591        -4824       112.04      0.20555    -0.009147            0            0            0            0            0            0            0            0            0           40         0.11         0.13  
          0           -4            0    -0.073684    0.0051541    0.0030358    0.0021184   4.3427e-18  -0.00060827  -0.00025461  -0.00035366   7.6132e-18    3.532e-18  -4.4536e-20   3.5766e-18      -14.296      -3.8806            0      -28.433       1.9888      -1.1679   1.6757e-15       -28.42      -1.9971   -1.847e-15       -28.56            0            0            0       49.878      -12.993           50      -4.0013   2.9377e-15    -0.073022   1.3629e-15      0.11037  -7.6728e-17       0.1467      -2.0098      -5098.5       99.442      0.20559   -0.0081324            0            0            0            0            0            0            0            0            0           40         0.11         0.13  
          0         -3.5            0    -0.064555    0.0045702    0.0029444    0.0016258   2.2212e-18  -0.00053853  -0.00025749  -0.00028103   2.1613e-18   1.9144e-18   7.8149e-20   1.8363e-18      -14.125      -3.5889            0       -24.91       1.7635     -0.89454   8.5709e-16      -24.902      -1.5296  -5.1492e-15      -25.009            0            0            0       49.875      -14.049           50      -4.0495   8.3398e-16     -0.06465   7.3873e-16      0.11025   5.5973e-17      0.14654      -1.7599      -5512.9       88.176      0.20561   -0.0071172            0            0            0            0            0            0            0            0            0           40         0.11         0.13  
          0           -3            0    -0.055399    0.0042197    0.0030225    0.0011973   3.1436e-18  -0.00045927  -0.00024277   -0.0002165  -1.2302e-18   3.3849e-19   1.3109e-19    2.074e-19      -13.128        -3.09            0      -21.377       1.6283     -0.65743    1.213e-15      -21.372      -1.1242   1.9793e-15       -21.45            0            0            0       49.856      -16.317           50      -4.3558  -4.7471e-16    -0.055135   1.3061e-16      0.11014  -1.1922e-16      0.14639      -1.5095      -6402.9       81.415      0.20562   -0.0061015            0            0            0            0            0            0            0            0            0           40         0.11         0.13  
          0         -2.5            0    -0.046216    0.0037632      0.00293   0.00083324   4.2598e-18  -0.00040683  -0.00024677  -0.00016006  -5.4015e-18   6.8659e-19   4.7057e-20   6.3953e-19      -12.281      -2.6402            0      -17.834       1.4521     -0.45668   1.6438e-15      -17.831     -0.78089   4.3943e-15      -17.885            0            0            0       49.835      -19.098           50      -4.6551  -2.0843e-15     -0.04884   2.6494e-16      0.11003  -6.6365e-18      0.14625      -1.2586      -7493.9       72.607      0.20562   -0.0050853            0            0            0            0            0            0            0            0            0           40         0.11         0.13  
          0           -2            0     -0.03701    0.0033714    0.0028371   0.00053437   6.2414e-19  -0.00036244  -0.00025069  -0.00011175  -8.3695e-19    7.943e-19   7.2267e-20   7.2204e-19      -10.978      -2.1119            0      -14.281        1.301     -0.29234   2.4084e-16       -14.28     -0.49988  -1.4185e-14      -14.315            0            0            0       49.794      -23.875           50       -5.205  -3.2296e-16    -0.043511    3.065e-16      0.10993   1.3609e-16      0.14612      -1.0074      -9368.5       65.048      0.20562   -0.0040687            0            0            0            0            0            0            0            0            0           40         0.11         0.13  
          0         -1.5            0    -0.027783    0.0030455    0.0027443   0.00030116  -2.0351e-18    -0.000326  -0.00025442   -7.158e-05  -2.4982e-18   7.5362e-19   1.0504e-19   6.4858e-19      -9.1228      -1.5206            0      -10.721       1.1752     -0.16447  -7.8528e-16       -10.72     -0.28123   1.5305e-16       -10.74            0            0            0       49.702      -33.158           50      -6.2555  -9.6401e-16    -0.039136    2.908e-16      0.10984  -5.6831e-17        0.146     -0.75579       -13011       58.758       0.2056   -0.0030518            0            0            0            0            0            0            0            0            0           40         0.11         0.13  
          0           -1            0    -0.018538    0.0027922    0.0026581   0.00013409   1.1969e-19  -0.00029624  -0.00025668  -3.9558e-05   1.5445e-18   2.5072e-19   6.0502e-20   1.9022e-19       -6.639     -0.90392            0      -7.1532       1.0774    -0.073107   4.6186e-17       -7.153     -0.12501  -1.4345e-15      -7.1617            0            0            0       49.442       -55.78           50      -8.5658   5.9598e-16    -0.035563   9.6747e-17      0.10976    1.662e-16      0.14589     -0.50399       -21888       53.872      0.20557   -0.0020347            0            0            0            0            0            0            0            0            0           40         0.11         0.13  
          0         -0.5            0   -0.0092757    0.0026052    0.0025717   3.3578e-05   4.9467e-19  -0.00027456  -0.00025886  -1.5695e-05  -9.0543e-19   2.0519e-19   3.4453e-20   1.7074e-19      -3.5604      -0.3429            0      -3.5793       1.0053    -0.018278   1.9088e-16      -3.5792    -0.031255  -7.5876e-17      -3.5814            0            0            0       48.137      -147.04           50      -15.688  -3.4938e-16    -0.032961   7.9179e-17      0.10968   1.1428e-16      0.14579     -0.25203       -57699       50.265      0.20554   -0.0010174            0            0            0            0            0            0            0            0            0           40         0.11         0.13  
          0            0            0   2.2015e-17    0.0027691    0.0027691   4.4683e-34    1.436e-18  -0.00023073  -0.00023073  -1.7402e-17  -2.3078e-19   1.3661e-19   7.8989e-20   5.7616e-20   7.9502e-15   3.7302e-23            0   8.4948e-15       1.0685   1.7242e-31   5.5412e-16   8.4948e-15            0   5.5412e-16   8.4948e-15            0            0            0   4.0274e-13   1.3517e+24           50            0   -8.905e-17    -0.027699   5.2713e-17      0.35592    -0.012091     0.093339   4.0324e-16   5.3041e+26       53.426            0   7.8355e-18            0            0            0            0            0            0            0            0            0           40         0.11         0.13  
          0          0.5            0     0.009287    0.0026184    0.0025847   3.3676e-05   1.2884e-18  -0.00025093  -0.00025846   7.5234e-06  -2.7982e-19   1.2471e-19   6.3023e-20   6.1684e-20       3.5468      0.34181       10.377       3.5836       1.0104    -0.018278   4.9718e-16       3.5836    -0.031255   1.4329e-15       3.5814            0            0            0       48.124       147.51           50       15.745  -1.0798e-16    -0.030125   4.8121e-17      0.10955  -7.2454e-17      0.14561      0.25203        57884       50.518      0.20543    0.0010174            0            0            0            0            0            0            0            0            0           40         0.11         0.13  
          0            1            0     0.018583    0.0028045    0.0026696   0.00013488   1.2951e-18  -0.00025072  -0.00025759   6.8727e-06  -3.5965e-18  -1.6491e-20    5.378e-20  -7.0271e-20       6.6262      0.90327       7.3357       7.1706       1.0822    -0.073107   4.9976e-16       7.1705     -0.12501   7.8573e-15       7.1617            0            0            0        49.44       55.821           50       8.5822  -1.3878e-15    -0.030099  -6.3635e-18      0.10949   1.0446e-16      0.14554      0.50399        21904       54.109      0.20537    0.0020347            0            0            0            0            0            0            0            0            0           40         0.11         0.13  
          0          1.5            0     0.027885    0.0030586    0.0027548   0.00030382   2.5654e-18  -0.00025877  -0.00025682  -1.9519e-06  -1.0827e-17  -4.7057e-20   3.0251e-20  -7.7309e-20       9.1168       1.5224       5.9885        10.76       1.1803     -0.16447   9.8993e-16       10.759     -0.28123   9.5915e-16        10.74            0            0            0       49.702        33.12           50       6.2596  -4.1777e-15    -0.031065  -1.8158e-17      0.10944   5.6051e-18      0.14547      0.75579        12996       59.013      0.20529    0.0030518            0            0            0            0            0            0            0            0            0           40         0.11         0.13  
          0            2            0     0.037191    0.0033887     0.002848   0.00054068  -2.5029e-18  -0.00027377  -0.00025482  -1.8948e-05  -6.3948e-18  -4.9368e-21   1.1176e-19   -1.167e-19       10.975       2.1166       5.1854       14.351       1.3076     -0.29234  -9.6579e-16        14.35     -0.49988  -7.6479e-15       14.315            0            0            0       49.794       23.822           50       5.2061  -2.4676e-15    -0.032866   -1.905e-18       0.1094  -1.3044e-16      0.14541       1.0074       9347.8        65.38      0.20521    0.0040687            0            0            0            0            0            0            0            0            0           40         0.11         0.13  
          0          2.5            0     0.046498    0.0037874    0.0029418   0.00084556  -2.4075e-19  -0.00029697  -0.00025286   -4.411e-05   7.5292e-19  -2.4506e-19   4.4536e-20  -2.8959e-19       12.277       2.6474       4.6375       17.943       1.4615     -0.45668  -9.2899e-17        17.94     -0.78089  -6.2257e-16       17.885            0            0            0       49.835       19.046           50       4.6566   2.9053e-16    -0.035652  -9.4561e-17      0.10936  -3.3397e-17      0.14537       1.2586       7473.5       73.073      0.20511    0.0050853            0            0            0            0            0            0            0            0            0           40         0.11         0.13  
          0            3            0     0.055805    0.0042547    0.0030361    0.0012185   5.3196e-18  -0.00032852  -0.00025109   -7.743e-05  -9.6636e-19    -6.67e-20   1.8487e-19  -2.5157e-19       13.116       3.0984       4.2332       21.534       1.6418     -0.65743   2.0527e-15       21.529      -1.1242   2.3852e-15        21.45            0            0            0       49.855       16.273           50       4.3599  -3.7289e-16    -0.039439  -2.5738e-17      0.10934   -1.944e-16      0.14533       1.5095       6385.6       82.088        0.205    0.0061015            0            0            0            0            0            0            0            0            0           40         0.11         0.13  
          0          3.5            0     0.065107    0.0046338    0.0029742    0.0016596     8.11e-18  -0.00038451  -0.00026561   -0.0001189   5.6939e-18  -1.1281e-19   1.3361e-19  -2.4642e-19       14.051       3.5852       3.9191       25.123       1.7881     -0.89454   3.1295e-15       25.116      -1.5296  -2.9857e-14       25.009            0            0            0       49.874       14.064           50        4.071   2.1972e-15     -0.04616  -4.3531e-17      0.10932  -6.3035e-17       0.1453       1.7599       5518.6       89.403      0.20488    0.0071172            0            0            0            0            0            0            0            0            0           40         0.11         0.13  
          0            4            0     0.074404    0.0052394    0.0030707    0.0021687   8.7392e-19  -0.00043365  -0.00026515   -0.0001685  -3.4419e-18    1.021e-19   1.2016e-19  -1.8067e-20       14.201       3.8736       3.6661       28.711       2.0218      -1.1679   3.3722e-16       28.699      -1.9971   1.2406e-14        28.56            0            0            0       49.876       13.017           50        4.028  -1.3281e-15     -0.05206   3.9397e-17       0.1093  -6.2116e-18      0.14528       2.0098       5107.7       101.09      0.20476    0.0081324            0            0            0            0            0            0            0            0            0           40         0.11         0.13  
          0          4.5            0     0.083692    0.0059192    0.0031733    0.0027458  -5.1872e-18  -0.00049195  -0.00026573  -0.00022623   3.4789e-18  -7.4157e-19   6.3023e-20   -8.046e-19       14.139       4.0904       3.4567       32.295       2.2841      -1.4775  -2.0016e-15       32.278      -2.5265   6.1193e-15       32.102            0            0            0       49.875       12.327           50       4.0456   1.3424e-15    -0.059059  -2.8615e-16      0.10929   6.6388e-17      0.14527       2.2591         4837        114.2      0.20462     0.009147            0            0            0            0            0            0            0            0            0           40         0.11         0.13  
          0            5            0     0.092969    0.0066703    0.0032795    0.0033908   7.1477e-18  -0.00055919  -0.00026714  -0.00029206  -2.3122e-17  -1.7478e-19   6.8905e-20  -2.4369e-19       13.938       4.2497       3.2797       35.874       2.5739      -1.8232   2.7581e-15       35.852      -3.1176  -1.8345e-14       35.634            0            0            0       49.872       11.864           50       4.1038  -8.9222e-15    -0.067131  -6.7445e-17      0.10929  -7.7732e-19      0.14527       2.5077       4655.6       128.69      0.20447     0.010161            0            0            0            0            0            0            0            0            0           40         0.11         0.13  
          0          5.5            0      0.10223    0.0074922    0.0033889    0.0041033    1.309e-17  -0.00063477   -0.0002688  -0.00036597  -1.3311e-18  -1.9924e-18   9.1594e-20   -2.084e-18       13.645       4.3629       3.1276       39.449       2.8911      -2.2049   5.0509e-15       39.419      -3.7703   3.2796e-14       39.156            0            0            0       49.866       11.557           50       4.1915  -5.1362e-16    -0.076204  -7.6881e-16       0.1093  -3.1761e-17      0.14528       2.7555       4534.9       144.55      0.20431     0.011174            0            0            0            0            0            0            0            0            0           40         0.11         0.13  
          0            6            0      0.11148    0.0083864    0.0035032    0.0048833   1.9522e-17  -0.00071814   -0.0002702  -0.00044794   2.0638e-18   3.6806e-19   7.3107e-20   2.9495e-19       13.293       4.4383        2.995       43.017       3.2361      -2.6225   7.5331e-15       42.978      -4.4843  -1.0973e-14       42.666            0            0            0       49.859        11.36           50       4.3022   7.9637e-16    -0.086213   1.4202e-16      0.10931  -1.6523e-17       0.1453       3.0025       4457.8       161.81      0.20414     0.012186            0            0            0            0            0            0            0            0            0           40         0.11         0.13  
          0          6.5            0      0.12071    0.0093495    0.0036192    0.0057303  -1.3781e-17  -0.00080952  -0.00027157  -0.00053794  -4.6284e-18   1.4609e-18   1.7899e-19   1.2819e-18       12.911       4.4856       2.8783       46.578       3.6077      -3.0759  -5.3178e-15       46.529      -5.2595  -7.3074e-15       46.162            0            0            0       49.851       11.241           50        4.429   -1.786e-15    -0.097183   5.6372e-16      0.10933  -2.4421e-17      0.14533       3.2485       4410.8       180.39      0.20396     0.013198            0            0            0            0            0            0            0            0            0           40         0.11         0.13  
          0            7            0      0.12992     0.010382    0.0037376     0.006644   4.8267e-18  -0.00090867  -0.00027271  -0.00063596   1.5798e-17   9.7434e-19   1.8655e-19   7.8779e-19       12.514       4.5106       2.7744       50.131        4.006      -3.5648   1.8625e-15        50.07      -6.0956   2.6483e-14       49.645            0            0            0       49.841       11.178           50       4.5688    6.096e-15     -0.10909   3.7597e-16      0.10936  -3.4545e-16      0.14536       3.4936       4386.4        200.3      0.20377     0.014208            0            0            0            0            0            0            0            0            0           40         0.11         0.13  
          0          7.5            0       0.1391     0.011417    0.0037927    0.0076241   -1.326e-18   -0.0010214  -0.00027942  -0.00074195    3.778e-18  -1.6121e-18   1.3277e-19  -1.7449e-18       12.184       4.5441       2.6812       53.675       4.4055      -4.0893  -5.1167e-16         53.6      -6.9924   3.1881e-15       53.112            0            0            0       49.832       11.096           50       4.6921   1.4578e-15     -0.12262  -6.2208e-16       0.1094   2.7668e-17      0.14541       3.7376         4354       220.27      0.20357     0.015217            0            0            0            0            0            0            0            0            0           40         0.11         0.13  
          0            8            0      0.14826     0.012606    0.0039356    0.0086701  -1.6813e-17   -0.0011321  -0.00027625  -0.00085589  -1.4023e-17  -1.5294e-18   1.5966e-19   -1.689e-18       11.761       4.5286       2.5971       57.209       4.8642       -4.649  -6.4877e-15       57.118      -7.9495   2.2327e-14       56.564            0            0            0        49.82       11.134           50       4.8599  -5.4112e-15     -0.13591  -5.9014e-16      0.10944  -8.2479e-17      0.14547       3.9805       4368.9       243.21      0.20336     0.016225            0            0            0            0            0            0            0            0            0           40         0.11         0.13  
          0          8.5            0      0.15739     0.017333    0.0075517    0.0097814   1.3825e-17  -0.00028052   0.00069722  -0.00097774  -2.3038e-17  -9.4115e-20  -8.3443e-19   7.4031e-19       9.0802       3.6023       2.5207       60.732       6.6884      -5.2439   5.3346e-15       60.623      -8.9667   2.3697e-14       59.998            0            0            0         49.7       13.997           50       6.2846  -8.8898e-15    -0.033676  -3.6317e-17      0.10949   4.8201e-17      0.14553       4.2222       5492.3       334.42      0.20314     0.017232            0            0            0            0            0            0            0            0            0           40         0.11         0.13  
          0            9            0      0.16649     0.020546    0.0095887     0.010958  -8.0317e-18   0.00020725    0.0013147   -0.0011075  -3.2073e-17  -1.8571e-18  -9.6888e-19  -8.8821e-19       8.1031       3.3063       2.4508       64.244       7.9283      -5.8737  -3.0992e-15       64.114      -10.044  -3.8444e-15       63.413            0            0            0       49.624        15.25           50       7.0353  -1.2376e-14      0.02488   -7.166e-16      0.10954  -8.7035e-17       0.1456       4.4625       5984.1       396.41      0.20291     0.018238            0            0            0            0            0            0            0            0            0           40         0.11         0.13  
          0          9.5            0      0.17555     0.023948      0.01175     0.012198    1.308e-17   0.00076785    0.0020129    -0.001245   2.7092e-18  -4.2016e-19  -8.0502e-19   3.8486e-19       7.3307       3.0715       2.3867       67.742       9.2409      -6.5383   5.0474e-15        67.59       -11.18  -3.5128e-14        66.81            0            0            0       49.541       16.416           50       7.7679   1.0454e-15      0.09218  -1.6213e-16      0.10961   1.1011e-16      0.14569       4.7016       6441.5       462.04      0.20267     0.019242            0            0            0            0            0            0            0            0            0           40         0.11         0.13  
          0           10            0      0.18459     0.027391     0.013889     0.013502  -3.9831e-18     0.001353    0.0027434   -0.0013904   9.9493e-19  -4.5259e-18  -1.4226e-18  -3.1033e-18       6.7388       2.8952       2.3276       71.227        10.57      -7.2375   -1.537e-15       71.049      -12.376   3.2778e-14       70.186            0            0            0       49.458       17.415           50       8.4407   3.8392e-16      0.16243  -1.7464e-15      0.10968   1.0369e-16      0.14578       4.9391       6833.7       528.48      0.20242     0.020244            0            0            0            0            0            0            0            0            0           40         0.11         0.13  
          0         10.5            0      0.19358     0.029508     0.014639     0.014869   1.8554e-17    0.0013972    0.0029407   -0.0015435   1.2242e-17   -1.268e-18  -1.0277e-18  -2.4033e-19       6.5602       2.8863       2.2729       74.697       11.386       -7.971   7.1595e-15       74.492       -13.63  -3.8018e-14       73.541            0            0            0       49.429       17.469           50       8.6671   4.7237e-15      0.16774   -4.893e-16      0.10975  -1.0757e-16      0.14588       5.1752       6854.8       569.32      0.20216     0.021246            0            0            0            0            0            0            0            0            0           40         0.11         0.13  
          0           11            0      0.20253     0.032017     0.015719     0.016298  -3.9064e-17    0.0015643    0.0032686   -0.0017043  -2.4873e-19  -3.7461e-18  -1.4899e-18  -2.2562e-18       6.3257       2.8468       2.2221       78.152       12.355      -8.7387  -1.5074e-14       77.916      -14.943   6.0441e-15       76.873            0            0            0       49.387       17.712           50       8.9833  -9.5979e-17       0.1878  -1.4455e-15      0.10984  -8.7296e-18      0.14599       5.4097         6950       617.73      0.20189     0.022245            0            0            0            0            0            0            0            0            0           40         0.11         0.13  
          0         11.5            0      0.21144      0.03546     0.017672     0.017788   1.8154e-17    0.0020689    0.0039417   -0.0018727   2.7925e-17   5.2284e-18  -1.4958e-18   6.7242e-18       5.9628       2.7419       2.1747        81.59       13.683      -9.5402   7.0052e-15        81.32      -16.313  -1.5974e-14       80.182            0            0            0       49.311       18.389           50       9.5203   1.0776e-14      0.24838   2.0175e-15      0.10993    -2.12e-16      0.14611       5.6426         7216       684.16      0.20161     0.023243            0            0            0            0            0            0            0            0            0           40         0.11         0.13  
          0           12            0      0.22031      0.03795     0.018611     0.019339  -2.3606e-17    0.0021313    0.0041801   -0.0020488  -1.2658e-17   4.0612e-18  -8.5964e-19   4.9209e-18       5.8052       2.7248       2.1305        85.01       14.644      -10.375   -9.109e-15       84.704      -17.741  -7.2685e-15       83.467            0            0            0       49.274       18.505           50       9.7738  -4.8846e-15      0.25587   1.5671e-15      0.11002  -2.5602e-17      0.14624       5.8737       7261.2       732.19      0.20131     0.024239            0            0            0            0            0            0            0            0            0           40         0.11         0.13  
          0         12.5            0      0.22912     0.040499      0.01955     0.020949   4.8402e-18    0.0021843    0.0044167   -0.0022324   2.4073e-17   4.5873e-18  -1.6126e-18   6.1998e-18       5.6575       2.7081       2.0891       88.413       15.628      -11.244   1.8677e-15       88.067      -19.227  -2.7901e-14       86.726            0            0            0       49.237       18.619           50       10.024   9.2893e-15      0.26223   1.7701e-15      0.11013   1.8778e-18      0.14638       6.1031         7306       781.38      0.20101     0.025233            0            0            0            0            0            0            0            0            0           40         0.11         0.13  
          0           13            0      0.23789     0.043097      0.02048     0.022618   2.8954e-17    0.0022236    0.0046471   -0.0024235  -2.1929e-17   1.2352e-17  -1.2193e-18   1.3571e-17       5.5199       2.6923       2.0503       91.797        16.63      -12.146   1.1173e-14       91.407      -20.768   8.5811e-15       89.958            0            0            0       49.199       18.728           50       10.269  -8.4618e-15      0.26694   4.7662e-15      0.11024  -6.6238e-17      0.14653       6.3306       7348.9       831.51      0.20071     0.026226            0            0            0            0            0            0            0            0            0           40         0.11         0.13  
          0         13.5            0      0.24661     0.047046     0.022702     0.024345  -1.5058e-17     0.002833     0.005455    -0.002622   9.1022e-18    -8.23e-18  -1.9411e-18  -6.2889e-18       5.2418       2.6031       2.0137        95.16       18.154       -13.08  -5.8106e-15       94.724      -22.367  -3.9274e-15       93.163            0            0            0       49.114        19.37           50       10.801   3.5123e-15       0.3401  -3.1758e-15      0.11036   5.1166e-17      0.14669       6.5561       7600.7        907.7      0.20039     0.027216            0            0            0            0            0            0            0            0            0           40         0.11         0.13  
          0           14            0      0.25527     0.049795     0.023667     0.026128  -4.8936e-17     0.002874    0.0057019   -0.0028279    7.146e-18   7.9334e-18  -1.3016e-18    9.235e-18       5.1265       2.5901       1.9792       98.503       19.215      -14.047  -1.8883e-14       98.016       -24.02  -4.7139e-14        96.34            0            0            0       49.075       19.467           50       11.038   2.7575e-15      0.34502   3.0613e-15      0.11049   1.0663e-16      0.14686       6.7797       7638.7       960.73      0.20006     0.028204            0            0            0            0            0            0            0            0            0           40         0.11         0.13  
          0         14.5            0      0.26388     0.052588     0.024621     0.027967   1.2665e-17    0.0029025    0.0059437   -0.0030411  -2.2399e-17   4.2074e-18  -1.8058e-18   6.0133e-18       5.0179       2.5776       1.9467       101.82       20.292      -15.047   4.8872e-15       101.28      -25.729   2.2936e-14       99.488            0            0            0       49.036       19.561           50       11.271  -8.6433e-15      0.34845   1.6235e-15      0.11062  -1.0521e-17      0.14703       7.0012       7675.7       1014.6      0.19972      0.02919            0            0            0            0            0            0            0            0            0           40         0.11         0.13  
          0           15            0      0.27243     0.055429     0.025569      0.02986   3.6597e-17    0.0029185    0.0061801   -0.0032616  -3.8439e-17   5.6435e-18  -2.1898e-18   7.8334e-18       4.9149       2.5653       1.9159       105.12       21.389      -16.078   1.4122e-14       104.52      -27.493  -1.2773e-14       102.61            0            0            0       48.996       19.655           50       11.501  -1.4833e-14      0.35036   2.1777e-15      0.11076  -6.9735e-17      0.14722       7.2206       7712.6       1069.4      0.19937     0.030174            0            0            0            0            0            0            0            0            0           40         0.11         0.13  
          0         15.5            0      0.28092     0.058308     0.026502     0.031806   1.4312e-17    0.0029209    0.0064101   -0.0034892   -3.534e-17    9.109e-19  -2.4806e-18   3.3915e-18       4.8178       2.5535       1.8867        108.4         22.5      -17.141   5.5227e-15       107.74      -29.311  -1.1839e-14       105.69            0            0            0       48.957       19.746           50       11.726  -1.3637e-14      0.35065   3.5149e-16      0.11091   8.2369e-17      0.14742       7.4377       7748.3         1125      0.19902     0.031156            0            0            0            0            0            0            0            0            0           40         0.11         0.13  
          0           16            0      0.28934     0.061233     0.027428     0.033805    8.188e-18    0.0029109    0.0066348    -0.003724  -2.7562e-19  -2.7932e-18  -2.8453e-18   5.2099e-20       4.7253       2.5417       1.8591       111.65       23.628      -18.236   3.1595e-15       110.92      -31.182   2.3616e-14       108.74            0            0            0       48.917       19.837           50       11.949  -1.0636e-16      0.34945  -1.0778e-15      0.11106  -4.0891e-17      0.14762       7.6526       7784.1       1181.4      0.19865     0.032135            0            0            0            0            0            0            0            0            0           40         0.11         0.13  
          0         16.5            0       0.2977     0.064202     0.028347     0.035854  -9.0216e-18    0.0028889    0.0068546   -0.0039657  -4.2755e-18   2.1604e-18  -1.3638e-18   3.5243e-18        4.637       2.5301       1.8328       114.88       24.774      -19.361  -3.4812e-15       114.08      -33.106  -1.6332e-14       111.77            0            0            0       48.876       19.929           50        12.17  -1.6498e-15      0.34681   8.3366e-16      0.11122  -1.0557e-16      0.14784       7.8652         7820       1238.7      0.19828     0.033111            0            0            0            0            0            0            0            0            0           40         0.11         0.13  
          0           17            0        0.306     0.067254     0.029301     0.037953   1.7707e-17    0.0028612    0.0070756   -0.0042145  -1.1643e-17  -1.1277e-18  -3.3091e-18   2.1814e-18       4.5499       2.5169       1.8078       118.08       25.952      -20.517   6.8327e-15        117.2      -35.083   -9.131e-15       114.75            0            0            0       48.834       20.033           50       12.396  -4.4929e-15      0.34348  -4.3515e-16      0.11139   1.4607e-16      0.14806       8.0754         7861       1297.6       0.1979     0.034086            0            0            0            0            0            0            0            0            0           40         0.11         0.13  
          0         17.5            0      0.31423     0.070366     0.030266       0.0401  -4.4476e-17    0.0028234    0.0072935   -0.0044701   6.3729e-18  -6.8477e-18  -1.4932e-18  -5.3545e-18       4.4656       2.5032       1.7839       121.25       27.152      -21.704  -1.7162e-14       120.29      -37.112   4.0752e-14        117.7            0            0            0       48.792       20.142           50       12.622   2.4591e-15      0.33894  -2.6424e-15      0.11157   2.8903e-17      0.14829       8.2831       7903.9       1357.6      0.19751     0.035057            0            0            0            0            0            0            0            0            0           40         0.11         0.13  
          0           18            0      0.32238     0.073521     0.031227     0.042294   1.1374e-17    0.0027739    0.0075065   -0.0047326   1.2907e-18  -7.5006e-18  -3.5343e-18  -3.9663e-18       4.3849       2.4897       1.7612        124.4        28.37       -22.92   4.3891e-15       123.35      -39.192   6.0586e-14       120.62            0            0            0       48.748       20.252           50       12.847   4.9806e-16      0.33301  -2.8943e-15      0.11175   1.2503e-16      0.14854       8.4883       7946.9       1418.5      0.19711     0.036026            0            0            0            0            0            0            0            0            0           40         0.11         0.13  
          0         18.5            0      0.33047     0.076681     0.032147     0.044534  -6.4334e-17    0.0027063     0.007708   -0.0050017   1.9482e-17   5.4452e-19  -3.2604e-18   3.8049e-18       4.3096       2.4774       1.7395       127.52       29.589      -24.166  -2.4825e-14       126.38      -41.322  -5.0594e-14        123.5            0            0            0       48.706       20.352           50       13.064   7.5175e-15      0.32489   2.1012e-16      0.11194   1.8003e-17      0.14879       8.6909       7986.2       1479.5       0.1967     0.036992            0            0            0            0            0            0            0            0            0           40         0.11         0.13  
          0           19            0      0.33848     0.079852     0.033035     0.046817   4.4032e-18    0.0026226    0.0079002   -0.0052776   4.1545e-18    -1.51e-18   -1.752e-18   2.4201e-19       4.2388       2.4661       1.7188       130.61       30.813      -25.441   1.6991e-15       129.38      -43.502  -1.6726e-14       126.34            0            0            0       48.664       20.446           50       13.274   1.6031e-15      0.31485  -5.8269e-16      0.11214   2.7289e-17      0.14905       8.8908         8023       1540.6      0.19629     0.037956            0            0            0            0            0            0            0            0            0           40         0.11         0.13  
          0         19.5            0      0.34641     0.084019     0.034876     0.049143  -3.2019e-17    0.0029595    0.0085195     -0.00556   2.3784e-17   5.9326e-18  -3.3612e-18   9.2938e-18        4.123       2.4266        1.699       133.67       32.421      -26.745  -1.2355e-14       132.33      -45.732   -1.006e-14       129.14            0            0            0       48.591       20.778           50       13.633   9.1777e-15      0.35529   2.2892e-15      0.11234   9.0685e-17      0.14932       9.0881       8153.3         1621      0.19587     0.038916            0            0            0            0            0            0            0            0            0           40         0.11         0.13  
          0           20            0      0.35427     0.087299     0.035789      0.05151  -7.2556e-17    0.0028645    0.0087133   -0.0058488  -6.8421e-17  -3.1831e-18  -2.0167e-18  -1.1664e-18       4.0581       2.4154       1.6801        136.7       33.687      -28.077  -2.7997e-14       135.26       -48.01  -2.1375e-14       131.91            0            0            0       48.548       20.875           50       13.843  -2.6402e-14      0.34388  -1.2283e-15      0.11255  -3.5732e-17      0.14961       9.2826       8191.4       1684.3      0.19544     0.039874            0            0            0            0            0            0            0            0            0           40         0.11         0.13  
