A320-Wing
T1-236.5 m/s-TriUniform-ThinSurf
Freestream speed = 236.519 m/s


 Ctrl        Alpha        Beta         CL           CD           CD_viscous   CD_induced   CY           Cm           Cm_viscous   Cm_pressure  Cl           Cn           Cn_viscous   Cn_pressure  CL/CD        CL^(3/2)/CD  1/sqrt(CL)   Lift_(N)     Drag_(N)     Fx_FF_(N)    Fy_FF_(N)    Fz_FF_(N)    Fx_sum_(N)   Fy_sum_(N)   Fz_sum_(N)   Extra_drag_(N)  Fuse_drag_(N)  Cf_Fuse      Vx_(m/s)     Vz_(m/s)     V_(m/s)      Gamma        L_(N.m)      M_(N.m)      N_(N.m)      CPx_(m)      CPy_(m)      CPz_(m)      BM_(N.m)     m.g.Vz_(W)   Drag_x_V_(W)  Efficiency   XCp.Cl       XNP_(m)      Phugoid_Freq._(Hz)  Phugoid_Damping  Short_Period_Freq._(Hz)  Short_Period_Damping_Ratio  Dutch_Roll_Freq._(Hz)  Dutch_Roll_Damping  Roll_Damping  Spiral_Damping  Mass_(kg)    CoG_x_(m)    CoG_z_(m)    
          0          -20            0      -1.4822       0.0541     0.010032     0.044068   1.4154e-13       1.2258    0.0056749       1.2201  -2.3154e-13   1.2327e-14  -3.3262e-15   1.5654e-14      -27.397      -33.354            0  -1.6873e+06        61589  -5.2996e+05   1.6113e-07  -1.6027e+06        56317   6.7631e-08  -1.2247e+06            0            0            0       236.36            0       236.52      -2.0904  -8.9106e-06   5.7785e+06   4.7442e-07       3.1415   4.9453e-12      0.44598  -5.8455e+06            0   1.4567e+07       1.6956      -4.6562            0            0            0            0            0            0            0            0            0            0            0            0  
          0        -19.5            0      -1.4433     0.051623    0.0097478     0.041876   1.3691e-13       1.1948    0.0054007       1.1894  -2.2646e-13   1.2016e-14  -3.2518e-15   1.5268e-14      -27.959       -33.59            0  -1.6431e+06        58769  -5.0355e+05   1.5586e-07  -1.5648e+06        55217   6.6023e-08  -1.1947e+06            0            0            0       236.37            0       236.52      -2.0484  -8.7153e-06   5.6323e+06   4.6245e-07       3.1553   4.9662e-12      0.44833  -5.7059e+06            0     1.39e+07       1.6921      -4.5542            0            0            0            0            0            0            0            0            0            0            0            0  
          0          -19            0      -1.4044       0.0492    0.0094773     0.039723    1.327e-13       1.1634    0.0051428       1.1582  -2.2073e-13   1.1938e-14  -2.9439e-15   1.4882e-14      -28.544      -33.826            0  -1.5987e+06        56010  -4.7774e+05   1.5107e-07  -1.5264e+06        54097   6.4423e-08  -1.1643e+06            0            0            0       236.37            0       236.52      -2.0065  -8.4946e-06   5.4843e+06   4.5945e-07       3.1684   4.9974e-12      0.45061  -5.5646e+06            0   1.3248e+07       1.6887      -4.4495            0            0            0            0            0            0            0            0            0            0            0            0  
          0        -18.5            0      -1.3652     0.046833     0.009221     0.037612   1.2706e-13       1.1316    0.0049001       1.1267  -2.1507e-13   1.1862e-14  -2.6275e-15   1.4489e-14       -29.15       -34.06            0  -1.5542e+06        53315  -4.5254e+05   1.4464e-07  -1.4874e+06        52958   6.2666e-08  -1.1335e+06            0            0            0       236.38            0       236.52      -1.9647   -8.277e-06   5.3346e+06    4.565e-07       3.1807   5.0254e-12      0.45279  -5.4215e+06            0    1.261e+07       1.6854      -4.3422            0            0            0            0            0            0            0            0            0            0            0            0  
          0          -18            0      -1.3259     0.044513    0.0089701     0.035543   1.2236e-13       1.0995    0.0046673       1.0948  -2.0919e-13   1.1697e-14  -2.3943e-15   1.4091e-14      -29.786      -34.298            0  -1.5094e+06        50674  -4.2794e+05   1.3929e-07   -1.448e+06        51799   6.1116e-08  -1.1024e+06            0            0            0       236.39            0       236.52      -1.9229  -8.0507e-06   5.1832e+06   4.5016e-07       3.1922   5.0435e-12      0.45489  -5.2768e+06            0   1.1985e+07       1.6822      -4.2324            0            0            0            0            0            0            0            0            0            0            0            0  
          0        -17.5            0      -1.2864     0.042243    0.0087243     0.033519   1.1751e-13        1.067    0.0044434       1.0626  -2.0369e-13   1.1518e-14  -2.1744e-15   1.3692e-14      -30.452      -34.538            0  -1.4644e+06        48090  -4.0397e+05   1.3377e-07  -1.4081e+06        50621   5.9393e-08  -1.0709e+06            0            0            0       236.39            0       236.52      -1.8808  -7.8392e-06   5.0301e+06   4.4326e-07       3.2029   5.0749e-12       0.4569  -5.1304e+06            0   1.1374e+07       1.6791      -4.1202            0            0            0            0            0            0            0            0            0            0            0            0  
          0          -17            0      -1.2468     0.040117    0.0085757     0.031541   1.1255e-13       1.0342    0.0042447         1.03   -1.975e-13    1.134e-14   -1.949e-15   1.3289e-14      -31.078      -34.701            0  -1.4193e+06        45670  -3.8063e+05   1.2812e-07  -1.3678e+06        49426   5.7617e-08   -1.039e+06            0            0            0        236.4            0       236.52       -1.843  -7.6007e-06   4.8755e+06   4.3643e-07       3.2127   5.0931e-12      0.45881  -4.9824e+06            0   1.0802e+07       1.6762      -4.0055            0            0            0            0            0            0            0            0            0            0            0            0  
          0        -16.5            0       -1.207     0.037967    0.0083564     0.029611   1.0753e-13       1.0011    0.0040451      0.99706  -1.9152e-13   1.0992e-14  -1.8892e-15   1.2881e-14       -31.79      -34.925            0   -1.374e+06        43223  -3.5793e+05   1.2241e-07   -1.327e+06        48212   5.5836e-08  -1.0068e+06            0            0            0        236.4            0       236.52      -1.8017  -7.3706e-06   4.7193e+06   4.2303e-07       3.2216   5.1205e-12      0.46061  -4.8329e+06            0   1.0223e+07       1.6733      -3.8884            0            0            0            0            0            0            0            0            0            0            0            0  
          0          -16            0       -1.167     0.035874    0.0081438      0.02773   1.0318e-13      0.96764     0.003855      0.96379  -1.8575e-13   1.0778e-14  -1.6918e-15    1.247e-14      -32.532      -35.144            0  -1.3286e+06        40840  -3.3586e+05   1.1747e-07  -1.2858e+06        46980   5.4112e-08  -9.7419e+05            0            0            0       236.41            0       236.52      -1.7607  -7.1487e-06   4.5616e+06    4.148e-07       3.2295   5.1377e-12      0.46232  -4.6819e+06            0   9.6593e+06       1.6705       -3.769            0            0            0            0            0            0            0            0            0            0            0            0  
          0        -15.5            0       -1.127     0.033841    0.0079406       0.0259   9.9121e-14      0.93387    0.0036741       0.9302   -1.797e-13   1.0548e-14  -1.5071e-15   1.2055e-14      -33.302      -35.353            0   -1.283e+06        38525  -3.1444e+05   1.1284e-07  -1.2442e+06        45731   5.2365e-08   -9.413e+05            0            0            0       236.41            0       236.52        -1.72  -6.9156e-06   4.4024e+06   4.0594e-07       3.2364    5.162e-12      0.46391  -4.5294e+06            0   9.1119e+06       1.6679      -3.6473            0            0            0            0            0            0            0            0            0            0            0            0  
          0          -15            0      -1.0868     0.031868    0.0077458     0.024123   9.3975e-14       0.8998    0.0035007       0.8963  -1.7321e-13   1.0323e-14  -1.3141e-15   1.1637e-14      -34.102      -35.551            0  -1.2372e+06        36279  -2.9368e+05   1.0698e-07  -1.2021e+06        44465   5.0607e-08  -9.0809e+05            0            0            0       236.42            0       236.52      -1.6797   -6.666e-06   4.2417e+06   3.9729e-07       3.2421    5.186e-12      0.46539  -4.3755e+06            0   8.5808e+06       1.6653      -3.5235            0            0            0            0            0            0            0            0            0            0            0            0  
          0        -14.5            0      -1.0464     0.029954    0.0075557     0.022399   8.9251e-14      0.86544    0.0033334       0.8621  -1.6744e-13   1.0008e-14   -1.209e-15   1.1217e-14      -34.934      -35.736            0  -1.1913e+06        34100  -2.7359e+05    1.016e-07  -1.1597e+06        43182   4.8752e-08  -8.7456e+05            0            0            0       236.42            0       236.52      -1.6397  -6.4439e-06   4.0797e+06   3.8518e-07       3.2467   5.2026e-12      0.46674  -4.2203e+06            0   8.0654e+06       1.6628      -3.3975            0            0            0            0            0            0            0            0            0            0            0            0  
          0          -14            0       -1.006     0.028093    0.0073637      0.02073   8.5009e-14      0.83079    0.0031686      0.82762  -1.6121e-13      9.6e-15  -1.1931e-15   1.0793e-14      -35.808      -35.915            0  -1.1452e+06        31982  -2.5415e+05   9.6776e-08  -1.1169e+06        41883   4.6953e-08  -8.4074e+05            0            0            0       236.43            0       236.52      -1.5997  -6.2041e-06   3.9164e+06   3.6946e-07         3.25   5.2255e-12      0.46796  -4.0638e+06            0   7.5644e+06       1.6604      -3.2694            0            0            0            0            0            0            0            0            0            0            0            0  
          0        -13.5            0     -0.96538     0.026282    0.0071651     0.019117   8.0497e-14      0.79585    0.0030021      0.79285  -1.5505e-13   9.1614e-15  -1.2077e-15   1.0369e-14      -36.731       -36.09            0   -1.099e+06        29920   -2.354e+05   9.1639e-08  -1.0737e+06        40569   4.5095e-08  -8.0663e+05            0            0            0       236.43            0       236.52      -1.5595  -5.9672e-06   3.7517e+06   3.5257e-07       3.2518   5.2372e-12      0.46903   -3.906e+06            0   7.0767e+06       1.6581      -3.1393            0            0            0            0            0            0            0            0            0            0            0            0  
          0          -13            0     -0.92468     0.024535    0.0069726     0.017563   7.5883e-14      0.76066    0.0028417      0.75782  -1.4871e-13   8.7314e-15  -1.2061e-15   9.9375e-15      -37.688      -36.241            0  -1.0527e+06        27931  -2.1732e+05   8.6386e-08  -1.0302e+06        39239   4.3277e-08  -7.7224e+05            0            0            0       236.44            0       236.52      -1.5199  -5.7231e-06   3.5858e+06   3.3603e-07       3.2522   5.2573e-12      0.46996   -3.747e+06            0   6.6063e+06       1.6559      -3.0072            0            0            0            0            0            0            0            0            0            0            0            0  
          0        -12.5            0     -0.88386     0.022874    0.0068071     0.016067   7.2203e-14      0.72522    0.0026997      0.72253  -1.4207e-13   8.5452e-15  -9.6316e-16   9.5084e-15       -38.64      -36.327            0  -1.0062e+06        26040  -1.9992e+05   8.2197e-08  -9.8631e+05        37894   4.1424e-08  -7.3758e+05            0            0            0       236.44            0       236.52      -1.4825  -5.4674e-06   3.4188e+06   3.2886e-07       3.2508   5.2774e-12      0.47072  -3.5868e+06            0    6.159e+06       1.6537      -2.8733            0            0            0            0            0            0            0            0            0            0            0            0  
          0          -12            0     -0.84294     0.021295    0.0066629     0.014632   6.7887e-14      0.68956    0.0025715      0.68699  -1.3582e-13   8.3957e-15  -6.7741e-16   9.0731e-15      -39.584      -36.343            0  -9.5961e+05        24242  -1.8322e+05   7.7284e-08  -9.4211e+05        36534   3.9552e-08  -7.0267e+05            0            0            0       236.44            0       236.52      -1.4471  -5.2268e-06   3.2506e+06   3.2311e-07       3.2476   5.2942e-12       0.4713  -3.4255e+06            0   5.7338e+06       1.6517      -2.7375            0            0            0            0            0            0            0            0            0            0            0            0  
          0        -11.5            0     -0.80191     0.019795    0.0065368     0.013258   6.3873e-14      0.65367    0.0024546      0.65121  -1.2941e-13   8.0388e-15  -5.9923e-16    8.638e-15      -40.511      -36.278            0  -9.1291e+05        22535  -1.6721e+05   7.2715e-08  -8.9759e+05        35160   3.7641e-08  -6.6751e+05            0            0            0       236.45            0       236.52       -1.414  -4.9803e-06   3.0814e+06   3.0937e-07       3.2422    5.312e-12      0.47168  -3.2631e+06            0   5.3298e+06       1.6497         -2.6            0            0            0            0            0            0            0            0            0            0            0            0  
          0          -11            0     -0.76078     0.018362    0.0064159     0.011946   5.9948e-14      0.61756    0.0023428      0.61521  -1.2287e-13   7.6355e-15  -5.6295e-16   8.1985e-15      -41.432      -36.138            0  -8.6609e+05        20904  -1.5191e+05   6.8246e-08  -8.5277e+05        33773   3.5779e-08  -6.3211e+05            0            0            0       236.45            0       236.52      -1.3826  -4.7287e-06   2.9112e+06   2.9385e-07       3.2346   5.3244e-12      0.47184  -3.0997e+06            0   4.9442e+06       1.6478      -2.4608            0            0            0            0            0            0            0            0            0            0            0            0  
          0        -10.5            0     -0.71956     0.016995    0.0062964     0.010699   5.5854e-14      0.58123    0.0022348        0.579  -1.1637e-13   7.2673e-15  -4.9017e-16   7.7575e-15       -42.34      -35.915            0  -8.1916e+05        19347   -1.373e+05   6.3585e-08  -8.0766e+05        32372   3.3911e-08  -5.9648e+05            0            0            0       236.45            0       236.52       -1.353  -4.4783e-06     2.74e+06   2.7968e-07       3.2242   5.3344e-12      0.47175  -2.9354e+06            0    4.576e+06        1.646        -2.32            0            0            0            0            0            0            0            0            0            0            0            0  
          0          -10            0     -0.67825     0.015695    0.0061792    0.0095154   5.2153e-14      0.54471    0.0021306      0.54258  -1.0986e-13   6.8748e-15  -4.4233e-16   7.3171e-15      -43.216      -35.591            0  -7.7213e+05        17867  -1.2341e+05   5.9371e-08  -7.6228e+05        30958   3.1952e-08  -5.6065e+05            0            0            0       236.46            0       236.52      -1.3256  -4.2279e-06   2.5678e+06   2.6458e-07       3.2107   5.3567e-12      0.47138  -2.7701e+06            0   4.2259e+06       1.6443      -2.1777            0            0            0            0            0            0            0            0            0            0            0            0  
          0         -9.5            0     -0.63685     0.014466    0.0060684    0.0083977   4.8271e-14      0.50801    0.0020319      0.50598  -1.0325e-13   6.4894e-15  -3.8338e-16   6.8727e-15      -44.024      -35.132            0    -7.25e+05        16468  -1.1023e+05   5.4953e-08  -7.1664e+05        29532   3.0049e-08   -5.246e+05            0            0            0       236.46            0       236.52      -1.3012  -3.9734e-06   2.3948e+06   2.4974e-07       3.1936   5.3683e-12      0.47068  -2.6039e+06            0   3.8951e+06       1.6427      -2.0338            0            0            0            0            0            0            0            0            0            0            0            0  
          0           -9            0     -0.59538     0.013326      0.00598    0.0073465   4.4455e-14      0.47113    0.0019392      0.46919  -9.6638e-14   6.0269e-15  -4.0037e-16   6.4273e-15      -44.676      -34.473            0  -6.7779e+05        15171       -97769   5.0609e-08  -6.7075e+05        28094   2.8122e-08  -4.8837e+05            0            0            0       236.46            0       236.52      -1.2823  -3.7191e-06   2.2209e+06   2.3194e-07       3.1722   5.3821e-12       0.4696   -2.437e+06            0   3.5882e+06       1.6411      -1.8887            0            0            0            0            0            0            0            0            0            0            0            0  
          0         -8.5            0     -0.55383     0.012224    0.0058617    0.0063627   4.0677e-14      0.43407    0.0018397      0.43223  -9.0014e-14   5.5791e-15  -3.9992e-16    5.979e-15      -45.305      -33.716            0  -6.3049e+05        13916       -86028   4.6307e-08  -6.2463e+05        26644   2.6171e-08  -4.5195e+05            0            0            0       236.46            0       236.52      -1.2645  -3.4642e-06   2.0462e+06   2.1471e-07       3.1456   5.3972e-12      0.46806  -2.2692e+06            0   3.2915e+06       1.6396      -1.7421            0            0            0            0            0            0            0            0            0            0            0            0  
          0           -8            0     -0.51221     0.011201    0.0057534    0.0054471   3.7216e-14      0.39686    0.0017458      0.39511  -8.3342e-14    5.201e-15  -3.3077e-16   5.5317e-15      -45.731      -32.729            0  -5.8311e+05        12751       -75012   4.2368e-08  -5.7829e+05        25183   2.4244e-08  -4.1537e+05            0            0            0       236.46            0       236.52      -1.2527  -3.2074e-06   1.8708e+06   2.0016e-07       3.1128   5.4023e-12      0.46598  -2.1008e+06            0   3.0158e+06       1.6382      -1.5944            0            0            0            0            0            0            0            0            0            0            0            0  
          0         -7.5            0     -0.47052     0.010268    0.0056672    0.0046004   3.3676e-14      0.35951    0.0016633      0.35785  -7.6606e-14   4.8816e-15  -2.0122e-16   5.0828e-15      -45.826      -31.434            0  -5.3565e+05        11689       -64724   3.8337e-08  -5.3175e+05        23711   2.2294e-08  -3.7862e+05            0            0            0       236.46            0       236.52      -1.2501  -2.9482e-06   1.6948e+06   1.8787e-07        3.072   5.4205e-12      0.46322  -1.9317e+06            0   2.7646e+06       1.6368      -1.4455            0            0            0            0            0            0            0            0            0            0            0            0  
          0           -7            0     -0.42878    0.0094185    0.0055951    0.0038234   3.0275e-14      0.32204    0.0015884      0.32045  -6.9883e-14    4.485e-15  -1.4829e-16   4.6333e-15      -45.525      -29.811            0  -4.8813e+05        10722       -55168   3.4465e-08  -4.8502e+05        22229   2.0308e-08  -3.4173e+05            0            0            0       236.46            0       236.52      -1.2583  -2.6894e-06   1.5181e+06    1.726e-07       3.0213   5.4329e-12      0.45961   -1.762e+06            0    2.536e+06       1.6355      -1.2955            0            0            0            0            0            0            0            0            0            0            0            0  
          0         -6.5            0     -0.38698    0.0086373    0.0055205    0.0031168   2.6966e-14      0.28444    0.0015147      0.28292  -6.3149e-14   4.0435e-15  -1.3703e-16   4.1806e-15      -44.804      -27.872            0  -4.4055e+05       9832.8       -46346   3.0698e-08  -4.3812e+05        20738   1.8352e-08  -3.0469e+05            0            0            0       236.46            0       236.52      -1.2786  -2.4303e-06   1.3409e+06   1.5562e-07       2.9574   5.4414e-12      0.45489  -1.5917e+06            0   2.3256e+06       1.6342      -1.1445            0            0            0            0            0            0            0            0            0            0            0            0  
          0           -6            0     -0.34513    0.0079198    0.0054388     0.002481   2.3604e-14      0.24673    0.0014397      0.24529   -5.638e-14   3.5646e-15  -1.6575e-16   3.7303e-15      -43.579      -25.602            0  -3.9291e+05         9016       -38261   2.6872e-08  -3.9105e+05        19237   1.6381e-08  -2.6754e+05            0            0            0       236.46            0       236.52      -1.3145  -2.1698e-06   1.1631e+06   1.3718e-07       2.8758   5.4498e-12      0.44867  -1.4209e+06            0   2.1325e+06        1.633     -0.99253            0            0            0            0            0            0            0            0            0            0            0            0  
          0         -5.5            0     -0.30324    0.0072792    0.0053625    0.0019167   2.0506e-14      0.20892    0.0013665      0.20755  -4.9635e-14   3.1418e-15  -1.3724e-16   3.2791e-15      -41.659       -22.94            0  -3.4522e+05       8286.7       -30915   2.3344e-08  -3.4384e+05        17727   1.4412e-08  -2.3026e+05            0            0            0       236.45            0       236.52      -1.3751  -1.9102e-06   9.8484e+05   1.2091e-07       2.7692   5.4623e-12      0.44037  -1.2496e+06            0     1.96e+06       1.6318     -0.83974            0            0            0            0            0            0            0            0            0            0            0            0  
          0           -5            0     -0.26131    0.0067329    0.0053085    0.0014244   1.7388e-14      0.17102    0.0013023      0.16972  -4.2756e-14   2.7643e-15  -5.7796e-17   2.8221e-15      -38.811       -19.84            0  -2.9748e+05       7664.8       -24312   1.9795e-08  -2.9649e+05        16208   1.2436e-08  -1.9289e+05            0            0            0       236.44            0       236.52       -1.476  -1.6455e-06   8.0622e+05   1.0638e-07        2.626   5.4733e-12      0.42902   -1.078e+06            0   1.8129e+06       1.6305     -0.68619            0            0            0            0            0            0            0            0            0            0            0            0  
          0         -4.5            0     -0.21934    0.0062526    0.0052481    0.0010045   1.4389e-14      0.13305    0.0012367      0.13181  -3.6006e-14    2.294e-15  -7.4846e-17   2.3688e-15       -35.08       -16.43            0   -2.497e+05       7118.1       -18452    1.638e-08  -2.4902e+05        14682   1.0448e-08  -1.5542e+05            0            0            0       236.42            0       236.52      -1.6328  -1.3857e-06   6.2721e+05   8.8282e-08       2.4252   5.4891e-12      0.41289  -9.0595e+05            0   1.6836e+06       1.6291     -0.53195            0            0            0            0            0            0            0            0            0            0            0            0  
          0           -4            0     -0.17735    0.0058441    0.0051868    0.0006574   1.1441e-14     0.095015    0.0011732     0.093841  -2.9155e-14   1.8818e-15  -3.4532e-17   1.9163e-15      -30.346       -12.78            0   -2.019e+05       6653.1       -13337   1.3024e-08  -2.0146e+05        13148   8.4628e-09  -1.1788e+05            0            0            0       236.39            0       236.52      -1.8874   -1.122e-06   4.4791e+05   7.2421e-08       2.1263   5.5069e-12      0.38865  -7.3363e+05            0   1.5736e+06       1.6273      -0.3771            0            0            0            0            0            0            0            0            0            0            0            0  
          0         -3.5            0     -0.13533    0.0055169    0.0051335   0.00038343   8.6088e-15     0.056926    0.0011127     0.055813  -2.2328e-14   1.4257e-15  -3.7006e-17   1.4627e-15       -24.53      -9.0238            0  -1.5406e+05       6280.5      -8969.4   9.8004e-09   -1.538e+05        11607   6.4718e-09       -80261            0            0            0       236.32            0       236.52      -2.3345  -8.5931e-07   2.6835e+05   5.4867e-08       1.6385    5.529e-12      0.34879  -5.6107e+05            0   1.4855e+06       1.6245     -0.22173            0            0            0            0            0            0            0            0            0            0            0            0  
          0           -3            0    -0.093289    0.0052615    0.0050786   0.00018287   5.8624e-15     0.018793    0.0010516     0.017741  -1.5505e-14    9.825e-16  -2.4339e-17   1.0068e-15      -17.731      -5.4155            0   -1.062e+05       5989.7      -5350.3   6.6738e-09  -1.0607e+05        10059    4.483e-09       -42589            0            0            0       236.14            0       236.52       -3.228   -5.967e-07        88590   3.7811e-08      0.70661   5.5632e-12      0.27228  -3.8831e+05            0   1.4167e+06       1.6187     -0.06592            0            0            0            0            0            0            0            0            0            0            0            0  
          0         -2.5            0    -0.051237    0.0050843    0.0050284    5.593e-05    3.196e-15    -0.019371   0.00099173    -0.020363   -8.658e-15   5.4096e-16  -1.2452e-17   5.5341e-16      -10.077      -2.2811            0       -58329       5788.1      -2480.6   3.6384e-09       -58276       8505.7   2.4904e-09        -4870            0            0            0       235.36            0       236.52       -5.667   -3.332e-07       -91318   2.0819e-08      -1.7615   5.6632e-12     0.069038  -2.1541e+05            0    1.369e+06       1.5964     0.090253            0            0            0            0            0            0            0            0            0            0            0            0  
          0           -2            0    -0.009175    0.0049952    0.0049925   2.7819e-06   6.1787e-16    -0.057551   0.00093648    -0.058488  -1.8131e-15   9.9344e-17   -9.413e-19   1.0028e-16      -1.8367     -0.17593            0       -10445       5686.7      -361.36   7.0339e-10       -10439       6946.5   4.9426e-10        32883            0            0            0       207.73            0       236.52      -28.566  -6.9779e-08   -2.713e+05   3.8232e-09      -26.889   6.6045e-12       -2.003       -42414            0    1.345e+06       1.0292       0.2467            0            0            0            0            0            0            0            0            0            0            0            0  
          0         -1.5            0      0.03289    0.0049766     0.004953   2.3529e-05  -1.8713e-15    -0.095742   0.00087906    -0.096621   5.0268e-15  -3.4336e-16    9.897e-18  -3.5325e-16        6.609       1.1986        5.514        37443       5665.4       1006.9  -2.1304e-09        37429       5382.1  -1.4872e-09        70659            0            0            0       233.86            0       236.52        8.604   1.9345e-07  -4.5134e+05  -1.3214e-08       12.263   5.1207e-12       1.2263   1.3062e+05            0     1.34e+06       1.5637      0.40335            0            0            0            0            0            0            0            0            0            0            0            0  
          0           -1            0     0.074954    0.0050423    0.0049241   0.00011822  -4.2666e-15     -0.13393   0.00082491     -0.13475   1.1877e-14  -7.9114e-16   1.4926e-17  -8.0606e-16       14.865       4.0697       3.6526        85329       5740.3       1623.8  -4.8571e-09        85314         3813  -3.4942e-09   1.0845e+05            0            0            0       235.99            0       236.52       3.8486   4.5709e-07  -6.3134e+05  -3.0447e-08       7.4726    5.308e-12      0.83138   3.0364e+05            0   1.3577e+06       1.6163       0.5601            0            0            0            0            0            0            0            0            0            0            0            0  
          0         -0.5            0      0.11701    0.0051938     0.004907   0.00028686  -6.5786e-15     -0.17209   0.00077309     -0.17287   1.8703e-14  -1.2449e-15   1.1188e-17  -1.2561e-15       22.529       7.7064       2.9234   1.3321e+05       5912.7         1489  -7.4891e-09    1.332e+05       2239.7  -5.4651e-09   1.4623e+05            0            0            0       236.29            0       236.52       2.5415   7.1978e-07  -8.1127e+05   -4.791e-08       6.1267   5.3548e-12      0.72057   4.7659e+05            0   1.3985e+06       1.6234      0.71689            0            0            0            0            0            0            0            0            0            0            0            0  
          0            0            0      0.15906    0.0054251    0.0048958   0.00052937  -8.8021e-15     -0.21024   0.00072204     -0.21096   2.5525e-14  -1.6729e-15   3.1466e-17  -1.7044e-15       29.319       11.693       2.5074   1.8107e+05         6176       602.64   -1.002e-08   1.8107e+05       662.65  -7.4548e-09   1.8401e+05            0            0            0       236.38            0       236.52       1.9535   9.8231e-07  -9.9107e+05  -6.4381e-08       5.4925   5.3853e-12      0.66844   6.4942e+05            0   1.4608e+06       1.6255      0.87362            0            0            0            0            0            0            0            0            0            0            0            0  
          0          0.5            0      0.20109    0.0057375    0.0048919   0.00084564  -1.0911e-14     -0.24834    0.0006721     -0.24901    3.233e-14   -2.174e-15  -1.7508e-17  -2.1565e-15       35.047       15.716         2.23   2.2892e+05       6531.7        -1035  -1.2422e-08   2.2892e+05      -917.61  -9.4531e-09   2.2176e+05            0            0            0       236.42            0       236.52       1.6344   1.2442e-06  -1.1707e+06  -8.3668e-08       5.1232   5.3978e-12      0.63813   8.2207e+05            0   1.5449e+06       1.6263       1.0302            0            0            0            0            0            0            0            0            0            0            0            0  
          0            1            0      0.24309    0.0061485     0.004913    0.0012355  -1.2961e-14     -0.28639   0.00062744     -0.28701   3.9194e-14  -2.6235e-15  -1.8557e-17   -2.605e-15       39.537       19.493       2.0282   2.7674e+05       6999.5      -3423.5  -1.4755e-08   2.7672e+05      -2500.6  -1.1438e-08   2.5948e+05            0            0            0       236.44            0       236.52       1.4489   1.5084e-06  -1.3501e+06  -1.0097e-07       4.8812   5.4019e-12      0.61828    9.945e+05            0   1.6555e+06       1.6268       1.1866            0            0            0            0            0            0            0            0            0            0            0            0  
          0          1.5            0      0.28507    0.0066381    0.0049394    0.0016987  -1.4864e-14     -0.32437   0.00058272     -0.32496    4.598e-14  -3.0841e-15  -2.9073e-17  -3.0551e-15       42.945       22.929       1.8729   3.2453e+05       7556.9        -6562  -1.6921e-08   3.2447e+05      -4085.9  -1.3404e-08   2.9715e+05            0            0            0       236.45            0       236.52       1.3339   1.7695e-06  -1.5291e+06  -1.1869e-07       4.7098   5.4101e-12      0.60423   1.1667e+06            0   1.7873e+06       1.6271       1.3426            0            0            0            0            0            0            0            0            0            0            0            0  
          0            2            0      0.32702    0.0072048    0.0049698     0.002235  -1.6689e-14     -0.36229   0.00053818     -0.36283   5.2775e-14  -3.5418e-15  -4.0261e-17  -3.5015e-15       45.389       25.956       1.7487   3.7228e+05       8202.1       -10450  -1.8999e-08   3.7214e+05        -5673  -1.5396e-08   3.3476e+05            0            0            0       236.46            0       236.52       1.2621    2.031e-06  -1.7079e+06  -1.3631e-07       4.5818   5.4089e-12      0.59372   1.3385e+06            0   1.9399e+06       1.6274       1.4983            0            0            0            0            0            0            0            0            0            0            0            0  
          0          2.5            0      0.36893    0.0078538    0.0050098     0.002844  -1.8483e-14     -0.40012   0.00049447     -0.40061    5.953e-14  -4.0395e-15  -9.6631e-17  -3.9429e-15       46.975       28.532       1.6464   4.1999e+05       8940.8       -15085  -2.1041e-08   4.1973e+05      -7261.4  -1.7367e-08   3.7231e+05            0            0            0       236.47            0       236.52       1.2195    2.291e-06  -1.8862e+06  -1.5546e-07        4.482   5.4043e-12      0.58551   1.5099e+06            0   2.1147e+06       1.6278       1.6535            0            0            0            0            0            0            0            0            0            0            0            0  
          0            3            0       0.4108    0.0085931    0.0050678    0.0035253  -2.0155e-14     -0.43785   0.00045176      -0.4383   6.6425e-14  -4.5142e-15  -1.2552e-16  -4.3887e-15       47.805        30.64       1.5602   4.6766e+05       9782.5       -20467  -2.2945e-08   4.6722e+05      -8850.6  -1.9319e-08   4.0977e+05            0            0            0       236.47            0       236.52       1.1984   2.5564e-06  -2.0641e+06  -1.7373e-07       4.4016   5.4025e-12      0.57888   1.6809e+06            0   2.3138e+06       1.6281       1.8082            0            0            0            0            0            0            0            0            0            0            0            0  
          0          3.5            0      0.45262    0.0094143    0.0051358    0.0042786  -2.1711e-14     -0.47548   0.00040863     -0.47589   7.3072e-14  -4.9898e-15  -1.6295e-16  -4.8268e-15       48.077       32.345       1.4864   5.1526e+05        10717       -26594  -2.4716e-08    5.146e+05       -10440  -2.1284e-08   4.4715e+05            0            0            0       236.47            0       236.52       1.1916   2.8122e-06  -2.2415e+06  -1.9203e-07       4.3352   5.3946e-12      0.57337   1.8514e+06            0   2.5349e+06       1.6285       1.9622            0            0            0            0            0            0            0            0            0            0            0            0  
          0            4            0      0.49438     0.010313    0.0052097    0.0051031  -2.3261e-14     -0.51299   0.00036475     -0.51335   7.9771e-14  -5.4663e-15  -1.9861e-16  -5.2677e-15       47.939       33.707       1.4222   5.6281e+05        11740       -33464   -2.648e-08   5.6185e+05       -12030  -2.3222e-08   4.8442e+05            0            0            0       236.47            0       236.52        1.195     3.07e-06  -2.4183e+06  -2.1037e-07       4.2791   5.3981e-12      0.56867   2.0214e+06            0   2.7768e+06        1.629       2.1155            0            0            0            0            0            0            0            0            0            0            0            0  
          0          4.5            0      0.53609      0.01128    0.0052813    0.0059985  -2.4464e-14     -0.55037   0.00031917     -0.55069   8.6443e-14  -5.9039e-15   -2.016e-16  -5.7023e-15       47.527       34.798       1.3658   6.1029e+05        12841       -41075   -2.785e-08   6.0895e+05       -13618  -2.5149e-08   5.2157e+05            0            0            0       236.47            0       236.52       1.2054   3.3267e-06  -2.5945e+06  -2.2721e-07       4.2306   5.3916e-12      0.56458   2.1908e+06            0   3.0372e+06       1.6296        2.268            0            0            0            0            0            0            0            0            0            0            0            0  
          0            5            0      0.57774     0.012335    0.0053705    0.0069641  -2.5764e-14     -0.58761   0.00027383     -0.58789   9.3193e-14  -6.4713e-15  -3.3392e-16  -6.1374e-15       46.839       35.602       1.3156   6.5771e+05        14042       -49425   -2.933e-08   6.5589e+05       -15206  -2.7094e-08    5.586e+05            0            0            0       236.47            0       236.52       1.2231   3.5865e-06  -2.7701e+06  -2.4905e-07       4.1881   5.3855e-12      0.56095   2.3596e+06            0   3.3212e+06       1.6302       2.4196            0            0            0            0            0            0            0            0            0            0            0            0  
          0          5.5            0      0.61932     0.013474    0.0054753    0.0079992  -2.6924e-14      -0.6247   0.00022797     -0.62493   9.9708e-14  -6.9963e-15  -4.2608e-16  -6.5702e-15       45.962       36.171       1.2707   7.0504e+05        15340       -58511  -3.0651e-08   7.0267e+05       -16792  -2.9044e-08   5.9549e+05            0            0            0       236.46            0       236.52       1.2464   3.8372e-06  -2.9449e+06  -2.6925e-07       4.1502   5.3687e-12      0.55767   2.5276e+06            0   3.6281e+06       1.6309       2.5703            0            0            0            0            0            0            0            0            0            0            0            0  
          0            6            0      0.66082     0.014687    0.0055839    0.0091031   -2.809e-14     -0.66163   0.00017976     -0.66181   1.0637e-13  -7.4743e-15  -4.7326e-16   -7.001e-15       44.994       36.576       1.2301   7.5229e+05        16720       -68330  -3.1978e-08   7.4925e+05       -18376  -3.0909e-08   6.3223e+05            0            0            0       236.46            0       236.52       1.2732   4.0938e-06   -3.119e+06  -2.8765e-07        4.116   5.3624e-12      0.55467   2.6949e+06            0   3.9546e+06       1.6316       2.7199            0            0            0            0            0            0            0            0            0            0            0            0  
          0          6.5            0      0.70225      0.01597    0.0056948     0.010275  -2.9011e-14     -0.69838   0.00012893     -0.69851   1.1297e-13   -7.884e-15  -4.5822e-16  -7.4258e-15       43.974        36.85       1.1933   7.9945e+05        18180       -78879  -3.3026e-08   7.9564e+05       -19958  -3.2862e-08   6.6882e+05            0            0            0       236.46            0       236.52       1.3027   4.3475e-06  -3.2922e+06  -3.0341e-07       4.0846   5.3573e-12      0.55187   2.8614e+06            0      4.3e+06       1.6325       2.8684            0            0            0            0            0            0            0            0            0            0            0            0  
          0            7            0       0.7436     0.017322     0.005808     0.011514  -2.9825e-14     -0.73495   7.5416e-05     -0.73503   1.1942e-13  -8.3007e-15  -4.4967e-16   -7.851e-15       42.928       37.018       1.1597   8.4652e+05        19720       -90155  -3.3954e-08   8.4181e+05       -21536  -3.4703e-08   7.0523e+05            0            0            0       236.45            0       236.52       1.3345   4.5957e-06  -3.4646e+06  -3.1945e-07       4.0556   5.3454e-12      0.54924   3.0271e+06            0   4.6641e+06       1.6334       3.0158            0            0            0            0            0            0            0            0            0            0            0            0  
          0          7.5            0      0.78486     0.018732    0.0059127     0.012819  -3.0589e-14     -0.77133   1.9281e-05     -0.77135   1.2613e-13  -8.7125e-15   -4.409e-16  -8.2716e-15       41.899       37.119       1.1288   8.9349e+05        21325  -1.0216e+05  -3.4823e-08   8.8775e+05       -23111  -3.6613e-08   7.4146e+05            0            0            0       236.45            0       236.52       1.3672   4.8543e-06  -3.6361e+06   -3.353e-07       4.0285   5.3311e-12      0.54673   3.1919e+06            0   5.0438e+06       1.6344       3.1618            0            0            0            0            0            0            0            0            0            0            0            0  
          0            8            0      0.82602     0.020211    0.0060203      0.01419   -3.121e-14      -0.8075  -3.8786e-05     -0.80746   1.3233e-13  -9.2884e-15  -5.9861e-16  -8.6898e-15       40.871       37.146       1.1003   9.4036e+05        23008  -1.1488e+05   -3.553e-08   9.3345e+05       -24682  -3.8562e-08    7.775e+05            0            0            0       236.45            0       236.52       1.4016   5.0928e-06  -3.8066e+06  -3.5746e-07       4.0029    5.327e-12      0.54432   3.3557e+06            0   5.4418e+06       1.6354       3.3065            0            0            0            0            0            0            0            0            0            0            0            0  
          0          8.5            0      0.86709     0.021762    0.0061365     0.015625  -3.1619e-14     -0.84345  -9.8848e-05     -0.84336   1.3886e-13  -9.6978e-15  -5.9226e-16  -9.1056e-15       39.844       37.102       1.0739   9.8711e+05        24774  -1.2831e+05  -3.5996e-08    9.789e+05       -26248  -4.0403e-08   8.1333e+05            0            0            0       236.44            0       236.52       1.4377   5.3438e-06  -3.9761e+06  -3.7322e-07       3.9786   5.3081e-12      0.54198   3.5185e+06            0   5.8596e+06       1.6366       3.4498            0            0            0            0            0            0            0            0            0            0            0            0  
          0            9            0      0.90806     0.023378    0.0062539     0.017124  -3.2327e-14     -0.87918  -0.00016173     -0.87902   1.4529e-13  -1.0149e-14  -6.3094e-16  -9.5177e-15       38.843       37.014       1.0494   1.0337e+06        26614  -1.4246e+05  -3.6802e-08   1.0241e+06       -27810  -4.2174e-08   8.4895e+05            0            0            0       236.44            0       236.52       1.4748   5.5913e-06  -4.1445e+06  -3.9057e-07       3.9552   5.2932e-12      0.53969   3.6803e+06            0   6.2947e+06       1.6378       3.5916            0            0            0            0            0            0            0            0            0            0            0            0  
          0          9.5            0      0.94892     0.025057    0.0063723     0.018685  -3.2671e-14     -0.91467  -0.00022708     -0.91444   1.5169e-13  -1.0687e-14  -7.6014e-16  -9.9272e-15        37.87        36.89       1.0266   1.0803e+06        28525  -1.5732e+05  -3.7193e-08    1.069e+06       -29366  -4.4115e-08   8.8434e+05            0            0            0       236.44            0       236.52       1.5126   5.8377e-06  -4.3118e+06   -4.113e-07       3.9327   5.2777e-12      0.53744    3.841e+06            0   6.7468e+06       1.6391       3.7318            0            0            0            0            0            0            0            0            0            0            0            0  
          0           10            0      0.98967     0.026795     0.006488     0.020307   -3.293e-14      -0.9499  -0.00029504     -0.94961   1.5786e-13  -1.1068e-14  -7.3564e-16  -1.0332e-14       36.935       36.744       1.0052   1.1267e+06        30504  -1.7287e+05  -3.7488e-08   1.1135e+06       -30916  -4.5932e-08    9.195e+05            0            0            0       236.43            0       236.52       1.5509   6.0751e-06  -4.4779e+06  -4.2593e-07       3.9107   5.2618e-12      0.53522   4.0005e+06            0   7.2147e+06       1.6405       3.8703            0            0            0            0            0            0            0            0            0            0            0            0  
          0         10.5            0       1.0303     0.028618    0.0066296     0.021989  -3.3578e-14     -0.98488  -0.00036681     -0.98452   1.6445e-13  -1.1953e-14  -1.2197e-15  -1.0733e-14       36.001       36.543      0.98519   1.1729e+06        32580  -1.8913e+05  -3.8226e-08   1.1578e+06       -32460  -4.7733e-08   9.5441e+05            0            0            0       236.43            0       236.52       1.5911   6.3288e-06  -4.6428e+06  -4.6002e-07       3.8893   5.2482e-12      0.53301   4.1589e+06            0   7.7057e+06        1.642       4.0072            0            0            0            0            0            0            0            0            0            0            0            0  
          0           11            0       1.0708     0.030511    0.0067814     0.023729  -3.3437e-14      -1.0196  -0.00044243      -1.0192   1.7041e-13  -1.2154e-14  -1.0247e-15   -1.113e-14       35.096       36.317      0.96637    1.219e+06        34734  -2.0608e+05  -3.8066e-08   1.2018e+06       -33996   -4.954e-08   9.8906e+05            0            0            0       236.42            0       236.52       1.6321   6.5583e-06  -4.8064e+06  -4.6776e-07       3.8683   5.2284e-12       0.5308    4.316e+06            0   8.2153e+06       1.6435       4.1422            0            0            0            0            0            0            0            0            0            0            0            0  
          0         11.5            0       1.1112      0.03246    0.0069323     0.025528  -3.3434e-14       -1.054  -0.00052146      -1.0535   1.7655e-13  -1.2871e-14  -1.3453e-15  -1.1526e-14       34.233       36.086      0.94865    1.265e+06        36953  -2.2372e+05  -3.8062e-08   1.2454e+06       -35526  -5.1271e-08   1.0234e+06            0            0            0       236.42            0       236.52       1.6732   6.7943e-06  -4.9688e+06  -4.9535e-07       3.8476   5.2123e-12      0.52859   4.4718e+06            0   8.7401e+06       1.6451       4.2754            0            0            0            0            0            0            0            0            0            0            0            0  
          0           12            0       1.1514     0.034482    0.0071002     0.027382  -3.3384e-14      -1.0882  -0.00060548      -1.0876   1.8242e-13  -1.3438e-14  -1.5234e-15  -1.1914e-14       33.393       35.832      0.93192   1.3108e+06        39255  -2.4205e+05  -3.8005e-08   1.2887e+06       -37048  -5.3137e-08   1.0575e+06            0            0            0       236.41            0       236.52       1.7153   7.0206e-06  -5.1297e+06  -5.1714e-07       3.8271   5.1881e-12      0.52636   4.6263e+06            0   9.2846e+06       1.6469       4.4067            0            0            0            0            0            0            0            0            0            0            0            0  
          0         12.5            0       1.1916      0.03657    0.0072786     0.029291   -3.335e-14       -1.122  -0.00069448      -1.1213   1.8856e-13  -1.3873e-14  -1.5712e-15  -1.2302e-14       32.583       35.568       0.9161   1.3565e+06        41632  -2.6104e+05  -3.7966e-08   1.3316e+06       -38561  -5.4701e-08   1.0914e+06            0            0            0       236.41            0       236.52       1.7579   7.2567e-06  -5.2892e+06  -5.3389e-07       3.8067   5.1747e-12      0.52412   4.7794e+06            0   9.8467e+06       1.6487       4.5359            0            0            0            0            0            0            0            0            0            0            0            0  
          0           13            0       1.2315     0.038717    0.0074633     0.031254   -3.295e-14      -1.1555  -0.00078807      -1.1547    1.946e-13  -1.4228e-14   -1.546e-15  -1.2683e-14       31.809         35.3       0.9011    1.402e+06        44076  -2.8072e+05  -3.7511e-08   1.3741e+06       -40066  -5.6579e-08   1.1249e+06            0            0            0        236.4            0       236.52       1.8007   7.4893e-06  -5.4473e+06  -5.4758e-07       3.7864   5.1511e-12      0.52186    4.931e+06            0   1.0425e+07       1.6506       4.6631            0            0            0            0            0            0            0            0            0            0            0            0  
          0         13.5            0       1.2714     0.040909    0.0076404     0.033268   -3.169e-14      -1.1887  -0.00088493      -1.1879   2.0059e-13   -1.464e-14  -1.5802e-15  -1.3059e-14       31.078       35.043      0.88687   1.4474e+06        46571  -3.0105e+05  -3.6076e-08   1.4162e+06       -41562  -5.8243e-08   1.1581e+06            0            0            0        236.4            0       236.52       1.8429   7.7197e-06  -5.6038e+06   -5.634e-07       3.7661   5.1362e-12      0.51957   5.0812e+06            0   1.1015e+07       1.6526       4.7882            0            0            0            0            0            0            0            0            0            0            0            0  
          0           14            0       1.3111     0.043155    0.0078215     0.035333  -3.1825e-14      -1.2216  -0.00098639      -1.2206   2.0661e-13   -1.524e-14  -1.8087e-15  -1.3431e-14       30.381       34.786      0.87335   1.4925e+06        49128  -3.2205e+05   -3.623e-08   1.4579e+06       -43048  -5.9914e-08    1.191e+06            0            0            0       236.39            0       236.52       1.8853   7.9513e-06  -5.7588e+06   -5.865e-07       3.7459   5.1141e-12      0.51726   5.2299e+06            0    1.162e+07       1.6546       4.9111            0            0            0            0            0            0            0            0            0            0            0            0  
          0         14.5            0       1.3506     0.045463    0.0080155     0.037447  -3.1196e-14      -1.2542    -0.001094      -1.2531   2.1217e-13  -1.6233e-14  -2.4344e-15  -1.3799e-14       29.708       34.525      0.86047   1.5376e+06        51756   -3.437e+05  -3.5514e-08   1.4993e+06       -44524  -6.1677e-08   1.2235e+06            0            0            0       236.39            0       236.52       1.9279   8.1652e-06  -5.9122e+06  -6.2474e-07       3.7256   5.0907e-12      0.51491    5.377e+06            0   1.2241e+07       1.6568       5.0318            0            0            0            0            0            0            0            0            0            0            0            0  
          0           15            0         1.39     0.047841    0.0082322     0.039609   -3.001e-14      -1.2863   -0.0012102      -1.2851   2.1791e-13  -1.7252e-14   -3.089e-15  -1.4163e-14       29.054       34.254      0.84819   1.5824e+06        54463    -3.66e+05  -3.4164e-08   1.5401e+06       -45989  -6.3282e-08   1.2557e+06            0            0            0       236.38            0       236.52       1.9712    8.386e-06   -6.064e+06  -6.6393e-07       3.7051    5.069e-12      0.51252   5.5224e+06            0   1.2882e+07       1.6591       5.1501            0            0            0            0            0            0            0            0            0            0            0            0  
          0         15.5            0       1.4292     0.050301    0.0084846     0.041816  -3.0432e-14      -1.3182   -0.0013382      -1.3168   2.2362e-13  -1.7693e-14  -3.1742e-15  -1.4519e-14       28.413       33.968      0.83648    1.627e+06        57263  -3.8893e+05  -3.4645e-08   1.5806e+06       -47444  -6.4843e-08   1.2876e+06            0            0            0       236.37            0       236.52       2.0157   8.6061e-06  -6.2141e+06  -6.8093e-07       3.6846   5.0434e-12       0.5101   5.6663e+06            0   1.3544e+07       1.6614       5.2661            0            0            0            0            0            0            0            0            0            0            0            0  
          0           16            0       1.4683     0.052803    0.0087355     0.044067  -2.8039e-14      -1.3497   -0.0014713      -1.3482   2.2916e-13  -1.7843e-14  -2.9687e-15  -1.4874e-14       27.806       33.693      0.82528   1.6715e+06        60111   -4.125e+05   -3.192e-08   1.6206e+06       -48887  -6.6546e-08   1.3191e+06            0            0            0       236.37            0       236.52       2.0596   8.8192e-06  -6.3624e+06  -6.8669e-07        3.664   5.0228e-12      0.50764   5.8084e+06            0   1.4218e+07       1.6639       5.3796            0            0            0            0            0            0            0            0            0            0            0            0  
          0         16.5            0       1.5071     0.055356    0.0089951     0.046361   -2.692e-14      -1.3808   -0.0016115      -1.3791   2.3485e-13  -1.8256e-14  -3.0319e-15  -1.5224e-14       27.226       33.424      0.81456   1.7157e+06        63018  -4.3669e+05  -3.0646e-08   1.6601e+06       -50318  -6.8072e-08   1.3502e+06            0            0            0       236.36            0       236.52       2.1035   9.0382e-06   -6.509e+06  -7.0257e-07       3.6431   4.9922e-12      0.50514   5.9488e+06            0   1.4905e+07       1.6664       5.4907            0            0            0            0            0            0            0            0            0            0            0            0  
          0           17            0       1.5458     0.057952    0.0092566     0.048696  -2.6572e-14      -1.4115   -0.0017584      -1.4097   2.4004e-13  -1.9023e-14   -3.456e-15  -1.5567e-14       26.674       33.165       0.8043   1.7598e+06        65974   -4.615e+05   -3.025e-08   1.6991e+06       -51737  -6.9674e-08    1.381e+06            0            0            0       236.35            0       236.52        2.147   9.2378e-06  -6.6537e+06  -7.3209e-07       3.6221   4.9698e-12       0.5026   6.0874e+06            0   1.5604e+07       1.6691       5.5992            0            0            0            0            0            0            0            0            0            0            0            0  
          0         17.5            0       1.5844     0.060596    0.0095269     0.051069  -2.5625e-14      -1.4418   -0.0019133      -1.4399   2.4551e-13  -1.9433e-14  -3.5268e-15  -1.5907e-14       26.146       32.911      0.79446   1.8037e+06        68984  -4.8693e+05  -2.9172e-08   1.7377e+06       -53143  -7.1204e-08   1.4114e+06            0            0            0       236.35            0       236.52       2.1903   9.4483e-06  -6.7966e+06  -7.4789e-07       3.6009   4.9439e-12      0.50001   6.2241e+06            0   1.6316e+07       1.6718       5.7051            0            0            0            0            0            0            0            0            0            0            0            0  
          0           18            0       1.6227      0.06329    0.0098099      0.05348   -2.346e-14      -1.4717   -0.0020775      -1.4696   2.5081e-13  -2.0223e-14  -3.9878e-15  -1.6235e-14       25.639       32.661      0.78502   1.8473e+06        72050  -5.1295e+05  -2.6707e-08   1.7757e+06       -54536  -7.2781e-08   1.4414e+06            0            0            0       236.34            0       236.52       2.2335   9.6523e-06  -6.9376e+06  -7.7828e-07       3.5795   4.9166e-12      0.49737    6.359e+06            0   1.7041e+07       1.6747       5.8085            0            0            0            0            0            0            0            0            0            0            0            0  
          0         18.5            0       1.6609     0.066046     0.010119     0.055926  -2.3244e-14      -1.5012   -0.0022563      -1.4989   2.5599e-13  -2.1239e-14   -4.672e-15  -1.6567e-14       25.147       32.409      0.77595   1.8908e+06        75187  -5.3957e+05  -2.6462e-08   1.8133e+06       -55915  -7.4359e-08   1.4709e+06            0            0            0       236.33            0       236.52       2.2772   9.8519e-06  -7.0767e+06  -8.1737e-07       3.5578   4.8911e-12       0.4947    6.492e+06            0   1.7783e+07       1.6776       5.9091            0            0            0            0            0            0            0            0            0            0            0            0  
          0           19            0       1.6988     0.068874     0.010467     0.058406  -2.1273e-14      -1.5303   -0.0024549      -1.5278   2.6106e-13  -2.2639e-14  -5.7526e-15  -1.6887e-14       24.666        32.15      0.76723    1.934e+06        78407  -5.6678e+05  -2.4217e-08   1.8503e+06       -57281  -7.5807e-08   1.5001e+06            0            0            0       236.32            0       236.52       2.3216   1.0047e-05  -7.2138e+06  -8.7128e-07       3.5359   4.8689e-12      0.49197    6.623e+06            0   1.8545e+07       1.6807        6.007            0            0            0            0            0            0            0            0            0            0            0            0  
          0         19.5            0       1.7366     0.071788      0.01087     0.060918  -1.8086e-14       -1.559   -0.0026801      -1.5563   2.6596e-13  -2.5481e-14  -8.2781e-15  -1.7203e-14       24.191       31.879      0.75883    1.977e+06        81724  -5.9456e+05  -2.0589e-08   1.8867e+06       -58632  -7.7247e-08   1.5288e+06            0            0            0       236.32            0       236.52       2.3671   1.0236e-05   -7.349e+06  -9.8065e-07       3.5137   4.8409e-12       0.4892   6.7521e+06            0   1.9329e+07       1.6838       6.1021            0            0            0            0            0            0            0            0            0            0            0            0  
          0           20            0       1.7742     0.074829      0.01137     0.063459  -1.8517e-14      -1.5872   -0.0029501      -1.5843   2.7134e-13  -2.9099e-14  -1.1583e-14  -1.7516e-14        23.71       31.581      0.75076   2.0198e+06        85187  -6.2292e+05  -2.1081e-08   1.9227e+06       -59968  -7.8689e-08   1.5571e+06            0            0            0       236.31            0       236.52       2.4151   1.0442e-05  -7.4823e+06  -1.1199e-06       3.4913   4.8079e-12      0.48638   6.8791e+06            0   2.0148e+07       1.6871       6.1943            0            0            0            0            0            0            0            0            0            0            0            0  
          0         20.5            0       1.8116     0.078164     0.012136     0.066029  -1.6824e-14      -1.6152   -0.0033342      -1.6118   2.7648e-13  -4.4455e-14  -2.6635e-14  -1.7819e-14       23.177       31.194      0.74297   2.0623e+06        88983  -6.5184e+05  -1.9153e-08   1.9581e+06       -61289  -8.0202e-08    1.585e+06            0            0            0        236.3            0       236.52       2.4706    1.064e-05   -7.614e+06  -1.7108e-06       3.4687   4.7796e-12      0.48351    7.004e+06            0   2.1046e+07       1.6905       6.2837            0            0            0            0            0            0            0            0            0            0            0            0  
