VTAIL_CENTERSECTION_45_DEG_S_h_proj
T6/1-TriUniform-ThickSurf-alpha(0.00,1.00)


 Ctrl        Alpha        Beta         CL           CD           CD_viscous   CD_induced   CY           Cm           Cm_viscous   Cm_pressure  Cl           Cn           Cn_viscous   Cn_pressure  CL/CD        CL^(3/2)/CD  1/sqrt(CL)   Lift_(N)     Drag_(N)     Fx_FF_(N)    Fy_FF_(N)    Fz_FF_(N)    Fx_sum_(N)   Fy_sum_(N)   Fz_sum_(N)   Extra_drag_(N)  Fuse_drag_(N)  Cf_Fuse      Vx_(m/s)     Vz_(m/s)     V_(m/s)      Gamma        L_(N.m)      M_(N.m)      N_(N.m)      CPx_(m)      CPy_(m)      CPz_(m)      BM_(N.m)     m.g.Vz_(W)   Drag_x_V_(W)  Efficiency   XCp.Cl       XNP_(m)      Phugoid_Freq._(Hz)  Phugoid_Damping  Short_Period_Freq._(Hz)  Short_Period_Damping_Ratio  Dutch_Roll_Freq._(Hz)  Dutch_Roll_Damping  Roll_Damping  Spiral_Damping  Mass_(kg)    CoG_x_(m)    CoG_z_(m)    
        -20          -20            0      -1.0206     0.094422     0.036593     0.057829   4.3928e-13     -0.55267     -0.24291     -0.30976   3.4671e-13  -2.6933e-14   1.0826e-14  -3.7759e-14      -10.809      -10.919            0       -126.3       11.685      -36.471   5.4361e-11      -121.13      -33.545   5.8108e-11      -116.44            0            0            0       26.885            0           27      -5.2859   6.7791e-11      -12.329  -5.2661e-12     0.011487   -2.356e-13      0.14578       -24.11            0       315.49      0.63649    -0.011723            0            0            0            0            0            0            0            0            0            0         0.09            0  
        -19          -19            0     -0.97339      0.08489     0.032425     0.052464  -8.4799e-15     -0.48762     -0.20244     -0.28519   6.5342e-14   1.4925e-15  -1.2706e-16   1.6195e-15      -11.466      -11.313            0      -120.46       10.505      -33.078  -1.0494e-12      -116.01      -30.464   6.9601e-12      -111.73            0            0            0       26.898            0           27      -4.9842   1.2776e-11      -10.878   2.9182e-13     0.014739   -4.336e-15      0.14679      -23.072            0       283.64       0.6382    -0.014347            0            0            0            0            0            0            0            0            0            0         0.09            0  
        -18          -18            0     -0.92615     0.076446     0.029048     0.047397   8.5472e-13     -0.43149     -0.17012     -0.26137    5.909e-13  -4.1074e-14   1.9192e-14  -6.0266e-14      -12.115      -11.659            0      -114.61       9.4602      -29.839   1.0577e-10      -110.82      -27.514   1.1245e-10      -106.92            0            0            0       26.908            0           27      -4.7186   1.1554e-10      -9.6259  -8.0311e-12     0.018032  -4.3742e-13      0.14762      -22.016            0       255.43      0.63953      -0.0167            0            0            0            0            0            0            0            0            0            0         0.09            0  
        -17          -17            0      -0.8781     0.068742     0.026231     0.042512    9.403e-13     -0.38218     -0.14374     -0.23843   5.8383e-13  -5.2346e-14   1.6084e-14   -6.843e-14      -12.774       -11.97            0      -108.67       8.5069       -26.74   1.1636e-10      -105.46      -24.685   1.2291e-10      -101.94            0            0            0       26.918            0           27      -4.4763   1.1415e-10      -8.5257  -1.0235e-11     0.021307  -4.6411e-13      0.14835      -20.937            0       229.69      0.64097     -0.01871            0            0            0            0            0            0            0            0            0            0         0.09            0  
        -16          -16            0      -0.8295     0.061555       0.0237     0.037855   4.0733e-13     -0.33741     -0.12105     -0.21636   3.1221e-13  -2.3967e-14   5.9103e-15  -2.9877e-14      -13.476      -12.273            0      -102.65       7.6175      -23.792   5.0407e-11      -99.967      -21.986   5.5036e-11      -96.814            0            0            0       26.926            0           27       -4.244   6.1046e-11      -7.5271  -4.6862e-12     0.024578  -2.4885e-13      0.14895      -19.837            0       205.67      0.64235    -0.020388            0            0            0            0            0            0            0            0            0            0         0.09            0  
        -15          -15            0     -0.78036     0.054746     0.021313     0.033434  -7.9779e-14      -0.2959      -0.1007     -0.19519  -3.2596e-14   2.5025e-15  -7.2381e-16   3.2263e-15      -14.254      -12.592            0       -96.57       6.7749      -20.998  -9.8727e-12      -94.351      -19.421  -7.1622e-12      -91.545            0            0            0       26.934            0           27       -4.013  -6.3733e-12       -6.601   4.8931e-13     0.027839   3.3048e-14      0.14942      -18.717            0       182.92      0.64367    -0.021725            0            0            0            0            0            0            0            0            0            0         0.09            0  
        -14          -14            0     -0.73068     0.048785      0.01953     0.029255  -2.5221e-13     -0.25976    -0.084816     -0.17494  -2.0623e-14   1.6495e-14  -4.3333e-16   1.6928e-14      -14.978      -12.803            0      -90.423       6.0372      -18.362  -3.1211e-11      -88.613      -16.996  -3.0627e-11      -86.137            0            0            0        26.94            0           27      -3.8198  -4.0324e-12      -5.7948   3.2252e-12     0.031085   4.8907e-14      0.14976      -17.576            0       163.01      0.64492    -0.022713            0            0            0            0            0            0            0            0            0            0         0.09            0  
        -13          -13            0     -0.68048     0.043089     0.017763     0.025326  -1.0457e-12     -0.22601    -0.070369     -0.15564  -3.3862e-13    4.507e-14  -7.9026e-15   5.2972e-14      -15.792      -13.027            0       -84.21       5.3323      -15.889  -1.2941e-10      -82.756      -14.714  -1.3041e-10      -80.595            0            0            0       26.946            0           27      -3.6232  -6.6208e-11       -5.042   8.8123e-12      0.03431   4.3251e-13      0.14997      -16.416            0       143.97      0.64612    -0.023347            0            0            0            0            0            0            0            0            0            0         0.09            0  
        -12          -12            0     -0.62975     0.037981     0.016327     0.021653   1.0221e-13     -0.19579    -0.058472     -0.13732   1.6351e-13  -4.2051e-15   2.7818e-15  -6.9869e-15      -16.581      -13.158            0      -77.933       4.7001      -13.582   1.2649e-11      -76.787      -12.581   1.3323e-11      -74.921            0            0            0       26.951            0           27      -3.4513   3.1971e-11      -4.3678  -8.2221e-13     0.037508  -1.8125e-13      0.15003      -15.237            0        126.9      0.64725    -0.023621            0            0            0            0            0            0            0            0            0            0         0.09            0  
        -11          -11            0     -0.57852     0.033178     0.014934     0.018244   1.1857e-12     -0.16777    -0.047786     -0.11999   6.9365e-13  -5.8549e-14   9.6339e-15  -6.8183e-14      -17.437      -13.263            0      -71.593       4.1058      -11.444   1.4673e-10      -70.708      -10.599   1.5208e-10      -69.119            0            0            0       26.956            0           27      -3.2823   1.3563e-10      -3.7428  -1.1448e-11     0.040674  -9.4478e-13      0.14996      -14.039            0       110.86      0.64831    -0.023531            0            0            0            0            0            0            0            0            0            0         0.09            0  
        -10          -10            0     -0.52679     0.028826     0.013722     0.015104   4.0115e-13     -0.14235    -0.038667     -0.10368   2.9253e-13   -1.822e-14     3.26e-15   -2.148e-14      -18.275      -13.264            0      -65.191       3.5673      -9.4796   4.9642e-11      -64.526      -8.7736   5.5188e-11      -63.195            0            0            0        26.96            0           27      -3.1321   5.7197e-11      -3.1756  -3.5624e-12       0.0438  -4.1092e-13      0.14972      -12.823            0       96.317      0.64929    -0.023073            0            0            0            0            0            0            0            0            0            0         0.09            0  
         -9           -9            0     -0.47458     0.024888     0.012647     0.012242   6.2052e-13     -0.11919    -0.030774    -0.088415   3.3378e-13  -2.6448e-14   4.0431e-15  -3.0491e-14      -19.069      -13.136            0       -58.73       3.0799      -7.6911   7.6789e-11      -58.244      -7.1083   7.6743e-11      -57.151            0            0            0       26.963            0           27       -3.002   6.5264e-11      -2.6589  -5.1714e-12     0.046878  -5.9464e-13      0.14932      -11.589            0       83.158      0.65018    -0.022248            0            0            0            0            0            0            0            0            0            0         0.09            0  
         -8           -8            0     -0.42189     0.021355     0.011693    0.0096626   5.0935e-13     -0.09815    -0.023939    -0.074211    1.863e-13  -1.9931e-14   2.3868e-15  -2.2318e-14      -19.756      -12.832            0       -52.21       2.6428      -6.0821   6.3032e-11      -51.868      -5.6068   6.2324e-11      -50.992            0            0            0       26.965            0           27      -2.8977   3.6426e-11      -2.1896  -3.8971e-12     0.049899  -4.0231e-13      0.14872      -10.338            0       71.354      0.65097    -0.021052            0            0            0            0            0            0            0            0            0            0         0.09            0  
         -7           -7            0     -0.36874     0.018236     0.010862    0.0073741   6.2035e-13    -0.079092    -0.018002    -0.061091   2.9556e-13  -2.1939e-14   2.1632e-15  -2.4102e-14      -20.221      -12.279            0      -45.632       2.2567      -4.6554   7.6768e-11      -45.403       -4.273   7.5735e-11      -44.724            0            0            0       26.967            0           27      -2.8312    5.779e-11      -1.7644  -4.2897e-12      0.05285  -6.8431e-13      0.14789      -9.0714            0       60.931      0.65161    -0.019488            0            0            0            0            0            0            0            0            0            0         0.09            0  
         -6           -6            0     -0.31514     0.015589     0.010206    0.0053829   3.4941e-13    -0.062006    -0.012934    -0.049072   1.4736e-13  -1.1741e-14   9.9532e-16  -1.2737e-14      -20.216      -11.349            0      -38.999       1.9291       -3.414    4.324e-11      -38.855      -3.1102   4.0951e-11       -38.35            0            0            0       26.967            0           27      -2.8318   2.8813e-11      -1.3833  -2.2958e-12      0.05571  -4.2041e-13      0.14676      -7.7887            0       52.085      0.65201    -0.017557            0            0            0            0            0            0            0            0            0            0         0.09            0  
         -5           -5            0     -0.26111     0.013301    0.0096053    0.0036954   2.2741e-13    -0.046605   -0.0084317    -0.038173    1.148e-13  -1.0203e-14   5.0295e-16  -1.0706e-14      -19.631      -10.031            0      -32.312        1.646      -2.3606   2.8142e-11      -32.229       -2.122   2.8867e-11      -31.875            0            0            0       26.965            0           27      -2.9161   2.2446e-11      -1.0397   -1.995e-12     0.058447  -3.4946e-13       0.1452       -6.491            0       44.441      0.65196    -0.015261            0            0            0            0            0            0            0            0            0            0         0.09            0  
         -4           -4            0     -0.20665     0.011373    0.0090544    0.0023185   7.5996e-13    -0.032823   -0.0044128     -0.02841   4.0584e-13  -2.7348e-14   1.9393e-15  -2.9288e-14       -18.17        -8.26            0      -25.573       1.4074      -1.4977   9.4046e-11      -25.531      -1.3116    9.341e-11      -25.306            0            0            0       26.959            0           27      -3.1501   7.9353e-11     -0.73223  -5.3473e-12     0.060995  -1.7164e-12      0.14296      -5.1789            0           38       0.6509    -0.012605            0            0            0            0            0            0            0            0            0            0         0.09            0  
         -3           -3            0     -0.15178    0.0097829    0.0085243    0.0012586  -8.2927e-13    -0.020628  -0.00082756      -0.0198  -2.7608e-13   2.8925e-14   -1.569e-15   3.0494e-14      -15.515      -6.0447            0      -18.783       1.2106     -0.82751  -1.0262e-10      -18.766     -0.68211  -1.0265e-10      -18.646            0            0            0       26.944            0           27      -3.6878  -5.3981e-11     -0.46017   5.6557e-12     0.063199   1.7529e-12      0.13938      -3.8531            0       32.687      0.64688   -0.0095927            0            0            0            0            0            0            0            0            0            0         0.09            0  
         -2           -2            0    -0.096526    0.0086093    0.0080872   0.00052211  -1.0077e-12    -0.010002    0.0023549    -0.012357  -4.0333e-13   3.8729e-14  -1.6508e-15    4.038e-14      -11.212      -3.4834            0      -11.945       1.0654     -0.35231   -1.247e-10       -11.94     -0.23643  -1.2276e-10      -11.901            0            0            0       26.893            0           27      -5.0968  -7.8861e-11     -0.22312   7.5726e-12     0.064555   3.8657e-12      0.13228      -2.5142            0       28.766      0.63064   -0.0062313            0            0            0            0            0            0            0            0            0            0         0.09            0  
         -1           -1            0     -0.04089    0.0079222    0.0078067   0.00011547  -3.2622e-13  -0.00083259    0.0052607   -0.0060933  -4.9813e-14    1.197e-14    -2.52e-17   1.1996e-14      -5.1615      -1.0437            0      -5.0602      0.98038    -0.074026   -4.037e-11      -5.0597     0.022659  -3.7979e-11      -5.0764            0            0            0       26.507            0           27      -10.965  -9.7398e-12    -0.018574   2.3405e-12     0.061813   1.4296e-12      0.10766      -1.1631            0        26.47      0.51172   -0.0025276            0            0            0            0            0            0            0            0            0            0         0.09            0  
          0            0            0     0.015107    0.0077927    0.0077478   4.4902e-05  -2.6424e-13    0.0070954     0.008118   -0.0010226  -1.3536e-13   9.7853e-15   1.5064e-16   9.6346e-15       1.9386      0.23827       8.1361       1.8695      0.96435    0.0055567    -3.27e-11       1.8695     0.092558  -3.1651e-11       1.8216            0            0            0       23.996            0           27       27.286  -2.6466e-11      0.15829   1.9133e-12     0.099978  -8.0542e-12      0.25998      0.19953            0       26.037      0.17961    0.0015103            0            0            0            0            0            0            0            0            0            0         0.09            0  
          1            1            0     0.071449    0.0082526     0.007936   0.00031654    9.806e-14     0.014081     0.011236    0.0028445   1.0255e-13  -3.2843e-15  -1.7602e-16  -3.1083e-15       8.6578       2.3142       3.7411       8.8419       1.0213     -0.11515   1.2135e-11       8.8412     -0.02915   1.1323e-11       8.7875            0            0            0       26.822            0           27       6.5886   2.0051e-11      0.31412  -6.4217e-13     0.082201   1.2078e-12      0.17079        1.573            0       27.574      0.56992    0.0058732            0            0            0            0            0            0            0            0            0            0         0.09            0  
          2            2            0      0.12812    0.0092567    0.0083204   0.00093637  -4.6108e-13     0.020291     0.014793    0.0054982  -1.7585e-13   1.4722e-14   8.6378e-16   1.3858e-14       13.841       4.9541       2.7938       15.855       1.1455     -0.43752  -5.7059e-11       15.849      -0.3447  -5.6623e-11       15.816            0            0            0        26.93            0           27       4.1325  -3.4384e-11      0.45266   2.8785e-12     0.082351  -1.2963e-12      0.15929       2.9564            0       30.929      0.61949     0.010551            0            0            0            0            0            0            0            0            0            0         0.09            0  
          3            3            0       0.1851     0.010749    0.0088385    0.0019102   7.8739e-14     0.025831     0.018901    0.0069301  -1.4121e-14   1.1293e-15  -3.1809e-16   1.4474e-15       17.221        7.409       2.3243       22.907       1.3302     -0.96277    9.744e-12       22.887     -0.85614   8.5866e-12         22.9            0            0            0       26.955            0           27       3.3234   -2.761e-12      0.57626   2.2081e-13     0.083911  -6.1811e-14      0.15411        4.349            0       35.914      0.63385     0.015532            0            0            0            0            0            0            0            0            0            0         0.09            0  
          4            4            0      0.24238     0.012657    0.0094131    0.0032438  -2.9404e-13     0.030663      0.02353    0.0071326  -6.1938e-14   1.0505e-15   7.1973e-16   3.3078e-16        19.15       9.4278       2.0312       29.994       1.5663      -1.6919  -3.6387e-11       29.949      -1.5653  -3.6608e-11       30.034            0            0            0       26.963            0           27       2.9893   -1.211e-11      0.68404    2.054e-13     0.085837  -2.4971e-13      0.15076       5.7501            0        42.29         0.64     0.020805            0            0            0            0            0            0            0            0            0            0         0.09            0  
          5            5            0      0.29993      0.01498     0.010038    0.0049426   4.7646e-14     0.034808     0.028708       0.0061   1.6952e-14  -3.0719e-15  -1.8904e-16  -2.8828e-15       20.022       10.965        1.826       37.116       1.8538      -2.6256   5.8963e-12       37.028      -2.4739   5.7393e-12       37.212            0            0            0       26.966            0           27       2.8593   3.3145e-12      0.77651  -6.0063e-13     0.087876   5.4131e-14      0.14816       7.1587            0       50.053      0.64317     0.026356            0            0            0            0            0            0            0            0            0            0         0.09            0  
          6            6            0      0.35773     0.017747     0.010735     0.007012  -9.0677e-13     0.038382     0.034554    0.0038275   -3.937e-13   2.1184e-14   2.7288e-15   1.8455e-14       20.157       12.056       1.6719        44.27       2.1962      -3.7645  -1.1221e-10       44.118      -3.5834  -1.0605e-10       44.427            0            0            0       26.967            0           27       2.8401  -7.6978e-11      0.85623    4.142e-12     0.089934  -1.0478e-12      0.14592        8.574            0       59.298      0.64496     0.032172            0            0            0            0            0            0            0            0            0            0         0.09            0  
          7            7            0      0.41578     0.021049     0.011592    0.0094571  -8.2259e-13     0.041758     0.041446   0.00031176   -4.188e-13    2.338e-14    3.348e-15   2.0032e-14       19.753       12.737       1.5509       51.453       2.6048      -5.1089   -1.018e-10       51.212      -4.8949  -9.9435e-11       51.673            0            0            0       26.965            0           27       2.8982  -8.1887e-11      0.93154   4.5714e-12     0.091969  -9.3781e-13      0.14387       9.9952            0       70.331      0.64597     0.038238            0            0            0            0            0            0            0            0            0            0         0.09            0  
          8            8            0      0.47404     0.024913      0.01263     0.012283   9.8271e-13     0.045256     0.049705   -0.0044492   3.2291e-13  -3.0839e-14  -4.2326e-15  -2.6607e-14       19.028       13.101       1.4524       58.663       3.0829       -6.659   1.2161e-10       58.303      -6.4096   1.1549e-10       58.944            0            0            0       26.963            0           27       3.0083   6.3137e-11       1.0096  -6.0299e-12     0.093956   6.7618e-13      0.14192       11.421            0        83.24      0.64651     0.044539            0            0            0            0            0            0            0            0            0            0         0.09            0  
          9            9            0       0.5325     0.029353     0.013859     0.015494   3.4979e-13     0.049078     0.059534    -0.010456  -1.6136e-14  -1.2022e-14  -6.3737e-16  -1.1384e-14       18.141       13.238       1.3704       65.897       3.6325      -8.4147   4.3287e-11       65.386      -8.1283   4.3909e-11       66.232            0            0            0       26.959            0           27       3.1552  -3.1551e-12       1.0948  -2.3506e-12     0.095883   8.9566e-15      0.14002       12.852            0       98.077      0.64671     0.051057            0            0            0            0            0            0            0            0            0            0         0.09            0  
         10           10            0      0.59113     0.034361     0.015266     0.019096  -1.0596e-12     0.053411     0.071119    -0.017708  -4.8713e-13   1.7633e-14   7.7068e-15   9.9259e-15       17.203       13.227       1.3006       73.153       4.2523      -10.376  -1.3112e-10       72.452      -10.051  -1.2527e-10       73.531            0            0            0       26.955            0           27       3.3268  -9.5247e-11       1.1915   3.4477e-12     0.097739   -7.951e-13      0.13813       14.285            0       114.81      0.64667     0.057777            0            0            0            0            0            0            0            0            0            0         0.09            0  
         11           11            0      0.64993     0.039999     0.016908     0.023092  -9.5073e-13     0.058665     0.084868    -0.026202   -5.174e-13   2.1805e-14   9.1251e-15    1.268e-14       16.248       13.099       1.2404       80.429         4.95      -12.541  -1.1765e-10       79.496       -12.18  -1.0673e-10       80.835            0            0            0       26.949            0           27       3.5218  -1.0116e-10       1.3087   4.2635e-12     0.099518  -7.5149e-13      0.13626       15.721            0       133.65      0.64644      0.06468            0            0            0            0            0            0            0            0            0            0         0.09            0  
         12           12            0      0.70885     0.046264     0.018779     0.027486  -1.1742e-12     0.065066        0.101    -0.035936  -5.7937e-13   3.4764e-14   1.1122e-14   2.3642e-14       15.322         12.9       1.1877       87.721       5.7253      -14.911  -1.4531e-10       86.512      -14.513  -1.2533e-10       88.137            0            0            0       26.943            0           27       3.7342  -1.1328e-10       1.4515   6.7973e-12      0.10122   -8.104e-13      0.13437       17.159            0       154.58      0.64604     0.071747            0            0            0            0            0            0            0            0            0            0         0.09            0  
         13           13            0       0.7679     0.053236     0.020954     0.032282   -6.956e-13     0.073217      0.12012    -0.046904  -1.8873e-13     6.61e-15   5.4314e-15   1.1787e-15       14.424        12.64       1.1412       95.028       6.5881      -17.484  -8.6081e-11       93.491      -17.051  -8.8272e-11       95.428            0            0            0       26.935            0           27       3.9658  -3.6902e-11       1.6334   1.2924e-12      0.10283   -2.291e-13      0.13247       18.597            0       177.88       0.6455      0.07896            0            0            0            0            0            0            0            0            0            0         0.09            0  
         14           14            0      0.82703     0.061192     0.023708     0.037484   9.3894e-14     0.085063      0.14416      -0.0591  -1.2445e-14   2.9694e-15  -1.2808e-15   4.2502e-15       13.515       12.291       1.0996       102.35       7.5726      -20.259   1.1619e-11       100.43      -19.794    7.554e-12        102.7            0            0            0       26.926            0           27       4.2316  -2.4333e-12       1.8976   5.8059e-13      0.10435   1.6648e-14      0.13054       20.034            0       204.46      0.64483     0.086299            0            0            0            0            0            0            0            0            0            0         0.09            0  
         15           15            0      0.88623     0.069998     0.026903     0.043095  -8.5491e-13       0.1008      0.17331    -0.072516  -4.0615e-13   2.5917e-14   1.1922e-14   1.3995e-14       12.661       11.919       1.0622       109.67       8.6623      -23.234   -1.058e-10       107.32      -22.742  -9.3548e-11       109.96            0            0            0       26.916            0           27       4.5161  -7.9414e-11       2.2486   5.0676e-12      0.10578  -4.3109e-13       0.1286        21.47            0       233.88      0.64405     0.093743            0            0            0            0            0            0            0            0            0            0         0.09            0  
         16           16            0      0.94549     0.079513     0.030395     0.049118  -1.1685e-12      0.11933      0.20647    -0.087142  -5.3639e-13   2.1254e-14   2.1509e-14    -2.55e-16       11.891       11.562       1.0284          117       9.8398      -26.408  -1.4461e-10       114.15      -25.892    -1.32e-10       117.18            0            0            0       26.905            0           27       4.8071  -1.0488e-10        2.662   4.1558e-12      0.10711  -5.3106e-13      0.12663       22.904            0       265.67      0.64316      0.10127            0            0            0            0            0            0            0            0            0            0         0.09            0  
         17           17            0       1.0048     0.090508     0.034953     0.055555  -2.2337e-12      0.14616      0.24913     -0.10297  -8.7833e-13   5.1272e-14   3.5978e-14   1.5295e-14       11.101       11.128      0.99763       124.34         11.2      -29.779  -2.7643e-10       120.92      -29.246  -2.4875e-10       124.36            0            0            0       26.891            0           27       5.1472  -1.7174e-10       3.2607   1.0025e-11      0.10835  -8.4074e-13      0.12464       24.335            0       302.41      0.64218      0.10886            0            0            0            0            0            0            0            0            0            0         0.09            0  
         18           18            0        1.064      0.10372     0.041308     0.062409  -1.6336e-12      0.18752       0.3075     -0.11998  -7.9044e-13   3.0451e-14   3.6863e-14  -6.4119e-15       10.259       10.583      0.96944       131.68       12.835      -33.345  -2.0216e-10       127.62        -32.8  -1.7953e-10        131.5            0            0            0       26.873            0           27       5.5673  -1.5455e-10       4.1833    5.954e-12      0.10948  -6.9636e-13      0.12263       25.761            0       346.55       0.6411       0.1165            0            0            0            0            0            0            0            0            0            0         0.09            0  
         19           19            0       1.1229      0.12174     0.052119     0.069622   3.6151e-14      0.26566      0.40373     -0.13807  -1.0072e-13  -6.0324e-15  -8.3757e-15   2.3433e-15        9.224       9.7745      0.94368       138.96       15.066      -37.096   4.4737e-12        134.2      -36.545   1.1383e-11       138.54            0            0            0       26.843            0           27       6.1875  -1.9693e-11       5.9265  -1.1795e-12      0.11052    -7.17e-14      0.12062       27.178            0       406.77      0.64005      0.12411            0            0            0            0            0            0            0            0            0            0         0.09            0  
         20           20            0       1.1825      0.14842      0.07105     0.077374   2.4396e-13      0.41395      0.57146     -0.15751  -1.9449e-14   -8.495e-15  -4.1865e-15  -4.3084e-15       7.9672       8.6638      0.91959       146.34       18.368      -41.053   3.0191e-11       140.79      -40.506   2.4061e-11       145.61            0            0            0        26.79            0           27       7.1541  -3.8027e-12       9.2346   -1.661e-12      0.11145   7.7921e-15      0.11853       28.597            0       495.93      0.63867      0.13179            0            0            0            0            0            0            0            0            0            0         0.09            0  
