Pepino_xl_goe611_wing_only_tip2
T1-50.0 m/s-LLT-x0.3m
Freestream speed = 50.000 m/s


 Ctrl        Alpha        Beta         CL           CD           CD_viscous   CD_induced   CY           Cm           Cm_viscous   Cm_pressure  Cl           Cn           Cn_viscous   Cn_pressure  CL/CD        CL^(3/2)/CD  1/sqrt(CL)   Lift_(N)     Drag_(N)     Fx_FF_(N)    Fy_FF_(N)    Fz_FF_(N)    Fx_sum_(N)   Fy_sum_(N)   Fz_sum_(N)   Extra_drag_(N)  Fuse_drag_(N)  Cf_Fuse      Vx_(m/s)     Vz_(m/s)     V_(m/s)      Gamma        L_(N.m)      M_(N.m)      N_(N.m)      CPx_(m)      CPy_(m)      CPz_(m)      BM_(N.m)     m.g.Vz_(W)   Drag_x_V_(W)  Efficiency   XCp.Cl       XNP_(m)      Phugoid_Freq._(Hz)  Phugoid_Damping  Short_Period_Freq._(Hz)  Short_Period_Damping_Ratio  Dutch_Roll_Freq._(Hz)  Dutch_Roll_Damping  Roll_Damping  Spiral_Damping  Mass_(kg)    CoG_x_(m)    CoG_z_(m)    
          0          -15            0     -0.26517       0.1737       0.1719    0.0018041            0    0.0093313    0.0013935    0.0079378  -4.0024e-18  -3.0133e-18  -2.7744e-18  -2.3889e-19      -1.5266     -0.78611            0      -208.83        136.8      -52.677            0      -202.08            0            0            0            0            0            0       41.825      -44.897           50      -33.227  -8.5103e-15       1.4328  -6.4073e-15      0.33225            0            0       -65.28       -17618       6839.8      0.87524    -0.088104            0            0            0            0            0            0            0            0            0           40        0.325            0  
          0        -14.5            0     -0.25555      0.16748       0.1658    0.0016831            0    0.0080949      0.00135    0.0067449  -4.8142e-18  -2.9972e-18  -2.7282e-18  -2.6902e-19      -1.5258     -0.77133            0      -201.25        131.9      -49.106            0      -195.17            0            0            0            0            0            0       41.819      -45.757           50       -33.24  -1.0236e-14       1.2429   -6.373e-15      0.33071            0            0      -63.243       -17955       6594.8       0.8713    -0.084513            0            0            0            0            0            0            0            0            0           40        0.325            0  
          0          -14            0     -0.24648      0.16132      0.15974    0.0015795            0    0.0071523    0.0013066    0.0058456  -5.2201e-18  -3.3521e-18  -3.0673e-18   -2.848e-19      -1.5279     -0.75856            0      -194.11       127.04      -45.752            0      -188.64            0            0            0            0            0            0       41.836      -46.528           50      -33.204  -1.1099e-14       1.0982  -7.1276e-15      0.32949            0            0      -61.349       -18258       6352.1      0.86375    -0.081213            0            0            0            0            0            0            0            0            0           40        0.325            0  
          0        -13.5            0     -0.23802      0.15526      0.15378    0.0014865            0    0.0065333    0.0012633      0.00527  -5.2868e-18  -2.8744e-18  -2.5946e-18  -2.7978e-19       -1.533     -0.74792            0      -187.45       122.27       -42.62            0      -182.54            0            0            0            0            0            0       41.878       -47.19           50      -33.117  -1.1241e-14       1.0032  -6.1118e-15      0.32864            0            0      -59.596       -18517       6113.6      0.85588    -0.078222            0            0            0            0            0            0            0            0            0           40        0.325            0  
          0          -13            0     -0.22939      0.14923      0.14784    0.0013904            0    0.0058721    0.0012189    0.0046532  -4.2336e-18  -3.0042e-18  -2.8001e-18  -2.0409e-19      -1.5371      -0.7362            0      -180.65       117.53       -39.57            0      -176.27            0            0            0            0            0            0       41.911      -47.941           50      -33.047  -9.0019e-15      0.90165  -6.3879e-15      0.32804            0            0      -57.837       -18812       5876.3      0.84985    -0.075249            0            0            0            0            0            0            0            0            0           40        0.325            0  
          0        -12.5            0     -0.21945      0.14302      0.14173    0.0012855            0     0.004406    0.0011699    0.0032361  -4.1976e-18   -2.475e-18  -2.3018e-18  -1.7325e-19      -1.5344     -0.71878            0      -172.82       112.63      -36.417            0      -168.94            0            0            0            0            0            0       41.889      -49.103           50      -33.093  -8.9254e-15      0.67652  -5.2626e-15      0.32655            0            0      -55.682       -19268       5631.6      0.84126     -0.07166            0            0            0            0            0            0            0            0            0           40        0.325            0  
          0          -12            0     -0.20681      0.13654      0.13539    0.0011444            0   0.00015984     0.001119  -0.00095918  -4.2079e-18  -2.8941e-18  -2.7462e-18  -1.4796e-19      -1.5147     -0.68882            0      -162.87       107.53      -32.981            0       -159.5            0            0            0            0            0            0       41.726      -51.239           50      -33.433  -8.9473e-15     0.024543  -6.1538e-15       0.3226            0            0      -52.645       -20106       5376.3      0.83932    -0.066718            0            0            0            0            0            0            0            0            0           40        0.325            0  
          0        -11.5            0      -0.1907      0.12966      0.12869   0.00097244            0   -0.0067528    0.0010667   -0.0078195  -3.1495e-18  -2.2313e-18  -2.1271e-18   -1.042e-19      -1.4708     -0.64229            0      -150.18       102.11      -29.191            0      -147.32            0            0            0            0            0            0       41.348       -54.95           50      -34.212  -6.6968e-15      -1.0369  -4.7444e-15      0.31568            0            0      -48.657       -21562       5105.5      0.83983      -0.0602            0            0            0            0            0            0            0            0            0           40        0.325            0  
          0          -11            0     -0.17255      0.12255      0.12175   0.00079982            0    -0.016108    0.0010097    -0.017117  -3.5143e-18  -2.4562e-18  -2.3608e-18  -9.5322e-20       -1.408     -0.58489            0      -135.89       96.509      -25.311            0      -133.51            0            0            0            0            0            0       40.765      -60.343           50      -35.383  -7.4725e-15      -2.4733  -5.2226e-15      0.30446            0            0      -43.874       -23679       4825.5      0.83597    -0.052535            0            0            0            0            0            0            0            0            0           40        0.325            0  
          0        -10.5            0     -0.15617      0.11575       0.1151   0.00064644            0    -0.025075   0.00095418    -0.026029  -2.8053e-18  -2.3543e-18  -2.2812e-18  -7.3083e-20      -1.3492     -0.53318            0      -122.98       91.153      -21.911            0      -121.02            0            0            0            0            0            0        40.17      -66.196           50      -36.545  -5.9649e-15      -3.8502  -5.0059e-15      0.29171            0            0      -39.455       -25975       4557.6       0.8472    -0.045555            0            0            0            0            0            0            0            0            0           40        0.325            0  
          0          -10            0     -0.13962      0.10898      0.10847   0.00051108            0    -0.034051    0.0009009    -0.034952  -2.7076e-18  -2.1184e-18  -2.0551e-18  -6.3219e-20      -1.2811     -0.47869            0      -109.95       85.826      -18.697            0      -108.35            0            0            0            0            0            0       39.414       -73.73           50      -37.975  -5.7573e-15      -5.2284  -4.5043e-15      0.27517            0            0       -35.04       -28932       4291.3      0.85651    -0.038419            0            0            0            0            0            0            0            0            0           40        0.325            0  
          0         -9.5            0     -0.12137      0.10223      0.10185   0.00038747            0    -0.042646   0.00084985    -0.043496  -2.6306e-18  -1.9806e-18  -1.9241e-18  -5.6494e-20      -1.1872     -0.41361            0      -95.584       80.512      -15.475            0      -94.324            0            0            0            0            0            0       38.242      -85.332           50      -40.108  -5.5934e-15      -6.5482  -4.2114e-15      0.25104            0            0      -30.473       -33484       4025.6      0.85378    -0.030469            0            0            0            0            0            0            0            0            0           40        0.325            0  
          0           -9            0     -0.10429     0.095612     0.095325   0.00028685            0    -0.050528       0.0008    -0.051328  -2.4687e-18  -2.0164e-18  -1.9729e-18  -4.3446e-20      -1.0908     -0.35225            0       -82.13       75.296      -12.625            0      -81.154            0            0            0            0            0            0       36.855       -100.2           50      -42.514  -5.2493e-15      -7.7583  -4.2874e-15      0.22462            0            0      -26.208       -39317       3764.8      0.85145    -0.023426            0            0            0            0            0            0            0            0            0           40        0.325            0  
          0         -8.5            0    -0.090088     0.089084     0.088872   0.00021238            0    -0.057809   0.00075374    -0.058563  -1.9678e-18  -1.7899e-18  -1.7571e-18  -3.2708e-20      -1.0113     -0.30353            0      -70.946       70.156      -10.321            0      -70.191            0            0            0            0            0            0       35.553      -116.28           50      -44.679  -4.1841e-15      -8.8764  -3.8058e-15      0.19168            0            0       -22.46       -45628       3507.8      0.85812    -0.017268            0            0            0            0            0            0            0            0            0           40        0.325            0  
          0           -8            0    -0.076048     0.082733     0.082583   0.00014996            0    -0.064727   0.00070742    -0.065434  -1.6505e-18  -1.5095e-18  -1.4848e-18  -2.4694e-20      -0.9192     -0.25349            0      -59.889       65.154       -8.218            0      -59.323            0            0            0            0            0            0       33.837      -139.24           50      -47.411  -3.5095e-15      -9.9386  -3.2097e-15       0.1456            0            0      -18.809       -54636       3257.7      0.86603    -0.011073            0            0            0            0            0            0            0            0            0           40        0.325            0  
          0         -7.5            0    -0.058809     0.076522      0.07643    9.153e-05            0     -0.07249   0.00065871    -0.073149  -1.3525e-18  -1.5356e-18  -1.5208e-18   -1.476e-20     -0.76853     -0.18637            0      -46.314       60.263      -5.9737            0      -45.927            0            0            0            0            0            0       30.468      -189.37           50      -52.457  -2.8759e-15      -11.131  -3.2651e-15     0.048406            0            0      -14.573       -74310       3013.1      0.84853   -0.0028467            0            0            0            0            0            0            0            0            0           40        0.325            0  
          0           -7            0    -0.038893     0.070376     0.070336   4.0454e-05            0    -0.082791    0.0006077    -0.083398  -8.1756e-19  -1.3134e-18  -1.3076e-18  -5.8396e-21     -0.55265     -0.10899            0      -30.629       55.423      -3.7011            0      -30.405            0            0            0            0            0            0       24.185      -323.83           50      -61.073  -1.7384e-15      -12.712  -2.7927e-15     -0.15656            0            0      -9.5028  -1.2707e+05       2771.1       0.8397    0.0060891            0            0            0            0            0            0            0            0            0           40        0.325            0  
          0         -6.5            0   -0.0091115     0.063781     0.063777   4.0903e-06            0    -0.094851   0.00056011    -0.095411   -7.702e-19  -1.0544e-18  -1.0533e-18    -1.13e-21     -0.14285    -0.013636            0      -7.1755       50.229     -0.80909            0      -7.1297            0            0            0            0            0            0        7.071      -2588.3           50       -81.87  -1.6377e-15      -14.564   -2.242e-15      -0.4568            0            0      -2.3218  -1.0156e+06       2511.5      0.45578    0.0041621            0            0            0            0            0            0            0            0            0           40        0.325            0  
          0           -6            0      0.02525     0.056505     0.056491   1.4373e-05            0     -0.11101   0.00051024     -0.11152   4.1617e-19  -8.5798e-19  -8.5674e-19  -1.2442e-21      0.44686     0.071008       6.2932       19.885       44.499       2.0898            0       19.775            0            0            0            0            0            0       20.399       497.04           50       65.922    8.849e-16      -17.046  -1.8243e-15       1.0429            0            0       6.3421   1.9504e+05       2224.9      0.99616     0.026333            0            0            0            0            0            0            0            0            0           40        0.325            0  
          0         -5.5            0     0.063844     0.050475     0.050383    9.177e-05            0     -0.12025    0.0004661     -0.12072   3.1212e-19  -7.6797e-19  -7.6426e-19  -3.7102e-21       1.2649       0.3196       3.9577       50.279        39.75       4.8909            0        50.04            0            0            0            0            0            0       39.223       110.43           50        38.33   6.6367e-16      -18.465  -1.6329e-15      0.83046            0            0       15.406        43334       1987.5      0.99743      0.05302            0            0            0            0            0            0            0            0            0           40        0.325            0  
          0           -5            0      0.10495     0.044451     0.044199   0.00025204            0     -0.13048    0.0004201      -0.1309   2.9029e-19  -6.3537e-19  -6.2939e-19  -5.9856e-21       2.3609      0.76482       3.0869       82.647       35.006       7.4009            0       82.315            0            0            0            0            0            0        46.04       46.147           50       22.956   6.1724e-16      -20.034   -1.351e-15       0.6108            0            0        25.23        18108       1750.3      0.98127       0.0641            0            0            0            0            0            0            0            0            0           40        0.325            0  
          0         -4.5            0      0.14683     0.039166     0.038664   0.00050172            0     -0.14017   0.00037508     -0.14054  -3.5965e-20  -5.4323e-19   -5.292e-19  -1.4034e-20       3.7489       1.4365       2.6097       115.63       30.844       9.4661            0       115.24            0            0            0            0            0            0       48.311        24.57           50       14.936  -7.6473e-17      -21.522  -1.1551e-15      0.52897            0            0       35.486       9641.1       1542.2      0.96494     0.077667            0            0            0            0            0            0            0            0            0           40        0.325            0  
          0           -4            0       0.1885     0.034638     0.033802   0.00083615            0     -0.14897   0.00033638      -0.1493   1.1252e-18  -5.4951e-19  -5.1122e-19   -3.829e-20       5.4419       2.3627       2.3033       148.45       27.278       11.012            0       148.04            0            0            0            0            0            0       49.177       14.938           50       10.412   2.3925e-15      -22.874  -1.1684e-15      0.49196            0            0       45.759       5861.7       1363.9      0.95428     0.092733            0            0            0            0            0            0            0            0            0           40        0.325            0  
          0         -3.5            0      0.23175     0.030896     0.029634    0.0012621            0     -0.15575   0.00030109     -0.15605   1.8959e-18  -5.2482e-19   -4.547e-19  -7.0124e-20       7.5011       3.6111       2.0773       182.51       24.331       12.134            0       182.11            0            0            0            0            0            0       49.562       9.7739           50       7.5936   4.0312e-15      -23.915  -1.1159e-15      0.46679            0            0       56.214       3835.3       1216.5       0.9556      0.10818            0            0            0            0            0            0            0            0            0           40        0.325            0  
          0           -3            0      0.27669     0.027632     0.025827    0.0018052            0     -0.16222    0.0002725     -0.16249    2.908e-18  -4.9643e-19  -4.0075e-19   -9.568e-20       10.013        5.267       1.9011        217.9       21.761       12.824            0       217.52            0            0            0            0            0            0       49.753        6.701           50       5.7031   6.1834e-15      -24.908  -1.0556e-15      0.44888            0            0       67.083       2629.5       1088.1      0.95232       0.1242            0            0            0            0            0            0            0            0            0           40        0.325            0  
          0         -2.5            0      0.32207     0.025029     0.022578    0.0024515            0     -0.16856   0.00024562      -0.1688   3.0365e-18  -4.4672e-19  -3.1598e-19  -1.3074e-19       12.868       7.3025       1.7621       253.63       19.711       12.992            0       253.31            0            0            0            0            0            0        49.85       4.8331           50       4.4438   6.4565e-15      -25.881  -9.4986e-16       0.4357            0            0       78.087       1896.5       985.55      0.95015      0.14033            0            0            0            0            0            0            0            0            0           40        0.325            0  
          0           -2            0       0.3678     0.023185     0.019983     0.003202            0     -0.17462   0.00022306     -0.17484   3.7095e-18  -4.8509e-19  -3.0378e-19  -1.8132e-19       15.864       9.6208       1.6489       289.65       18.259       12.629            0       289.39            0            0            0            0            0            0       49.901       3.6685           50        3.607   7.8876e-15      -26.812  -1.0315e-15      0.42641            0            0       89.169       1439.5       912.93      0.94874      0.15683            0            0            0            0            0            0            0            0            0           40        0.325            0  
          0         -1.5            0      0.41402     0.021741     0.017679    0.0040621            0     -0.18069   0.00020173     -0.18089   3.7095e-18  -4.8237e-19  -2.6267e-19   -2.197e-19       19.044       12.253       1.5541       326.05       17.121       11.733            0       325.86            0            0            0            0            0            0       49.931       2.8803           50       3.0059   7.8876e-15      -27.744  -1.0257e-15      0.41908            0            0       100.39       1130.2       856.07      0.94763      0.17351            0            0            0            0            0            0            0            0            0           40        0.325            0  
          0           -1            0      0.46056      0.02066     0.015627    0.0050324            0     -0.18667   0.00018362     -0.18686   4.1822e-18  -4.2603e-19  -1.3872e-19  -2.8731e-19       22.293       15.129       1.4735        362.7        16.27       10.293            0       362.58            0            0            0            0            0            0        49.95       2.3329           50       2.5684   8.8927e-15      -28.663  -9.0588e-16      0.41318            0            0       111.69       915.43        813.5      0.94653       0.1903            0            0            0            0            0            0            0            0            0           40        0.325            0  
          0         -0.5            0      0.50714       0.0199      0.01379    0.0061093            0     -0.19279   0.00016804     -0.19296   5.1378e-18  -4.0441e-19  -1.0276e-19  -3.0166e-19       25.485       18.149       1.4042       399.38       15.671       8.2962            0       399.33            0            0            0            0            0            0       49.962       1.9447           50       2.2471   1.0925e-14      -29.602  -8.5991e-16      0.40768            0            0       123.02       763.11       783.57      0.94538      0.20675            0            0            0            0            0            0            0            0            0           40        0.325            0  
          0            0            0      0.55348     0.019602     0.012317    0.0072853            0     -0.19893   0.00015326     -0.19909   4.6652e-18  -4.9933e-19  -8.8628e-20   -4.107e-19       28.236       21.007       1.3441       435.88       15.437       5.7374            0       435.88            0            0            0            0            0            0       49.969       1.6801           50       2.0283   9.9196e-15      -30.546  -1.0617e-15      0.40281            0            0       134.28       659.28       771.85      0.94428      0.22295            0            0            0            0            0            0            0            0            0           40        0.325            0  
          0          0.5            0      0.59967     0.019667     0.011106    0.0085604            0     -0.20506   0.00013883      -0.2052   5.2406e-18  -5.6574e-19  -9.1197e-20  -4.7455e-19       30.492       23.612       1.2914       472.25       15.488       2.6201            0       472.29            0            0            0            0            0            0       49.973       1.4947           50       1.8784   1.1143e-14      -31.486  -1.2029e-15      0.39844            0            0       145.51       586.54       774.39      0.94333      0.23893            0            0            0            0            0            0            0            0            0           40        0.325            0  
          0            1            0       0.6458     0.020582     0.010647    0.0099352            0     -0.21139   0.00012474     -0.21152   6.4429e-18  -5.7443e-19   -2.312e-20  -5.5131e-19       31.376       25.214       1.2444       508.58       16.209       -1.053            0       508.64            0            0            0            0            0            0       49.975       1.3998           50       1.8255     1.37e-14      -32.458  -1.2214e-15      0.39546            0            0        156.7       549.26       810.46      0.94267      0.25539            0            0            0            0            0            0            0            0            0           40        0.325            0  
          0          1.5            0      0.69273      0.02164     0.010202     0.011437            0     -0.21816   0.00011561     -0.21828   6.7511e-18  -5.9275e-19   6.2939e-20  -6.5568e-19       32.012       26.644       1.2015       545.54       17.042      -5.2765            0       545.59            0            0            0            0            0            0       49.976       1.3247           50       1.7892   1.4355e-14      -33.498  -1.2604e-15      0.39283            0            0       168.09       519.79       852.08       0.9422      0.27213            0            0            0            0            0            0            0            0            0           40        0.325            0  
          0            2            0      0.74129     0.022577     0.009488     0.013089            0     -0.22594   0.00010977     -0.22605    7.378e-18  -7.3815e-19  -6.4223e-21  -7.3173e-19       32.834       28.269       1.1615       583.78        17.78      -10.072            0       583.79            0            0            0            0            0            0       49.977       1.2485           50       1.7445   1.5688e-14      -34.692  -1.5695e-15      0.39072            0            0       179.89       489.91          889      0.94276      0.28964            0            0            0            0            0            0            0            0            0           40        0.325            0  
          0          2.5            0      0.78835     0.023782    0.0089695     0.014813            0     -0.23287   0.00010376     -0.23297   6.9053e-18  -9.2668e-19  -8.7343e-20  -8.3933e-19       33.148       29.432       1.1263       620.84       18.729      -15.426            0       620.76            0            0            0            0            0            0       49.977       1.1992           50       1.7279   1.4683e-14      -35.756  -1.9704e-15      0.38874            0            0       191.28       470.55       936.46      0.94218      0.30647            0            0            0            0            0            0            0            0            0           40        0.325            0  
          0            3            0      0.83451     0.025377    0.0087601     0.016617            0     -0.23997   9.7149e-05     -0.24007   8.3644e-18  -1.0616e-18  -1.7276e-19  -8.8883e-19       32.885       30.041       1.0947       657.19       19.985      -21.327            0       656.98            0            0            0            0            0            0       49.977       1.1749           50       1.7418   1.7785e-14      -36.846  -2.2573e-15      0.38709            0            0       202.54       461.02       999.23      0.94115      0.32303            0            0            0            0            0            0            0            0            0           40        0.325            0  
          0          3.5            0      0.87938     0.027363    0.0088951     0.018468            0     -0.24639   9.1377e-05     -0.24648   8.0973e-18  -1.2575e-18  -3.8084e-19  -8.7664e-19       32.138       30.137       1.0664       692.53       21.549      -27.761            0       692.13            0            0            0            0            0            0       49.976       1.1711           50       1.7822   1.7217e-14      -37.832  -2.6738e-15      0.38556            0            0       213.47       459.55       1077.4      0.94032      0.33905            0            0            0            0            0            0            0            0            0           40        0.325            0  
          0            4            0      0.92392     0.029505    0.0090874     0.020418            0     -0.25321   8.9408e-05      -0.2533   8.5905e-18  -1.2973e-18  -3.3749e-19  -9.5985e-19       31.314         30.1       1.0404       727.61       23.236      -34.715            0       726.96            0            0            0            0            0            0       49.975       1.1726           50       1.8291   1.8266e-14       -38.88  -2.7586e-15      0.38424            0            0       224.39       460.12       1161.8      0.93887      0.35501            0            0            0            0            0            0            0            0            0           40        0.325            0  
          0          4.5            0      0.96767     0.031813    0.0093907     0.022423            0     -0.25998   8.8933e-05     -0.26007   9.9469e-18  -1.3895e-18  -8.9591e-20  -1.2999e-18       30.417       29.921       1.0166       762.06       25.054      -42.187            0        761.1            0            0            0            0            0            0       49.973       1.1796           50        1.883    2.115e-14      -39.919  -2.9545e-15      0.38308            0            0       235.15       462.86       1252.7      0.93779      0.37069            0            0            0            0            0            0            0            0            0           40        0.325            0  
          0            5            0       1.0112      0.03424    0.0097422     0.024497            0      -0.2664   9.0397e-05     -0.26649   1.2125e-17  -1.4134e-18  -1.3936e-19  -1.2741e-18       29.533       29.699      0.99444       796.35       26.964      -50.188            0          795            0            0            0            0            0            0       49.971       1.1884           50       1.9393   2.5782e-14      -40.905  -3.0054e-15      0.38193            0            0       245.81       466.33       1348.2      0.93735      0.38622            0            0            0            0            0            0            0            0            0           40        0.325            0  
          0          5.5            0       1.0544     0.036766     0.010113     0.026653            0     -0.27254   9.1935e-05     -0.27263   1.0378e-17  -1.7777e-18  -1.8657e-19  -1.5911e-18       28.679       29.449      0.97386       830.37       28.954      -58.694            0       828.56            0            0            0            0            0            0        49.97       1.1985           50        1.997   2.2068e-14      -41.848    -3.78e-15      0.38085            0            0       256.37       470.28       1447.7      0.93673      0.40158            0            0            0            0            0            0            0            0            0           40        0.325            0  
          0            6            0       1.0966     0.039419     0.010558     0.028861            0     -0.27859   9.3719e-05     -0.27868   8.5699e-18    -1.79e-18  -1.0276e-19  -1.6873e-18        27.82       29.133      0.95493       863.61       31.043      -67.669            0       861.26            0            0            0            0            0            0       49.968       1.2115           50       2.0587   1.8222e-14      -42.776  -3.8062e-15      0.37986            0            0       266.72       475.39       1552.2      0.93573      0.41657            0            0            0            0            0            0            0            0            0           40        0.325            0  
          0          6.5            0        1.134     0.042285     0.011317     0.030968            0     -0.28629   9.6321e-05     -0.28638   9.0426e-18  -1.7896e-18  -8.2206e-20  -1.7074e-18       26.818       28.558      0.93906       893.05         33.3      -76.865            0       890.07            0            0            0            0            0            0       49.965       1.2359           50       2.1355   1.9227e-14      -43.959  -3.8052e-15      0.37946            0            0        276.4       484.95         1665      0.93251      0.43031            0            0            0            0            0            0            0            0            0           40        0.325            0  
          0            7            0       1.1709     0.045213     0.012097     0.033116            0     -0.29383   9.8916e-05     -0.29393   1.3605e-17  -2.0248e-18  -7.6426e-20  -1.9484e-18       25.897       28.022      0.92415        922.1       35.607       -86.49            0        918.4            0            0            0            0            0            0       49.963       1.2595           50       2.2114   2.8928e-14      -45.117  -4.3054e-15      0.37905            0            0       285.96       494.23       1780.3      0.92967      0.44382            0            0            0            0            0            0            0            0            0           40        0.325            0  
          0          7.5            0       1.2045     0.048178      0.01298     0.035198            0     -0.30159   0.00010253      -0.3017   1.0235e-17  -2.0604e-18    -5.17e-20  -2.0087e-18       25.001       27.439      0.91116       948.57       37.941      -96.331            0       944.08            0            0            0            0            0            0        49.96       1.2863           50       2.2905   2.1762e-14      -46.309   -4.381e-15      0.37884            0            0       294.93       504.74       1897.1      0.92562      0.45632            0            0            0            0            0            0            0            0            0           40        0.325            0  
          0            8            0       1.2359      0.05119     0.013976     0.037214            0     -0.30792   0.00010656     -0.30803    1.231e-17  -2.1535e-18  -5.5874e-20  -2.0976e-18       24.144       26.842       0.8995       973.33       40.313      -106.44            0       967.93            0            0            0            0            0            0       49.957       1.3149           50       2.3717   2.6175e-14       -47.28   -4.579e-15      0.37849            0            0       303.28       515.97       2015.7      0.92178      0.46779            0            0            0            0            0            0            0            0            0           40        0.325            0  
          0          8.5            0       1.2676     0.054213     0.014945     0.039267            0     -0.31281   0.00011252     -0.31293   1.2721e-17  -2.2917e-18  -1.1656e-19  -2.1751e-18       23.383       26.326      0.88819       998.28       42.694      -116.97            0       991.89            0            0            0            0            0            0       49.954       1.3406           50       2.4489   2.7049e-14      -48.031  -4.8728e-15      0.37791            0            0       311.42       526.07       2134.7      0.91896      0.47906            0            0            0            0            0            0            0            0            0           40        0.325            0  
          0            9            0       1.2996     0.057257     0.015921     0.041335            0     -0.31738   0.00012114      -0.3175   1.1139e-17  -2.5418e-18  -9.1197e-20  -2.4506e-18       22.698       25.876      0.87719       1023.5       45.091      -127.95            0         1016            0            0            0            0            0            0       49.952        1.364           50       2.5227   2.3685e-14      -48.733  -5.4046e-15      0.37726            0            0       319.54       535.23       2254.5      0.91757      0.49029            0            0            0            0            0            0            0            0            0           40        0.325            0  
          0          9.5            0       1.3316     0.060334      0.01687     0.043465            0     -0.32244   0.00013079     -0.32257   8.7138e-18  -2.5296e-18  -1.7372e-19  -2.3559e-18       22.071       25.469      0.86658       1048.7       47.515      -139.32            0         1040            0            0            0            0            0            0       49.949       1.3858           50       2.5942   1.8528e-14      -49.509  -5.3787e-15       0.3767            0            0       327.72       543.78       2375.7      0.91616      0.50163            0            0            0            0            0            0            0            0            0           40        0.325            0  
          0           10            0       1.3629     0.063456     0.017874     0.045582            0      -0.3267   0.00014097     -0.32684   1.2023e-17  -2.7095e-18  -1.7854e-19  -2.5309e-18       21.478       25.074      0.85658       1073.3       49.973      -151.03            0       1063.3            0            0            0            0            0            0       49.946       1.4076           50       2.6657   2.5564e-14      -50.163  -5.7611e-15      0.37606            0            0       335.62       552.34       2498.7      0.91512      0.51254            0            0            0            0            0            0            0            0            0           40        0.325            0  
          0         10.5            0       1.3845     0.067088     0.019721     0.047367            0     -0.33571    0.0001502     -0.33586   1.4242e-17  -3.1519e-18   -1.217e-19  -3.0302e-18       20.636       24.281      0.84988       1090.3       52.834      -162.01            0       1078.8            0            0            0            0            0            0       49.941       1.4535           50       2.7743   3.0283e-14      -51.547  -6.7019e-15      0.37647            0            0       342.27       570.37       2641.7      0.90871      0.52121            0            0            0            0            0            0            0            0            0           40        0.325            0  
          0           11            0       1.4038     0.070843     0.021763     0.049081            0     -0.34489   0.00015922     -0.34505   1.5783e-17  -3.1399e-18  -6.4223e-21  -3.1335e-18       19.816       23.479        0.844       1105.5       55.791      -173.01            0       1092.6            0            0            0            0            0            0       49.936       1.5032           50       2.8889   3.3561e-14      -52.957  -6.6765e-15      0.37696            0            0        348.5       589.87       2789.5      0.90169      0.52919            0            0            0            0            0            0            0            0            0           40        0.325            0  
          0         11.5            0       1.4261     0.074561     0.023756     0.050804            0     -0.35019   0.00018411     -0.35037   1.0152e-17    -3.41e-18  -1.4161e-19  -3.2684e-18       19.126       22.841      0.83739       1123.1       58.718       -184.7            0       1108.5            0            0            0            0            0            0       49.932       1.5452           50       2.9929   2.1587e-14       -53.77  -7.2507e-15      0.37673            0            0        354.6       606.35       2935.9      0.89894      0.53725            0            0            0            0            0            0            0            0            0           40        0.325            0  
