Pepino_xl_goe611_wing_only_flap_flaperon
T1-40.0 m/s-LLT-x0.3m
Freestream speed = 40.000 m/s


 Ctrl        Alpha        Beta         CL           CD           CD_viscous   CD_induced   CY           Cm           Cm_viscous   Cm_pressure  Cl           Cn           Cn_viscous   Cn_pressure  CL/CD        CL^(3/2)/CD  1/sqrt(CL)   Lift_(N)     Drag_(N)     Fx_FF_(N)    Fy_FF_(N)    Fz_FF_(N)    Fx_sum_(N)   Fy_sum_(N)   Fz_sum_(N)   Extra_drag_(N)  Fuse_drag_(N)  Cf_Fuse      Vx_(m/s)     Vz_(m/s)     V_(m/s)      Gamma        L_(N.m)      M_(N.m)      N_(N.m)      CPx_(m)      CPy_(m)      CPz_(m)      BM_(N.m)     m.g.Vz_(W)   Drag_x_V_(W)  Efficiency   XCp.Cl       XNP_(m)      Phugoid_Freq._(Hz)  Phugoid_Damping  Short_Period_Freq._(Hz)  Short_Period_Damping_Ratio  Dutch_Roll_Freq._(Hz)  Dutch_Roll_Damping  Roll_Damping  Spiral_Damping  Mass_(kg)    CoG_x_(m)    CoG_z_(m)    
          0          -15            0     -0.15306      0.17049      0.16959   0.00090518            0    -0.076738            0    -0.076738   1.8974e-18   7.5789e-19    7.228e-19   3.5086e-20     -0.89774     -0.35122            0      -71.998       80.199      -18.223            0      -69.655            0            0            0            0            0            0       26.721      -104.02           40      -48.084    2.142e-15      -7.2195   8.5562e-16      0.21319            0            0      -18.703       -40817         3208       0.6865     -0.03263            0            0            0            0            0            0            0            0            0           40        0.325            0  
          0        -14.5            0     -0.14917      0.16534      0.16451   0.00083632            0    -0.074417            0    -0.074417   1.6432e-18   8.2681e-19   8.2445e-19   2.3654e-21      -0.9022     -0.34845            0       -70.17       77.777      -17.188            0      -68.034            0            0            0            0            0            0       26.795      -104.84           40      -47.943   1.8552e-15      -7.0012   9.3344e-16      0.20982            0            0      -18.398       -41141       3111.1      0.70578      -0.0313            0            0            0            0            0            0            0            0            0           40        0.325            0  
          0          -14            0     -0.14307      0.15944      0.15866   0.00078139            0    -0.073838            0    -0.073838   1.5868e-18   5.4027e-19   5.3081e-19   9.4614e-21      -0.8973     -0.33939            0      -67.298       75.001      -15.924            0      -65.388            0            0            0            0            0            0       26.714      -107.64           40      -48.098   1.7914e-15      -6.9467   6.0994e-16      0.20587            0            0      -17.703       -42239         3000      0.69482    -0.029453            0            0            0            0            0            0            0            0            0           40        0.325            0  
          0        -13.5            0     -0.13707      0.15312      0.15238   0.00073743            0    -0.073539            0    -0.073539   1.4569e-18   4.8853e-19   4.7434e-19   1.4192e-20      -0.8952     -0.33143            0      -64.477       72.026      -14.715            0      -62.777            0            0            0            0            0            0       26.679      -110.23           40      -48.165   1.6448e-15      -6.9186   5.5153e-16      0.20155            0            0      -16.984       -43255         2881      0.67582    -0.027627            0            0            0            0            0            0            0            0            0           40        0.325            0  
          0          -13            0     -0.13114      0.14681      0.14611   0.00069454            0    -0.072719            0    -0.072719   1.6263e-18   6.9275e-19   6.6633e-19   2.6413e-20     -0.89326     -0.32347            0      -61.687       69.059      -13.558            0       -60.18            0            0            0            0            0            0       26.647      -112.94           40      -48.227    1.836e-15      -6.8414   7.8208e-16      0.19783            0            0      -16.314       -44318       2762.4       0.6568    -0.025943            0            0            0            0            0            0            0            0            0           40        0.325            0  
          0        -12.5            0     -0.12517      0.14098      0.14035   0.00062848            0    -0.071287            0    -0.071287   1.2423e-18   3.9798e-19   3.8399e-19   1.3995e-20     -0.88788     -0.31413            0      -58.881       66.317      -12.456            0       -57.55            0            0            0            0            0            0       26.558       -116.3           40      -48.399   1.4025e-15      -6.7067   4.4931e-16      0.19466            0            0      -15.682       -45636       2652.7       0.6613    -0.024366            0            0            0            0            0            0            0            0            0           40        0.325            0  
          0          -12            0     -0.11745       0.1357      0.13515   0.00054793            0    -0.069793            0    -0.069793   1.0164e-18   4.6876e-19   4.6304e-19   5.7163e-21     -0.86552     -0.29662            0      -55.249       63.833      -11.235            0      -54.095            0            0            0            0            0            0       26.177      -123.16           40      -49.123   1.1475e-15      -6.5662   5.2921e-16      0.19122            0            0      -14.879       -48330       2553.3      0.66782    -0.022459            0            0            0            0            0            0            0            0            0           40        0.325            0  
          0        -11.5            0     -0.10804      0.13102      0.13055   0.00046431            0    -0.068629            0    -0.068629   6.6069e-19   6.2628e-19   6.2116e-19    5.125e-21     -0.82462     -0.27105            0      -50.822        61.63      -9.9182            0      -49.845            0            0            0            0            0            0       25.448      -134.79           40       -50.49   7.4589e-16      -6.4566   7.0705e-16      0.18734            0            0      -13.888       -52890       2465.2      0.66684     -0.02024            0            0            0            0            0            0            0            0            0           40        0.325            0  
          0          -11            0    -0.096299      0.12539      0.12501   0.00037513            0     -0.06966            0     -0.06966   6.4375e-19     3.79e-19   3.7269e-19   6.3076e-21     -0.76799     -0.23832            0      -45.299       58.983      -8.4702            0        -44.5            0            0            0            0            0            0       24.364      -153.29           40      -52.476   7.2676e-16      -6.5536   4.2788e-16      0.17376            0            0      -12.453       -60152       2359.3      0.65573    -0.016733            0            0            0            0            0            0            0            0            0           40        0.325            0  
          0        -10.5            0    -0.083378      0.11915      0.11886   0.00029016            0    -0.071941            0    -0.071941   3.8964e-19   4.3518e-19   4.2916e-19    6.012e-21     -0.69975     -0.20206            0      -39.221        56.05      -7.0132            0      -38.589            0            0            0            0            0            0       22.933      -180.81           40      -55.017   4.3988e-16      -6.7682    4.913e-16      0.15729            0            0      -10.788       -70949         2242      0.63552    -0.013115            0            0            0            0            0            0            0            0            0           40        0.325            0  
          0          -10            0    -0.070314      0.11383      0.11362   0.00020589            0    -0.074784            0    -0.074784   1.9199e-19   6.2298e-19   6.2116e-19   1.8233e-21     -0.61772      -0.1638            0      -33.076       53.545      -5.6482            0       -32.59            0            0            0            0            0            0       21.021      -223.04           40      -58.296   2.1675e-16      -7.0357   7.0332e-16      0.12721            0            0      -9.0694       -87520       2141.8      0.63696   -0.0089449            0            0            0            0            0            0            0            0            0           40        0.325            0  
          0         -9.5            0    -0.049894      0.10551      0.10539   0.00011909            0    -0.081489            0    -0.081489   4.5175e-20   3.0164e-19   2.9928e-19    2.353e-21      -0.4729     -0.10563            0       -23.47        49.63      -3.8184            0      -23.157            0            0            0            0            0            0         17.1      -345.86           40       -64.69   5.1001e-17      -7.6665   3.4054e-16    -0.017834            0            0       -6.126  -1.3571e+05       1985.2       0.5545   0.00088981            0            0            0            0            0            0            0            0            0           40        0.325            0  
          0           -9            0    -0.031217     0.098408     0.098342   6.6976e-05            0    -0.092936            0    -0.092936   8.6009e-19   5.2364e-19   5.1951e-19   4.1255e-21     -0.31722    -0.056047            0      -14.684       46.291       -2.266            0      -14.509            0            0            0            0            0            0       12.095      -651.84           40        -72.4   9.7101e-16      -8.7434   5.9117e-16    -0.023875            0            0      -2.9079  -2.5578e+05       1851.7      0.38595   0.00074529            0            0            0            0            0            0            0            0            0           40        0.325            0  
          0         -8.5            0     0.007727     0.092589     0.092498    9.106e-05            0     -0.10717            0     -0.10717   1.3164e-18   3.7646e-19   3.7269e-19   3.7698e-21     0.083455     0.007336       11.376       3.6348       43.554      0.57962            0       3.5885            0            0            0            0            0            0       3.3266         4980           40       85.229   1.4862e-15      -10.083   4.2501e-16       2.0302            0            0        2.616   1.9542e+06       1742.2     0.017393     0.015687            0            0            0            0            0            0            0            0            0           40        0.325            0  
          0           -8            0     0.047723     0.086083     0.085866   0.00021742            0     -0.11607            0     -0.11607   3.6987e-19   3.0115e-19   2.9364e-19    7.515e-21      0.55438      0.12111       4.5776       22.449       40.493       3.2255            0       22.216            0            0            0            0            0            0       19.394       301.66           40       60.997   4.1757e-16       -10.92   3.3999e-16       1.1141            0            0        7.876   1.1837e+05       1619.7      0.27785     0.053169            0            0            0            0            0            0            0            0            0           40        0.325            0  
          0         -7.5            0     0.096679     0.079011     0.078536   0.00047503            0     -0.12418            0     -0.12418   1.9764e-19   3.0835e-19   2.9928e-19   9.0672e-21       1.2236      0.38046       3.2161       45.478       37.167       6.1576            0       45.059            0            0            0            0            0            0       30.972       96.025           40       39.258   2.2313e-16      -11.683   3.4812e-16      0.60346            0            0        14.02        37680       1486.7      0.52193     0.058342            0            0            0            0            0            0            0            0            0           40        0.325            0  
          0           -7            0      0.15757      0.07229     0.071294   0.00099557            0      -0.1344            0      -0.1344  -5.8163e-19   3.2635e-19   3.1058e-19   1.5769e-20       2.1797      0.86526       2.5192       74.123       34.005       9.4981            0       73.513            0            0            0            0            0            0       36.357       42.222           40       24.644  -6.5664e-16      -12.644   3.6843e-16      0.51375            0            0       21.638        16568       1360.2      0.66156     0.080954            0            0            0            0            0            0            0            0            0           40        0.325            0  
          0         -6.5            0      0.23866     0.066283     0.064248     0.002035            0      -0.1469            0      -0.1469  -7.9056e-19   3.5938e-19   3.3317e-19   2.6216e-20       3.6007       1.7591       2.0469       112.27       31.179        13.66            0       111.44            0            0            0            0            0            0       38.541       20.769           40       15.521  -8.9252e-16      -13.821   4.0573e-16      0.46457            0            0       31.711       8149.7       1247.2      0.74246      0.11088            0            0            0            0            0            0            0            0            0           40        0.325            0  
          0           -6            0      0.32919     0.060978     0.057331    0.0036464            0      -0.1647            0      -0.1647  -5.1951e-19   4.2341e-19   3.8399e-19   3.9423e-20       5.3985       3.0974       1.7429       154.85       28.684       17.892            0       153.82            0            0            0            0            0            0       39.331       11.795           40       10.494  -5.8651e-16      -15.495   4.7801e-16      0.43687            0            0       43.363       4628.3       1147.4      0.78832      0.14381            0            0            0            0            0            0            0            0            0           40        0.325            0  
          0         -5.5            0      0.41963     0.056847     0.051114    0.0057328            0      -0.1814            0      -0.1814  -8.5833e-19   4.2434e-19   3.7269e-19   5.1644e-20       7.3818       4.7819       1.5437        197.4       26.741       21.604            0       196.23            0            0            0            0            0            0       39.638         7.64           40       7.7148  -9.6902e-16      -17.066   4.7906e-16      0.41604            0            0       55.046       2997.9       1069.6      0.81478      0.17458            0            0            0            0            0            0            0            0            0           40        0.325            0  
          0           -5            0       0.5053     0.054657     0.046513    0.0081445            0     -0.19479            0     -0.19479  -8.1315e-19   2.5229e-19   2.2588e-19   2.6413e-20       9.2448       6.5716       1.4068       237.69       25.711       24.533            0       236.45            0            0            0            0            0            0       39.768       5.5593           40       6.1736  -9.1802e-16      -18.326   2.8482e-16       0.4053            0            0       66.196       2181.5       1028.4      0.83156      0.20479            0            0            0            0            0            0            0            0            0           40        0.325            0  
          0         -4.5            0      0.58031     0.053624     0.043069     0.010554            0     -0.20552            0     -0.20552  -6.3245e-19   3.6407e-19   3.0493e-19   5.9134e-20       10.822        8.244       1.3127       272.98       25.225       26.367            0       271.75            0            0            0            0            0            0        39.83       4.4315           40       5.2794  -7.1401e-16      -19.335   4.1102e-16      0.39867            0            0         76.1       1738.9         1009      0.84639      0.23135            0            0            0            0            0            0            0            0            0           40        0.325            0  
          0           -4            0      0.64181     0.053464     0.040648     0.012816            0     -0.21583            0     -0.21583   1.9199e-19   4.4602e-19   3.7269e-19   7.3326e-20       12.005       9.6173       1.2482       301.91       25.149       27.074            0       300.75            0            0            0            0            0            0       39.862       3.7987           40       4.7618   2.1675e-16      -20.305   5.0354e-16      0.39515            0            0       84.593       1490.6         1006      0.85256      0.25361            0            0            0            0            0            0            0            0            0           40        0.325            0  
          0         -3.5            0      0.70055     0.053757     0.038562     0.015195            0     -0.22462            0     -0.22462   -9.035e-19   4.6266e-19    4.461e-19   1.6558e-20       13.032       10.908       1.1948       329.54       25.287       27.252            0       328.49            0            0            0            0            0            0       39.883       3.3494           40        4.388    -1.02e-15      -21.133   5.2233e-16      0.39183            0            0       92.677       1314.3       1011.5      0.85673      0.27449            0            0            0            0            0            0            0            0            0           40        0.325            0  
          0           -3            0      0.75815     0.054441     0.036688     0.017753            0     -0.23311            0     -0.23311    3.614e-19   4.9814e-19    4.461e-19   5.2038e-20       13.926       12.126       1.1485       356.64       25.609       27.004            0       355.71            0            0            0            0            0            0       39.897       3.0129           40       4.1072   4.0801e-16      -21.931   5.6238e-16      0.38858            0            0       100.61       1182.3       1024.4      0.85884       0.2946            0            0            0            0            0            0            0            0            0           40        0.325            0  
          0         -2.5            0      0.80535     0.055401     0.035388     0.020013            0      -0.2359            0      -0.2359  -6.7763e-19   3.7158e-19   4.6304e-19  -9.1461e-20       14.537       13.045       1.1143       378.84       26.061        25.93            0       378.07            0            0            0            0            0            0       39.906       2.8005           40       3.9353  -7.6501e-16      -22.193    4.195e-16      0.38499            0            0       106.87       1098.9       1042.4      0.85965      0.31005            0            0            0            0            0            0            0            0            0           40        0.325            0  
          0           -2            0      0.85439     0.056665     0.034239     0.022426            0     -0.23651            0     -0.23651   1.3553e-19   3.9341e-19   4.5175e-19  -5.8346e-20       15.078       13.937       1.0819       401.91       26.655       24.569            0       401.29            0            0            0            0            0            0       39.912       2.6213           40       3.7944     1.53e-16       -22.25   4.4414e-16       0.3814            0            0       113.17       1028.6       1066.2      0.86344      0.32586            0            0            0            0            0            0            0            0            0           40        0.325            0  
          0         -1.5            0      0.91305     0.058219     0.032618       0.0256            0     -0.24164            0     -0.24164     -1.1e-17   1.1436e-18   1.1858e-19    1.025e-18       15.683       14.986       1.0465        429.5       27.386       23.281            0       429.04            0            0            0            0            0            0       39.919       2.4379           40       3.6484  -1.2419e-14      -22.733   1.2911e-15      0.37868            0            0       120.94       956.63       1095.4      0.86379      0.34575            0            0            0            0            0            0            0            0            0           40        0.325            0  
          0           -1            0       0.9703     0.059598     0.030984     0.028613            0      -0.2413            0      -0.2413   2.8912e-18   4.5629e-19   5.4775e-19  -9.1461e-20       16.281       16.037       1.0152       456.43       28.035       21.424            0       456.12            0            0            0            0            0            0       39.925        2.278           40       3.5148   3.2641e-15      -22.701   5.1513e-16      0.37529            0            0        128.1        893.9       1121.4      0.87279      0.36414            0            0            0            0            0            0            0            0            0           40        0.325            0  
          0         -0.5            0       1.0313     0.061256     0.028973     0.032283            0     -0.24699            0     -0.24699   1.0164e-18   4.4448e-19   5.1387e-19  -6.9384e-20       16.836       17.098      0.98469       485.14       28.815       19.419            0       484.99            0            0            0            0            0            0        39.93       2.1367           40       3.3991   1.1475e-15      -23.237    5.018e-16      0.37327            0            0       136.23       838.44       1152.6      0.87396      0.38496            0            0            0            0            0            0            0            0            0           40        0.325            0  
          0            0            0        1.078      0.06288     0.027757     0.035123            0     -0.24757            0     -0.24757  -2.8009e-18   5.0353e-19   4.4046e-19   6.3076e-20       17.145       17.801      0.96312       507.11       29.579       16.522            0       507.11            0            0            0            0            0            0       39.932       2.0523           40       3.3381  -3.1621e-15      -23.291   5.6847e-16      0.37113            0            0       142.35       805.33       1183.1      0.87772      0.40009            0            0            0            0            0            0            0            0            0           40        0.325            0  
          0          0.5            0       1.1142     0.065285     0.027665      0.03762            0     -0.24979            0     -0.24979  -2.6427e-18    3.705e-19   3.1058e-19   5.9923e-20       17.067       18.016      0.94736       524.13        30.71       13.122            0       524.27            0            0            0            0            0            0       39.932       2.0279           40       3.3532  -2.9836e-15        -23.5   4.1828e-16      0.36988            0            0        147.4       795.74       1228.4      0.87538      0.41213            0            0            0            0            0            0            0            0            0           40        0.325            0  
          0            1            0       1.1478     0.068096      0.02795     0.040146            0     -0.25257            0     -0.25257  -3.7495e-18   5.6913e-19   2.0329e-19   3.6584e-19       16.855       18.057      0.93342        539.9       32.032       9.4591            0       540.15            0            0            0            0            0            0        39.93       2.0232           40       3.3953  -4.2331e-15      -23.761   6.4253e-16       0.3689            0            0       152.19        793.9       1281.3      0.87042       0.4234            0            0            0            0            0            0            0            0            0           40        0.325            0  
          0          1.5            0       1.1791     0.070929       0.0286     0.042329            0     -0.25155            0     -0.25155  -3.8399e-18   3.4278e-19   3.0493e-19   3.7846e-20       16.624       18.051      0.92092       554.65       33.365       5.3856            0       554.98            0            0            0            0            0            0       39.928       2.0239           40       3.4425  -4.3351e-15      -23.666   3.8698e-16      0.36739            0            0       156.39       794.18       1334.6      0.87124      0.43319            0            0            0            0            0            0            0            0            0           40        0.325            0  
          0            2            0       1.2139     0.074002     0.028983     0.045019            0     -0.25297            0     -0.25297   1.0842e-18   4.5932e-19   6.2963e-19  -1.7031e-19       16.404       18.074      0.90762       571.03       34.811       1.2354            0       571.42            0            0            0            0            0            0       39.926       2.0214           40       3.4885    1.224e-15      -23.799   5.1856e-16      0.36623            0            0       161.18       793.19       1392.4      0.86827      0.44458            0            0            0            0            0            0            0            0            0           40        0.325            0  
          0          2.5            0        1.246     0.076969     0.029681     0.047288            0     -0.24978            0     -0.24978  -2.6202e-18   4.8851e-19   2.9928e-19   1.8923e-19       16.189       18.071      0.89584       586.14       36.206      -3.3441            0       586.55            0            0            0            0            0            0       39.924       2.0216           40       3.5347  -2.9581e-15      -23.499   5.5151e-16      0.36448            0            0       165.25       793.29       1448.2      0.87094      0.45416            0            0            0            0            0            0            0            0            0           40        0.325            0  
          0            3            0       1.2808     0.080247     0.030188     0.050058            0     -0.24964            0     -0.24964   4.5175e-18   2.4883e-19   5.9575e-19  -3.4692e-19        15.96       18.063      0.88362       602.47       37.748      -8.0159            0       602.88            0            0            0            0            0            0       39.922       2.0226           40       3.5852   5.1001e-15      -23.486   2.8092e-16       0.3632            0            0       169.87       793.67       1509.9      0.86923      0.46518            0            0            0            0            0            0            0            0            0           40        0.325            0  
          0          3.5            0       1.3147     0.083282     0.030726     0.052555            0     -0.24753            0     -0.24753  -8.1315e-19   4.4478e-19    4.574e-19  -1.2615e-20       15.786       18.101      0.87213       618.45       39.176      -13.079            0        618.8            0            0            0            0            0            0        39.92       2.0183           40       3.6246  -9.1802e-16      -23.288   5.0214e-16      0.36173            0            0       174.25       791.99         1567      0.87241      0.47557            0            0            0            0            0            0            0            0            0           40        0.325            0  
          0            4            0       1.3504     0.086653     0.031142     0.055511            0     -0.24812            0     -0.24812  -2.1684e-18   5.4108e-19   4.9693e-19   4.4153e-20       15.584       18.109      0.86055       635.21       40.761      -18.261            0       635.48            0            0            0            0            0            0       39.918       2.0174           40       3.6716   -2.448e-15      -23.343   6.1086e-16      0.36068            0            0       179.04       791.64       1630.5      0.87134      0.48705            0            0            0            0            0            0            0            0            0           40        0.325            0  
          0          4.5            0       1.3834     0.089917     0.031797     0.058121            0     -0.24575            0     -0.24575  -3.6592e-18   5.7568e-19   3.9528e-20   5.3615e-19       15.385       18.096      0.85021       650.75       42.297      -23.801            0       650.89            0            0            0            0            0            0       39.916       2.0189           40       3.7189  -4.1311e-15       -23.12   6.4992e-16       0.3593            0            0       183.28       792.22       1691.9      0.87343      0.49706            0            0            0            0            0            0            0            0            0           40        0.325            0  
          0            5            0       1.4156      0.09338     0.032562     0.060818            0     -0.24445            0     -0.24445  -2.9816e-18   5.6637e-19   3.0776e-19   2.5861e-19        15.16       18.037      0.84048        665.9       43.926      -29.537            0       665.86            0            0            0            0            0            0       39.913       2.0255           40        3.774  -3.3661e-15      -22.998   6.3941e-16      0.35815            0            0       187.52        794.8         1757      0.87403      0.50701            0            0            0            0            0            0            0            0            0           40        0.325            0  
          0          5.5            0       1.4467     0.097041      0.03341     0.063631            0     -0.24477            0     -0.24477    5.421e-19   3.8531e-19   3.7269e-19   1.2615e-20       14.908       17.931       0.8314       680.53       45.648      -35.431            0       680.27            0            0            0            0            0            0        39.91       2.0374           40       3.8375   6.1201e-16      -23.028     4.35e-16       0.3573            0            0       191.77       799.48       1825.9      0.87248      0.51691            0            0            0            0            0            0            0            0            0           40        0.325            0  
          0            6            0        1.475      0.10076     0.034445     0.066319            0     -0.24544            0     -0.24544  -1.9877e-18   4.0453e-19   3.1623e-19   8.8307e-20       14.638       17.778      0.82338       693.85       47.399      -41.501            0       693.31            0            0            0            0            0            0       39.907        2.055           40        3.908   -2.244e-15      -23.091    4.567e-16      0.35658            0            0       195.73       806.36         1896      0.87021      0.52596            0            0            0            0            0            0            0            0            0           40        0.325            0  
          0          6.5            0       1.5012      0.10453     0.035607     0.068923            0     -0.24653            0     -0.24653  -4.6982e-18   3.0638e-19   5.0822e-19  -2.0184e-19       14.362       17.597      0.81616       706.18       49.171      -47.729            0       705.31            0            0            0            0            0            0       39.903       2.0762           40       3.9831  -5.3041e-15      -23.194   3.4589e-16      0.35599            0            0       199.49       814.69       1966.8      0.86736      0.53442            0            0            0            0            0            0            0            0            0           40        0.325            0  
          0            7            0       1.5278      0.10838     0.036774     0.071609            0     -0.24731            0     -0.24731   -3.614e-19   1.2508e-19   4.4046e-19  -3.1538e-19       14.097       17.424      0.80902        718.7       50.983      -54.154            0       717.45            0            0            0            0            0            0         39.9       2.0967           40       4.0577  -4.0801e-16      -23.267   1.4121e-16      0.35536            0            0       203.25       822.74       2039.3      0.86469      0.54294            0            0            0            0            0            0            0            0            0           40        0.325            0  
          0          7.5            0       1.5538      0.11236     0.038034     0.074325            0     -0.24828            0     -0.24828   1.2197e-18    1.947e-19   5.7316e-19  -3.7846e-19       13.829       17.237      0.80224       730.89       52.854      -60.737            0        729.2            0            0            0            0            0            0       39.896       2.1194           40       4.1361    1.377e-15      -23.359   2.1981e-16      0.35479            0            0       206.96       831.66       2114.1       0.8616      0.55126            0            0            0            0            0            0            0            0            0           40        0.325            0  
          0            8            0       1.5779      0.11642     0.039434     0.076982            0     -0.24977            0     -0.24977  -5.0596e-18   4.4532e-19   5.3363e-19  -8.8307e-20       13.554       17.026      0.79609       742.25       54.762      -67.441            0       740.06            0            0            0            0            0            0       39.892       2.1458           40       4.2196  -5.7121e-15      -23.498   5.0275e-16      0.35433            0            0       210.49          842       2190.5      0.85791      0.55909            0            0            0            0            0            0            0            0            0           40        0.325            0  
          0          8.5            0       1.5983      0.12049      0.04114     0.079346            0     -0.25055            0     -0.25055  -3.9302e-18   4.3917e-20   4.6022e-19   -4.163e-19       13.265        16.77        0.791       751.82       56.677      -74.212            0       749.08            0            0            0            0            0            0       39.887       2.1785           40       4.3111  -4.4371e-15      -23.572   4.9581e-17      0.35385            0            0       213.52       854.84       2267.1      0.85396      0.56555            0            0            0            0            0            0            0            0            0           40        0.325            0  
          0            9            0       1.6185      0.12465     0.042947     0.081707            0     -0.25174            0     -0.25174  -2.3491e-18   1.4082e-19   6.8327e-19  -5.4246e-19       12.984       16.518      0.78604       761.34       58.637      -81.139            0       757.98            0            0            0            0            0            0       39.882       2.2117           40       4.4041   -2.652e-15      -23.684   1.5898e-16      0.35344            0            0       216.56       867.87       2345.5      0.85043      0.57204            0            0            0            0            0            0            0            0            0           40        0.325            0  
          0          9.5            0       1.6352      0.12872     0.045172     0.083543            0     -0.25007            0     -0.25007  -7.0473e-18   1.5495e-18  -1.1576e-19   1.6652e-18       12.704       16.245      0.78202       769.18       60.548      -88.192            0       765.12            0            0            0            0            0            0       39.877       2.2489           40       4.5009  -7.9561e-15      -23.527   1.7493e-15      0.35273            0            0       218.93       882.48       2421.9      0.84895      0.57677            0            0            0            0            0            0            0            0            0           40        0.325            0  
          0           10            0       1.6522      0.13292     0.047427     0.085491            0     -0.24949            0     -0.24949   -7.228e-18   8.6871e-19   1.4964e-19   7.1907e-19        12.43       15.978      0.77798        777.2       62.525      -95.356            0       772.38            0            0            0            0            0            0       39.871       2.2865           40       4.5994  -8.1601e-15      -23.472   9.8074e-16      0.35216            0            0       221.42       897.23         2501        0.847      0.58184            0            0            0            0            0            0            0            0            0           40        0.325            0  
          0         10.5            0       1.6688      0.13732     0.049774     0.087548            0     -0.24926            0     -0.24926   -6.957e-18   8.2558e-19   1.9482e-19   6.3076e-19       12.153       15.699      0.77409       785.02       64.596      -102.57            0       779.38            0            0            0            0            0            0       39.865       2.3271           40       4.7041  -7.8541e-15      -23.451   9.3205e-16      0.35164            0            0       223.86       913.14       2583.9      0.84382      0.58683            0            0            0            0            0            0            0            0            0           40        0.325            0  
