Pepino_xl_goe611_wing_only_tip1
T1-50.0 m/s-LLT-x0.3m
Freestream speed = 50.000 m/s


 Ctrl        Alpha        Beta         CL           CD           CD_viscous   CD_induced   CY           Cm           Cm_viscous   Cm_pressure  Cl           Cn           Cn_viscous   Cn_pressure  CL/CD        CL^(3/2)/CD  1/sqrt(CL)   Lift_(N)     Drag_(N)     Fx_FF_(N)    Fy_FF_(N)    Fz_FF_(N)    Fx_sum_(N)   Fy_sum_(N)   Fz_sum_(N)   Extra_drag_(N)  Fuse_drag_(N)  Cf_Fuse      Vx_(m/s)     Vz_(m/s)     V_(m/s)      Gamma        L_(N.m)      M_(N.m)      N_(N.m)      CPx_(m)      CPy_(m)      CPz_(m)      BM_(N.m)     m.g.Vz_(W)   Drag_x_V_(W)  Efficiency   XCp.Cl       XNP_(m)      Phugoid_Freq._(Hz)  Phugoid_Damping  Short_Period_Freq._(Hz)  Short_Period_Damping_Ratio  Dutch_Roll_Freq._(Hz)  Dutch_Roll_Damping  Roll_Damping  Spiral_Damping  Mass_(kg)    CoG_x_(m)    CoG_z_(m)    
          0        -13.5            0     -0.23641      0.15394      0.15237    0.0015704            0   -0.0065452            0   -0.0065452   -2.294e-19    2.849e-19   2.7475e-19   1.0149e-20      -1.5357      -0.7467            0      -181.37        118.1      -41.168            0      -176.64            0            0            0            0            0            0         41.9       -47.89           50      -33.071  -4.5757e-16     -0.99028   5.6826e-16      0.31604            0            0      -55.717       -18792         5905       0.8396    -0.074716            0            0            0            0            0            0            0            0            0           40        0.325            0  
          0          -13            0     -0.22655      0.14782      0.14636    0.0014559            0   -0.0072509            0   -0.0072509  -3.9479e-19   1.3036e-21            0   1.3036e-21      -1.5326     -0.72946            0       -173.8        113.4      -38.007            0      -169.59            0            0            0            0            0            0       41.874      -49.022           50      -33.124  -7.8744e-16       -1.097   2.6001e-18      0.31469            0            0      -53.761       -19236         5670      0.83162    -0.071291            0            0            0            0            0            0            0            0            0           40        0.325            0  
          0        -12.5            0     -0.21547      0.14153      0.14019    0.0013311            0   -0.0086967            0   -0.0086967   1.4938e-19    9.569e-20   9.3362e-20   2.3278e-21      -1.5225     -0.70672            0       -165.3       108.57       -34.78            0       -161.6            0            0            0            0            0            0       41.791        -50.6           50      -33.298   2.9795e-16      -1.3158   1.9086e-16      0.31266            0            0       -51.49       -19855       5428.6      0.82283     -0.06737            0            0            0            0            0            0            0            0            0           40        0.325            0  
          0          -12            0     -0.20182      0.13496      0.13378    0.0011729            0    -0.012896            0    -0.012896   2.6675e-20   3.0632e-19   2.9342e-19   1.2896e-20      -1.4954     -0.67181            0      -154.83       103.53       -31.31            0      -151.63            0            0            0            0            0            0       41.563      -53.229           50      -33.771   5.3206e-17      -1.9511   6.1099e-16      0.30781            0            0      -48.363       -20887       5176.7       0.8192    -0.062122            0            0            0            0            0            0            0            0            0           40        0.325            0  
          0        -11.5            0      -0.1851      0.12803      0.12705   0.00097859            0    -0.019891            0    -0.019891  -2.7208e-19   1.5259e-19   1.4404e-19   8.5431e-21      -1.4458     -0.62203            0         -142       98.215      -27.575            0       -139.3            0            0            0            0            0            0       41.122      -57.488           50       -34.67   -5.427e-16      -3.0095   3.0435e-16      0.29909            0            0      -44.309       -22558       4910.8      0.82595    -0.055362            0            0            0            0            0            0            0            0            0           40        0.325            0  
          0          -11            0     -0.16826      0.12114      0.12034   0.00079777            0    -0.027476            0    -0.027476   -1.227e-19   2.2727e-19   2.2674e-19   5.2958e-22      -1.3891     -0.56979            0      -129.09        92.93       -24.03            0      -126.83            0            0            0            0            0            0       40.578      -62.759           50      -35.751  -2.4475e-16      -4.1571    4.533e-16      0.28873            0            0      -40.171       -24627       4646.5      0.83724    -0.048583            0            0            0            0            0            0            0            0            0           40        0.325            0  
          0        -10.5            0     -0.15359      0.11459      0.11393    0.0006568            0    -0.034443            0    -0.034443  -2.6675e-19  -1.8688e-19  -1.8139e-19  -5.4936e-21      -1.3403     -0.52529            0      -117.83       87.908      -20.977            0      -115.95            0            0            0            0            0            0       40.075      -68.076           50      -36.726  -5.3206e-16      -5.2112  -3.7276e-16      0.27817            0            0      -36.546       -26713       4395.4      0.84729    -0.042724            0            0            0            0            0            0            0            0            0           40        0.325            0  
          0          -10            0     -0.13779      0.10793       0.1074   0.00053009            0    -0.042045            0    -0.042045   1.7605e-19   4.7491e-20   4.1346e-20   6.1454e-21      -1.2766     -0.47386            0       -105.7       82.801      -17.955            0      -104.17            0            0            0            0            0            0       39.361      -75.464           50      -38.073   3.5116e-16      -6.3613   9.4727e-17      0.26239            0            0      -32.607       -29612       4140.1      0.84489    -0.036154            0            0            0            0            0            0            0            0            0           40        0.325            0  
          0         -9.5            0     -0.11993      0.10131       0.1009   0.00040685            0    -0.049499            0    -0.049499   7.2555e-19   2.0293e-19   1.9739e-19   5.5402e-21      -1.1838     -0.40994            0      -92.001       77.719      -14.877            0      -90.791            0            0            0            0            0            0       38.196      -87.231           50       -40.19   1.4472e-15       -7.489   4.0477e-16      0.23828            0            0       -28.44       -34229       3885.9      0.83392    -0.028576            0            0            0            0            0            0            0            0            0           40        0.325            0  
          0           -9            0     -0.10314     0.094763      0.09446   0.00030343            0    -0.056377            0    -0.056377   1.6805e-19    1.695e-21   -5.335e-21     7.03e-21      -1.0884     -0.34955            0      -79.125       72.698      -12.148            0      -78.188            0            0            0            0            0            0       36.819       -102.3           50      -42.576    3.352e-16      -8.5297   3.3809e-18      0.21259            0            0      -24.522       -40143       3634.9      0.82707    -0.021927            0            0            0            0            0            0            0            0            0           40        0.325            0  
          0         -8.5            0    -0.089641     0.088301     0.088075   0.00022636            0    -0.062364            0    -0.062364   1.5205e-19   2.5896e-19   2.5474e-19   4.2133e-21      -1.0152     -0.30395            0      -68.769       67.741       -9.993            0      -68.039            0            0            0            0            0            0       35.621      -117.65           50      -44.569   3.0327e-16      -9.4356   5.1652e-16      0.18067            0            0      -21.172       -46166         3387      0.83745    -0.016195            0            0            0            0            0            0            0            0            0           40        0.325            0  
          0           -8            0    -0.075925     0.081959     0.081798   0.00016054            0    -0.068162            0    -0.068162   1.6005e-19   9.9924e-20   9.7363e-20   2.5606e-21     -0.92639     -0.25526            0      -58.247       62.875      -7.9844            0      -57.697            0            0            0            0            0            0       33.979      -140.09           50      -47.188   3.1923e-16      -10.313   1.9931e-16      0.13601            0            0       -17.83       -54971       3143.8      0.84711    -0.010327            0            0            0            0            0            0            0            0            0           40        0.325            0  
          0         -7.5            0    -0.058558     0.075941     0.075844   9.7535e-05            0    -0.074706            0    -0.074706   2.8009e-20   7.4822e-20   7.3356e-20   1.4665e-21      -0.7711      -0.1866            0      -44.923       58.259      -5.7895            0      -44.549            0            0            0            0            0            0       30.532      -191.64           50      -52.364   5.5866e-17      -11.303   1.4924e-16     0.038552            0            0      -13.828       -75200       2912.9      0.82938   -0.0022575            0            0            0            0            0            0            0            0            0           40        0.325            0  
          0           -7            0    -0.038877     0.069963     0.069919   4.3445e-05            0    -0.083345            0    -0.083345   1.3071e-19   9.5551e-20   9.4696e-20   8.5547e-22     -0.55568     -0.10956            0      -29.825       53.672      -3.6016            0      -29.606            0            0            0            0            0            0       24.286      -326.38           50       -60.94   2.6071e-16       -12.61   1.9059e-16     -0.13371            0            0      -9.1202  -1.2807e+05       2683.6      0.82069    0.0051982            0            0            0            0            0            0            0            0            0           40        0.325            0  
          0         -6.5            0   -0.0089615     0.063485     0.063482   3.8472e-06            0    -0.093808            0    -0.093808  -8.4026e-20   2.2752e-19   2.2674e-19   7.8855e-22     -0.14116    -0.013363            0      -6.8749       48.703     -0.77532            0       -6.831            0            0            0            0            0            0       6.9886      -2676.1           50      -81.965   -1.676e-16      -14.193   4.5382e-16     -0.20761            0            0      -2.3113  -1.0501e+06       2435.2      0.49244    0.0018605            0            0            0            0            0            0            0            0            0           40        0.325            0  
          0           -6            0     0.024171     0.056554      0.05654   1.4231e-05            0     -0.10769            0     -0.10769   1.7405e-19   5.2067e-20   5.0682e-20    1.385e-21       0.4274     0.066447       6.4321       18.543       43.386       1.9491            0        18.44            0            0            0            0            0            0        19.65       538.16           50       66.858   3.4717e-16      -16.293   1.0385e-16       1.0324            0            0       5.6029   2.1118e+05       2169.3      0.96851     0.024954            0            0            0            0            0            0            0            0            0           40        0.325            0  
          0         -5.5            0     0.063278     0.050478     0.050383   9.5649e-05            0     -0.11514            0     -0.11514  -4.0012e-20    2.464e-21  -6.6687e-22   3.1309e-21       1.2536      0.31533       3.9753       48.544       38.725       4.7258            0       48.313            0            0            0            0            0            0       39.087        113.4           50        38.58  -7.9809e-17      -17.421   4.9148e-18      0.84826            0            0       14.219        44499       1936.2      0.98756     0.053676            0            0            0            0            0            0            0            0            0           40        0.325            0  
          0           -5            0      0.10415     0.044516     0.044253   0.00026267            0     -0.12327            0     -0.12327  -4.0012e-21    2.631e-19   2.6075e-19   2.3511e-21       2.3397      0.75509       3.0986       79.902       34.151       7.1647            0       79.581            0            0            0            0            0            0       45.977       47.358           50       23.142  -7.9809e-18       -18.65   5.2478e-16      0.60539            0            0        23.38        18583       1707.5      0.97427     0.063054            0            0            0            0            0            0            0            0            0           40        0.325            0  
          0         -4.5            0      0.14511     0.039425     0.038906   0.00051909            0     -0.13062            0     -0.13062  -1.6538e-19   2.1381e-19    2.134e-19   4.0737e-22       3.6806       1.4021       2.6251       111.32       30.245       9.1311            0       110.95            0            0            0            0            0            0       48.251       25.505           50         15.2  -3.2988e-16      -19.763   4.2646e-16      0.51851            0            0       32.814        10008       1512.2      0.95694      0.07524            0            0            0            0            0            0            0            0            0           40        0.325            0  
          0           -4            0        0.186     0.034967     0.034104   0.00086245            0     -0.13724            0     -0.13724   2.9342e-20   1.3508e-19   1.3471e-19   3.7245e-22       5.3195       2.2942       2.3187       142.69       26.825       10.614            0        142.3            0            0            0            0            0            0       49.139       15.587           50       10.647   5.8526e-17      -20.765   2.6943e-16      0.48168            0            0       42.315       6116.3       1341.2      0.94635     0.089595            0            0            0            0            0            0            0            0            0           40        0.325            0  
          0         -3.5            0      0.22851     0.031268     0.029963    0.0013044            0     -0.14184            0     -0.14184  -2.6675e-21   1.0474e-19   1.0537e-19  -6.2851e-22        7.308       3.4934       2.0919        175.3       23.987       11.701            0       174.91            0            0            0            0            0            0       49.538       10.236           50       7.7917  -5.3206e-18      -21.459   2.0891e-16      0.45623            0            0       51.986       4016.7       1199.4      0.94434      0.10425            0            0            0            0            0            0            0            0            0           40        0.325            0  
          0           -3            0      0.27283     0.028023     0.026163    0.0018599            0     -0.14586            0     -0.14586  -8.0024e-20   1.3153e-19   1.3738e-19  -5.8428e-21       9.7358       5.0853       1.9145        209.3       21.498       12.379            0       208.94            0            0            0            0            0            0       49.738        7.032           50       5.8645  -1.5962e-16      -22.068   2.6236e-16       0.4382            0            0       62.042       2759.3       1074.9      0.94412      0.11955            0            0            0            0            0            0            0            0            0           40        0.325            0  
          0         -2.5            0      0.31754     0.025433     0.022908    0.0025251            0     -0.14979            0     -0.14979  -3.8412e-19   1.1798e-19   1.3404e-19  -1.6062e-20       12.486       7.0357       1.7746       243.61       19.511       12.561            0       243.29            0            0            0            0            0            0        49.84       5.0826           50       4.5792  -7.6616e-16      -22.663   2.3532e-16      0.42475            0            0        72.22       1994.4       975.55      0.94203      0.13488            0            0            0            0            0            0            0            0            0           40        0.325            0  
          0           -2            0      0.36282     0.023663     0.020371     0.003292            0     -0.15354            0     -0.15354  -6.0285e-19   1.7805e-19   1.7372e-19   4.3297e-21       15.333       9.2359       1.6602       278.34       18.153       12.238            0       278.08            0            0            0            0            0            0       49.894       3.8718           50       3.7314  -1.2024e-15       -23.23   3.5514e-16      0.41566            0            0       82.546       1519.3       907.64      0.94335      0.15081            0            0            0            0            0            0            0            0            0           40        0.325            0  
          0         -1.5            0      0.40832      0.02226     0.018084     0.004176            0     -0.15726            0     -0.15726   -9.923e-19   1.1987e-19    1.207e-19  -8.3801e-22       18.343       11.721       1.5649       313.24       17.077       11.402            0       313.05            0            0            0            0            0            0       49.926       3.0508           50       3.1204  -1.9793e-15      -23.792   2.3908e-16      0.40817            0            0       92.936       1197.1       853.84      0.94184      0.16666            0            0            0            0            0            0            0            0            0           40        0.325            0  
          0           -1            0       0.4542     0.021295     0.016123    0.0051726            0      -0.1608            0      -0.1608  -1.3871e-18   1.4215e-19   1.4871e-19  -6.5644e-21       21.329       14.374       1.4838       348.44       16.337       10.049            0       348.32            0            0            0            0            0            0       49.945       2.4877           50       2.6843  -2.7667e-15      -24.329   2.8353e-16      0.40253            0            0       103.42       976.18       816.83      0.94087      0.18283            0            0            0            0            0            0            0            0            0           40        0.325            0  
          0         -0.5            0      0.50008     0.020549     0.014269    0.0062798            0     -0.16441            0     -0.16441  -1.4191e-18   1.2938e-19   1.3504e-19  -5.6566e-21       24.336        17.21       1.4141       383.64       15.764       8.1653            0       383.58            0            0            0            0            0            0       49.958       2.0779           50        2.353  -2.8305e-15      -24.874   2.5807e-16      0.39713            0            0        113.9       815.36        788.2      0.93944       0.1986            0            0            0            0            0            0            0            0            0           40        0.325            0  
          0            0            0       0.5459     0.020115     0.012625    0.0074906            0     -0.16804            0     -0.16804  -1.6965e-18   1.1905e-19   1.2871e-19  -9.6604e-21       27.139       20.051       1.3535       418.79       15.432       5.7465            0       418.79            0            0            0            0            0            0       49.966       1.7834           50       2.1103  -3.3839e-15      -25.424   2.3745e-16      0.39208            0            0       124.37        699.8       771.58      0.93854      0.21404            0            0            0            0            0            0            0            0            0           40        0.325            0  
          0          0.5            0      0.59154     0.020011      0.01121    0.0088017            0     -0.17161            0     -0.17161   -7.789e-19   4.1071e-20   9.4029e-20  -5.2958e-20        29.56       22.735       1.3002        453.8       15.352       2.7919            0       453.84            0            0            0            0            0            0       49.971       1.5729           50       1.9375  -1.5536e-15      -25.965    8.192e-17      0.38739            0            0       134.78        617.2       767.59      0.93787      0.22916            0            0            0            0            0            0            0            0            0           40        0.325            0  
          0            1            0      0.63705     0.020851     0.010631      0.01022            0     -0.17541            0     -0.17541  -1.2164e-18   1.1311e-20   5.0349e-20  -3.9037e-20       30.553       24.386       1.2529       488.72       15.996     -0.69052            0       488.78            0            0            0            0            0            0       49.973       1.4664           50       1.8746  -2.4262e-15      -26.539   2.2561e-17      0.38422            0            0       145.15       575.41       799.78      0.93683      0.24477            0            0            0            0            0            0            0            0            0           40        0.325            0  
          0          1.5            0      0.68279     0.022008     0.010268      0.01174            0     -0.17941            0     -0.17941   -2.134e-19    5.815e-20   7.2355e-20  -1.4205e-20       31.025       25.636       1.2102       523.81       16.883      -4.7082            0       523.86            0            0            0            0            0            0       49.974       1.3949           50       1.8461  -4.2565e-16      -27.145   1.1599e-16      0.38152            0            0       155.57       547.36       844.17      0.93679       0.2605            0            0            0            0            0            0            0            0            0           40        0.325            0  
          0            2            0       0.7302     0.023053     0.009624     0.013429            0     -0.18437            0     -0.18437  -1.4724e-18   6.1141e-20   6.1019e-20   1.2221e-22       31.676       27.067       1.1702       560.18       17.685      -9.2545            0        560.2            0            0            0            0            0            0       49.975       1.3211           50       1.8082   -2.937e-15      -27.894   1.2195e-16      0.37936            0            0       166.39       518.41       884.24       0.9367      0.27701            0            0            0            0            0            0            0            0            0           40        0.325            0  
          0          2.5            0      0.77717      0.02422    0.0090069     0.015213            0     -0.18899            0     -0.18899  -1.4831e-18   7.5784e-21   6.0018e-20   -5.244e-20       32.088       28.288       1.1343       596.21        18.58      -14.347            0       596.15            0            0            0            0            0            0       49.976       1.2641           50        1.785  -2.9582e-15      -28.594   1.5116e-17      0.37739            0            0       177.06       496.04       929.02      0.93662      0.29329            0            0            0            0            0            0            0            0            0           40        0.325            0  
          0            3            0       0.8231     0.025781    0.0087052     0.017076            0     -0.19364            0     -0.19364   -2.294e-18   3.1572e-20    5.535e-20  -2.3779e-20       31.927       28.966       1.1022       631.45       19.778      -19.966            0       631.27            0            0            0            0            0            0       49.975       1.2345           50        1.794  -4.5757e-15      -29.298   6.2973e-17      0.37568            0            0       187.56       484.44       988.89      0.93599      0.30922            0            0            0            0            0            0            0            0            0           40        0.325            0  
          0          3.5            0      0.86746     0.027831    0.0088517     0.018979            0     -0.19767            0     -0.19767  -2.0913e-18  -1.6526e-20  -3.2343e-20   1.5818e-20       31.169        29.03       1.0737       665.48       21.351      -26.093            0       665.12            0            0            0            0            0            0       49.974       1.2318           50       1.8376  -4.1713e-15      -29.907  -3.2962e-17      0.37413            0            0        197.7       483.37       1067.5      0.93531      0.32454            0            0            0            0            0            0            0            0            0           40        0.325            0  
          0            4            0      0.91162     0.030012    0.0090196     0.020993            0     -0.20217            0     -0.20217  -7.6823e-19   7.2726e-20    1.227e-19  -4.9978e-20       30.375       29.002       1.0474       699.36       23.024      -32.719            0       698.78            0            0            0            0            0            0       49.973        1.233           50       1.8856  -1.5323e-15      -30.588   1.4506e-16      0.37279            0            0       207.87       483.83       1151.2      0.93391      0.33985            0            0            0            0            0            0            0            0            0           40        0.325            0  
          0          4.5            0       0.9547     0.032365     0.009311     0.023054            0     -0.20675            0     -0.20675   -2.198e-18   7.9336e-21   1.8339e-20  -1.0405e-20       29.498       28.822       1.0234       732.41       24.829      -39.832            0       731.54            0            0            0            0            0            0       49.971       1.2407           50       1.9416  -4.3842e-15       -31.28   1.5824e-17      0.37166            0            0       217.84       486.85       1241.5      0.93267      0.35483            0            0            0            0            0            0            0            0            0           40        0.325            0  
          0            5            0      0.99744     0.034856    0.0096741     0.025182            0     -0.21076            0     -0.21076  -3.0089e-18   5.8576e-20   2.3007e-20   3.5569e-20       28.616       28.579       1.0013       765.19        26.74      -47.446            0       763.96            0            0            0            0            0            0       49.969       1.2513           50       2.0014  -6.0016e-15      -31.887   1.1684e-16      0.37049            0            0       227.67       490.99         1337      0.93201      0.36954            0            0            0            0            0            0            0            0            0           40        0.325            0  
          0          5.5            0       1.0403     0.037431     0.010023     0.027408            0     -0.21466            0     -0.21466   -1.067e-19   4.9442e-21   8.0691e-20  -7.5747e-20       27.793       28.348      0.98043       798.09       28.715      -55.564            0       796.43            0            0            0            0            0            0       49.968       1.2614           50       2.0606  -2.1282e-16      -32.478   9.8616e-18       0.3694            0            0       237.51       494.99       1435.8      0.93153      0.38429            0            0            0            0            0            0            0            0            0           40        0.325            0  
          0            6            0       1.0826     0.040125     0.010424     0.029701            0     -0.21844            0     -0.21844  -1.1097e-18  -2.9289e-20    2.034e-20  -4.9629e-20        26.98       28.071      0.96111       830.49       30.782      -64.149            0       828.32            0            0            0            0            0            0       49.966       1.2739           50       2.1227  -2.2134e-15      -33.049  -5.8421e-17      0.36836            0            0        247.2       499.87       1539.1      0.93084      0.39877            0            0            0            0            0            0            0            0            0           40        0.325            0  
          0          6.5            0        1.119     0.043054     0.011207     0.031847            0     -0.22375            0     -0.22375  -1.3657e-18   9.5159e-20   6.1685e-20   3.3474e-20       25.991       27.495      0.94532       858.48       33.029      -72.908            0       855.73            0            0            0            0            0            0       49.963       1.3006           50       2.2033  -2.7241e-15      -33.853   1.8981e-16       0.3679            0            0       256.06       510.35       1651.5       0.9276      0.41169            0            0            0            0            0            0            0            0            0           40        0.325            0  
          0            7            0       1.1543     0.046072     0.012066     0.034006            0     -0.22869            0     -0.22869    4.268e-20  -3.6436e-20   4.4013e-20  -8.0449e-20       25.054       26.918      0.93077       885.52       35.344      -82.025            0        882.1            0            0            0            0            0            0        49.96       1.3285           50       2.2856   8.5129e-17        -34.6  -7.2675e-17      0.36742            0            0       264.64       521.29       1767.2      0.92432      0.42411            0            0            0            0            0            0            0            0            0           40        0.325            0  
          0          7.5            0       1.1868     0.049102     0.012992      0.03611            0      -0.2342            0      -0.2342   -2.326e-18  -3.7257e-20   1.0036e-19  -1.3762e-19       24.171       26.332      0.91792       910.48       37.669      -91.377            0       906.31            0            0            0            0            0            0       49.957        1.358           50       2.3691  -4.6395e-15      -35.433  -7.4312e-17      0.36715            0            0        272.8       532.89       1883.5      0.92021      0.43575            0            0            0            0            0            0            0            0            0           40        0.325            0  
          0            8            0       1.2178     0.052174     0.013981     0.038193            0     -0.23886            0     -0.23886   2.7742e-19  -1.8237e-20   7.4689e-20  -9.2926e-20       23.341       25.757      0.90619       934.21       40.025         -101            0        929.2            0            0            0            0            0            0       49.954       1.3884           50       2.4533   5.5334e-16      -36.139  -3.6376e-17       0.3668            0            0       280.53       544.79       2001.3      0.91597      0.44667            0            0            0            0            0            0            0            0            0           40        0.325            0  
          0          8.5            0       1.2487     0.055268     0.014966     0.040302            0      -0.2423            0      -0.2423  -2.3474e-19  -6.4321e-20   1.1203e-19  -1.7636e-19       22.594       25.247      0.89489       957.95       42.399      -111.02            0          952            0            0            0            0            0            0       49.951       1.4164           50       2.5343  -4.6821e-16      -36.659   -1.283e-16      0.36627            0            0       288.07       555.78         2120      0.91271      0.45736            0            0            0            0            0            0            0            0            0           40        0.325            0  
          0            9            0       1.2791      0.05841     0.015964     0.042446            0     -0.24492            0     -0.24492   1.8566e-18  -3.4932e-20   3.7812e-19  -4.1305e-19       21.899       24.768      0.88418        981.3       44.809      -121.35            0       974.31            0            0            0            0            0            0       49.948       1.4438           50       2.6145   3.7031e-15      -37.055  -6.9676e-17      0.36557            0            0       295.31       566.54       2240.5      0.90936      0.46761            0            0            0            0            0            0            0            0            0           40        0.325            0  
          0          9.5            0       1.3096      0.06159     0.016965     0.044625            0     -0.24791            0     -0.24791   1.0243e-18  -2.3926e-20   3.2543e-19  -3.4936e-19       21.263       24.333      0.87384       1004.7       47.249      -132.05            0       996.54            0            0            0            0            0            0       49.945       1.4696           50       2.6926   2.0431e-15      -37.508  -4.7723e-17      0.36492            0            0       302.57       576.66       2362.4      0.90666       0.4779            0            0            0            0            0            0            0            0            0           40        0.325            0  
          0           10            0       1.3396      0.06479     0.018002     0.046788            0     -0.25033            0     -0.25033   -1.003e-18   1.2835e-19   3.3544e-19  -2.0708e-19       20.676        23.93        0.864       1027.7       49.704      -143.11            0       1018.3            0            0            0            0            0            0       49.942       1.4943           50        2.769  -2.0005e-15      -37.875   2.5601e-16      0.36423            0            0       309.65       586.37       2485.2      0.90479      0.48792            0            0            0            0            0            0            0            0            0           40        0.325            0  
