x	Curve1		Curve2		Curve3
2.88265	0.672609	0.64839		0.603082
2.92327	0.674227	0.64244		0.604348
2.97416	0.675794	0.644201	0.606254
2.9987	0.676535	0.645152	0.607244
3.01776	0.677384	0.645904	0.608026
3.01911	0.677439	0.645958	0.608081
3.03932	0.678153	0.646756	0.608909
3.09698	0.679588	0.648908	0.61116
3.10201	0.679734	0.649076	0.611343
3.10313	0.679768	0.649112	0.611383
3.14916	0.681661	0.650465	0.612996
3.17275	0.682078	0.651164	0.613853
3.18358	0.682509	0.651495	0.614262
3.19411	0.682953	0.651824	0.61467
3.254	0.685314	0.653765	0.617091
3.29439	0.686507	0.655114	0.618731
3.32415	0.687159	0.656125	0.619888
3.36911	0.688446	0.657691	0.621519
3.38944	0.689024	0.658432	0.622225
3.42898	0.690145	0.659891	0.623575
3.51754	0.692655	0.662234	0.62651
3.5244	0.69285		0.662421	0.626733
3.52567	0.692886	0.662455	0.626774
3.57887	0.694546	0.663935	0.628475
3.69939	0.698091	0.667299	0.632231
3.70172	0.698152	0.667362	0.632303
3.70984	0.69836		0.667584	0.632553
3.88358	0.702671	0.672191	0.637728
3.90322	0.703149	0.672711	0.638269
3.9953	0.705372	0.675091	0.640681
4.01478	0.705839	0.675559	0.641202
4.0217	0.706025	0.675725	0.641391
4.11834	0.708386	0.678029	0.644108
4.20588	0.71036		0.680127	0.646519
4.21734	0.710597	0.680404	0.646822
4.26231	0.711621	0.681497	0.647974
4.39924	0.714729	0.684903	0.651278
4.41069	0.714988	0.685185	0.65155
4.45567	0.716018	0.686256	0.652621
4.56436	0.718478	0.688548	0.655264
4.61218	0.719544	0.689547	0.656485
4.66211	0.720642	0.690635	0.657771
4.70531	0.721573	0.691589	0.658806
4.75803	0.722671	0.692744	0.660022
4.81473	0.723797	0.693937	0.661338
4.88957	0.72523		0.695368	0.663108
4.90785	0.725594	0.695701	0.663548
4.98964	0.727478	0.697225	0.665518
4.99992	0.72779		0.697428	0.665758
5.00693	0.727903	0.697568	0.66592
5.10514	0.729584	0.699609	0.668045
5.16809	0.730735	0.700929	0.669413
5.20139	0.731613	0.701613	0.670136
5.20948	0.731768	0.701778	0.670309
5.21166	0.73181		0.701822	0.670356
5.30975	0.733734	0.703763	0.672436
5.40392	0.735617	0.705635	0.674524
5.41203	0.735793	0.705806	0.674699
5.41419	0.735831	0.705852	0.674745
5.49791	0.737336	0.70769		0.676354
5.5052	0.737468	0.707829	0.676486
5.6276	0.739689	0.709972	0.678783
5.71692	0.741319	0.711481	0.680657
5.73638	0.741676	0.711811	0.681083
5.76186	0.742105	0.712244	0.681644
5.86508	0.743881	0.714018	0.68379
5.92864	0.744986	0.715132	0.684901
5.9481	0.745328	0.715479	0.68523
5.97359	0.745579	0.715936	0.685664
5.98564	0.745766	0.716153	0.685892
6.0012	0.74602		0.716435	0.686028
6.00333	0.746056	0.716473	0.68607
6.07132	0.747266	0.717689	0.687511
6.11442	0.748063	0.718439	0.688394
6.14815	0.748686	0.719028	0.689014
6.21294	0.749676	0.720225	0.690048
6.21401	0.749692	0.720246	0.690065
6.21505	0.749708	0.720267	0.690081
6.31443	0.751241	0.722244	0.691799
6.33829	0.751614	0.722622	0.692253
6.41546	0.752816	0.723596	0.693701
6.42676	0.752991	0.723727	0.693892
6.49935	0.754069	0.724623	0.695029
6.50039	0.754085	0.724638	0.695046
6.50751	0.754195	0.72474		0.69516
6.60028	0.755623	0.726442	0.696799
6.60982	0.755771	0.726633	0.696968
6.71107	0.757353	0.728275	0.698681
6.7121	0.757368	0.728289	0.698697
6.71923	0.757472	0.728385	0.698812
6.81231	0.758835	0.729549	0.700267
6.85051	0.759396	0.730095	0.700854
6.92277	0.760457	0.73119		0.702013
6.92905	0.76055		0.731295	0.702122
7.00561	0.761676	0.732651	0.703429
7.01378	0.761797	0.732764	0.703556
7.11145	0.763236	0.733924	0.70495
7.11352	0.763267	0.733951	0.704981
7.21731	0.764801	0.735566	0.706696
7.22549	0.764922	0.735697	0.706839
7.32905	0.76646		0.737319	0.708603
7.35424	0.766837	0.737707	0.708986
7.42902	0.767968	0.738849	0.710021
7.4372	0.768095	0.738973	0.710123
7.49448	0.769038	0.739834	0.710759
7.50162	0.769144	0.73994		0.71085
7.61213	0.770714	0.741515	0.712471
7.63151	0.770981	0.741765	0.712777
7.70618	0.771953	0.74256		0.714012
7.71333	0.772031	0.742633	0.714133
7.71953	0.771887	0.742699	0.714238
7.73275	0.772188	0.742855	0.714461
7.82126	0.773947	0.744191	0.715911
7.83552	0.77419		0.744416	0.716129
7.85241	0.774452	0.744679	0.71638
7.92504	0.775226	0.745765	0.717416
7.92708	0.775235	0.745796	0.717445
7.94567	0.775333	0.746068	0.71771
7.99968	0.775966	0.746867	0.718476
8.05778	0.776785	0.747755	0.719274
8.06743	0.776939	0.747902	0.719403
8.11013	0.777685	0.748508	0.719966
8.21957	0.779632	0.749769	0.721424
8.22057	0.779647	0.749781	0.721438
8.22401	0.7797		0.749819	0.721486
8.3299	0.78108		0.751155	0.723107
8.33562	0.781145	0.751237	0.723197
8.39215	0.781763	0.752097	0.724075
8.43128	0.782189	0.752682	0.724707
8.43227	0.7822		0.752696	0.724724
8.48853	0.782886	0.753323	0.725699
8.49571	0.782985	0.75341		0.725802
8.49669	0.782999	0.753423	0.725816
8.58348	0.784287	0.754628	0.726871
8.59473	0.784451	0.754778	0.727014
8.60254	0.784564	0.75488		0.727116
8.70023	0.785801	0.75609		0.728482
8.71661	0.785916	0.756321	0.728716
8.71758	0.785921	0.756336	0.72873
8.7748	0.786347	0.757313	0.729512
8.80111	0.786701	0.757718	0.72987
8.83264	0.787165	0.758161	0.730307
8.91191	0.788347	0.759176	0.731408
8.9283	0.788532	0.759378	0.731631
8.98553	0.789073	0.760071	0.732289
8.99272	0.789164	0.760158	0.732358
9.10609	0.790706	0.761499	0.733625
9.13176	0.791067	0.761799	0.734008
9.19723	0.791988	0.762564	0.73515
9.20442	0.792087	0.762647	0.735273
9.23285	0.792311	0.762978	0.735733
9.32161	0.79333		0.763996	0.736991
9.35264	0.793706	0.764345	0.737373
9.41811	0.794533	0.765071	0.738107
9.42531	0.794631	0.765153	0.738187
9.47689	0.795435	0.765799	0.738778
9.49174	0.795627	0.766015	0.738956
9.53619	0.796163	0.7667		0.739517
9.60115	0.796917	0.767622	0.740423
9.62568	0.797198	0.767934	0.740746
9.67929	0.797814	0.768573	0.741352
9.71262	0.798173	0.768954	0.741737
9.71983	0.798245	0.769035	0.741826
9.82203	0.799283	0.770168	0.743217
9.83935	0.79946		0.770358	0.743455
9.94072	0.800496	0.771487	0.74474
9.96917	0.800787	0.771814	0.745086
