T120_with_T75_b_plusDelta20cm_wing_vs_V
T1-46.9 m/s-Quads-ThickSurf-x0.085m
Freestream speed = 46.900 m/s


 Ctrl        Alpha        Beta         CL           CD           CD_viscous   CD_induced   CY           Cm           Cm_viscous   Cm_pressure  Cl           Cn           Cn_viscous   Cn_pressure  CL/CD        CL^(3/2)/CD  1/sqrt(CL)   Lift_(N)     Drag_(N)     Fx_FF_(N)    Fy_FF_(N)    Fz_FF_(N)    Fx_sum_(N)   Fy_sum_(N)   Fz_sum_(N)   Extra_drag_(N)  Fuse_drag_(N)  Cf_Fuse      Vx_(m/s)     Vz_(m/s)     V_(m/s)      Gamma        L_(N.m)      M_(N.m)      N_(N.m)      CPx_(m)      CPy_(m)      CPz_(m)      BM_(N.m)     m.g.Vz_(W)   Drag_x_V_(W)  Efficiency   XCp.Cl       XNP_(m)      Phugoid_Freq._(Hz)  Phugoid_Damping  Short_Period_Freq._(Hz)  Short_Period_Damping_Ratio  Dutch_Roll_Freq._(Hz)  Dutch_Roll_Damping  Roll_Damping  Spiral_Damping  Mass_(kg)    CoG_x_(m)    CoG_z_(m)    
          0          -11            0     -0.31787     0.030309     0.027851    0.0024582   -1.402e-19     -0.12362   0.00088658     -0.12451  -2.6533e-06  -3.2106e-06  -5.9608e-08   -3.151e-06      -10.488      -5.9129            0      -1013.3       96.616      -185.65   -4.469e-16      -996.14      -129.87      0.02579         -966            0            0            0       46.688      -4.8201         46.9      -5.4467    -0.047534       -165.9    -0.057517    -0.091228   3.4983e-05    -0.012781      -626.68      -5674.3       4531.3      0.98012     0.028999            0            0            0            0            0            0            0            0            0          120        0.085            0  
          0        -10.5            0     -0.27077     0.016949     0.015168    0.0017801  -1.1227e-19     -0.12609    0.0004772     -0.12657  -2.6071e-06  -3.1888e-06  -3.2477e-08  -3.1563e-06      -15.976      -8.3134            0      -863.13       54.026      -151.71  -3.5788e-16      -849.71      -100.33     0.023097      -822.52            0            0            0       46.808      -3.4283         46.9      -3.5816    -0.046706      -169.21    -0.057126     -0.12449   4.0933e-05    -0.018861      -533.01      -4035.8       2533.8      0.98213     0.033708            0            0            0            0            0            0            0            0            0          120        0.085            0  
          0          -10            0     -0.22362     0.012131      0.01092     0.001211  -8.5875e-20     -0.12831   0.00033945     -0.12864  -2.5623e-06  -3.1889e-06  -4.1012e-08  -3.1478e-06      -18.434      -8.7171            0      -712.83        38.67      -119.98  -2.7374e-16      -702.67      -72.827     0.020857       -678.3            0            0            0       46.831      -3.2696         46.9      -3.1052    -0.045903      -172.19    -0.057127     -0.17188   4.9433e-05    -0.027575      -438.96      -3848.9       1813.6      0.98463     0.038438            0            0            0            0            0            0            0            0            0          120        0.085            0  
          0         -9.5            0     -0.17643     0.016306     0.015554    0.0007519  -6.1021e-20     -0.13026   0.00047762     -0.13074  -2.5188e-06  -3.1595e-06  -3.3837e-08  -3.1257e-06       -10.82      -4.5446            0      -562.39       51.978      -90.457  -1.9451e-16      -555.07      -47.375     0.019072      -533.39            0            0            0       46.701      -6.2714         46.9      -5.2805    -0.045124      -174.81    -0.056601     -0.24478   6.2529e-05    -0.041042      -344.55      -7382.7       2437.8      0.98711     0.043185            0            0            0            0            0            0            0            0            0          120        0.085            0  
          0           -9            0     -0.12919     0.029452     0.029049   0.00040343  -3.7716e-20     -0.13197   0.00088096     -0.13285  -2.4768e-06  -3.1995e-06  -1.0979e-07  -3.0897e-06      -4.3865      -1.5766            0      -411.82       93.884      -63.153  -1.2022e-16      -406.95      -23.981      0.01774      -387.82            0            0            0       45.727      -18.077         46.9      -12.842    -0.044371      -177.11    -0.057318     -0.37114   8.5262e-05    -0.064481       -249.8       -21280       4403.2       0.9865     0.047949            0            0            0            0            0            0            0            0            0          120        0.085            0  
          0         -8.5            0    -0.081924     0.060508     0.060342    0.0001663  -1.5967e-20     -0.13318    0.0018069     -0.13498  -2.4361e-06  -3.1103e-06  -7.0215e-08  -3.0401e-06      -1.3539     -0.38753            0      -261.15       192.88      -38.075  -5.0896e-17      -258.36      -2.6517     0.016864      -241.66            0            0            0       37.726      -73.546         46.9      -36.449    -0.043642      -178.72     -0.05572      -0.6436   0.00013432     -0.11516      -154.76       -86579         9046      0.96236     0.052726            0            0            0            0            0            0            0            0            0          120        0.085            0  
          0           -8            0     -0.03463     0.055343     0.055302   4.1069e-05   4.2199e-21     -0.13549    0.0016347     -0.13713  -2.3969e-06  -3.0342e-06  -5.7442e-08  -2.9768e-06     -0.62573     -0.11644            0      -110.39       176.41      -15.233   1.3451e-17      -109.33       16.607     0.016443      -94.927            0            0            0       24.878      -244.77         46.9      -57.965     -0.04294      -181.83    -0.054357      -1.6608   0.00031757     -0.30474       -59.44  -2.8814e+05       8273.8      0.69627     0.057515            0            0            0            0            0            0            0            0            0          120        0.085            0  
          0         -7.5            0     0.012684     0.051614     0.051586   2.8246e-05   2.2838e-20     -0.13778    0.0015049     -0.13929  -2.3591e-06  -2.9647e-06  -6.4949e-08  -2.8997e-06      0.24575     0.027677       8.8791       40.433       164.53       5.3668   7.2798e-17       40.075       33.788     0.016476       52.319            0            0            0       11.193       1029.8         46.9       76.193    -0.042263      -184.91    -0.053111       4.9126  -0.00086682      0.92132       36.133   1.2122e+06       7716.3      0.13582     0.062313            0            0            0            0            0            0            0            0            0          120        0.085            0  
          0           -7            0     0.060011     0.010514     0.010386   0.00012824   3.9881e-20     -0.14116   0.00029896     -0.14146  -2.3228e-06  -2.8236e-06  -1.4538e-08  -2.8091e-06       5.7075       1.3982       4.0821       191.29       33.516       23.719   1.2713e-16       189.82       48.888     0.016966       200.04            0            0            0       46.196       20.384         46.9       9.9378    -0.041611      -189.44    -0.050583       1.1184  -0.00018323      0.21385       131.91        23997       1571.9      0.66966     0.067118            0            0            0            0            0            0            0            0            0          120        0.085            0  
          0         -6.5            0      0.10734    0.0099888    0.0096474   0.00034136   5.5345e-20     -0.14338   0.00027392     -0.14365  -2.2879e-06  -2.7109e-06  -6.1324e-09  -2.7047e-06       10.747       3.5209       3.0522       342.18       31.841       39.817   1.7642e-16       339.86         61.9      0.01791       348.18            0            0            0       46.698       8.0948         46.9       5.3163    -0.040986      -192.41    -0.048564      0.67005  -0.00010247      0.13037       227.87       9529.2       1493.3      0.80491     0.071927            0            0            0            0            0            0            0            0            0          120        0.085            0  
          0           -6            0      0.15468    0.0097493    0.0090814   0.00066785   6.9224e-20      -0.1456   0.00025427     -0.14585  -2.2545e-06  -2.5914e-06  -4.6138e-09  -2.5868e-06       15.866       6.2398       2.5426       493.06       31.077       53.656   2.2066e-16       490.14       72.822     0.019309        496.7            0            0            0       46.807       4.5676         46.9       3.6065    -0.040388      -195.39    -0.046424      0.49612  -7.1152e-05     0.098065       323.98         5377       1457.5      0.85423     0.076739            0            0            0            0            0            0            0            0            0          120        0.085            0  
          0         -5.5            0      0.20201    0.0098491    0.0087412    0.0011079   8.1515e-20     -0.14783   0.00024129     -0.14807  -2.2225e-06  -2.4591e-06  -3.7773e-09  -2.4553e-06        20.51       9.2183       2.2249       643.92       31.395       65.232   2.5984e-16       640.62        81.65     0.021162       645.56            0            0            0       46.844       3.0918         46.9       2.7913    -0.039815      -198.38    -0.044054       0.4037  -5.4519e-05      0.08097       420.22       3639.7       1472.4      0.87828      0.08155            0            0            0            0            0            0            0            0            0          120        0.085            0  
          0           -5            0      0.24932     0.010112    0.0084506    0.0016615   9.2213e-20     -0.15006   0.00022991     -0.15029   -2.192e-06  -2.3135e-06  -3.1506e-09  -2.3103e-06       24.656       12.311       2.0027       794.74       32.234       74.542   2.9394e-16       791.26       88.381     0.023469       794.71            0            0            0       46.861       2.3151         46.9       2.3226    -0.039269      -201.38    -0.041445      0.34638  -4.4207e-05      0.07042       516.56       2725.3       1511.8       0.8921      0.08636            0            0            0            0            0            0            0            0            0          120        0.085            0  
          0         -4.5            0      0.29661     0.010525    0.0081962    0.0023286   1.0132e-19     -0.15231   0.00021971     -0.15253  -2.1631e-06  -2.1543e-06  -2.5432e-09  -2.1518e-06       28.182       15.349       1.8361        945.5        33.55       81.583   3.2296e-16          942       93.013     0.026229       944.11            0            0            0       46.871       1.8569         46.9       2.0322    -0.038751       -204.4    -0.038594      0.30735  -3.7187e-05     0.063284       612.97         2186       1573.5       0.9009     0.091164            0            0            0            0            0            0            0            0            0          120        0.085            0  
          0           -4            0      0.34388      0.01102    0.0079103    0.0031092   1.0882e-19     -0.15457   0.00020887     -0.15478  -2.1356e-06  -1.9817e-06  -1.8719e-09  -1.9799e-06       31.207         18.3       1.7053       1096.2       35.126       86.352   3.4688e-16       1092.8       95.544     0.029442       1093.7            0            0            0       46.876       1.5574         46.9       1.8354    -0.038259      -207.43    -0.035502      0.27906  -3.2099e-05     0.058151       709.41       1833.4       1647.4       0.9069     0.095962            0            0            0            0            0            0            0            0            0          120        0.085            0  
          0         -3.5            0      0.39112      0.01165    0.0076472    0.0040031   1.1472e-19     -0.15683   0.00019883     -0.15703  -2.1097e-06   -1.798e-06   -3.418e-09  -1.7946e-06       33.571       20.995        1.599       1246.7       37.137       88.848    3.657e-16       1243.6       95.975     0.033105       1243.5            0            0            0       46.879       1.3575         46.9       1.7062    -0.037794      -210.47     -0.03221       0.2576  -2.8241e-05     0.054294       805.87       1598.1       1741.7      0.91119      0.10075            0            0            0            0            0            0            0            0            0          120        0.085            0  
          0           -3            0      0.43831     0.012486    0.0074763    0.0050099   1.1903e-19     -0.15911   0.00019135      -0.1593  -2.0852e-06  -1.5971e-06  -1.2234e-09  -1.5959e-06       35.104        23.24       1.5105       1397.2       39.802       89.071   3.7941e-16       1394.4       94.305     0.037219       1393.3            0            0            0       46.881       1.2264         46.9       1.6318    -0.037356      -213.52    -0.028612      0.24076  -2.5212e-05       0.0513        902.3       1443.7       1866.7      0.91439      0.10553            0            0            0            0            0            0            0            0            0          120        0.085            0  
          0         -2.5            0      0.48546     0.013455    0.0073253    0.0061294   1.2172e-19     -0.16139    0.0001845     -0.16157  -2.0623e-06  -1.3854e-06  -1.3706e-09   -1.384e-06       36.081        25.14       1.4352       1547.5       42.889        87.02   3.8801e-16       1545.2       90.534     0.041782       1543.2            0            0            0       46.882       1.1337         46.9       1.5876    -0.036946      -216.58    -0.024819      0.22719   -2.277e-05     0.048916       998.69       1334.6       2011.5      0.91683      0.11029            0            0            0            0            0            0            0            0            0          120        0.085            0  
          0           -2            0      0.53256     0.014592    0.0072311     0.007361   1.2282e-19     -0.16367   0.00017917     -0.16385   -2.041e-06  -1.1601e-06  -1.2316e-09  -1.1589e-06       36.496       26.634       1.3703       1697.6       46.514       82.696    3.915e-16       1695.8       84.664     0.046792       1693.2            0            0            0       46.882       1.0701         46.9       1.5695    -0.036563      -219.65    -0.020783      0.21601  -2.0756e-05     0.046981         1095       1259.7       2181.5      0.91874      0.11504            0            0            0            0            0            0            0            0            0          120        0.085            0  
          0         -1.5            0       0.5796     0.015875    0.0071706    0.0087042   1.2231e-19     -0.16597   0.00017472     -0.16614  -2.0211e-06  -9.2211e-07  -1.4335e-09  -9.2067e-07       36.511       27.796       1.3135       1847.5       50.603       76.099   3.8987e-16       1846.2       76.695     0.052248       1843.1            0            0            0       46.882       1.0254         46.9       1.5689    -0.036208      -222.73    -0.016519      0.20664  -1.9065e-05     0.045383       1191.2       1207.1       2373.3      0.92028      0.11977            0            0            0            0            0            0            0            0            0          120        0.085            0  
          0           -1            0      0.62657     0.017379    0.0072202     0.010158   1.2019e-19     -0.16826   0.00017294     -0.16844  -2.0029e-06  -6.7177e-07  -2.3941e-09  -6.6938e-07       36.054       28.539       1.2633       1997.3       55.397       67.234   3.8312e-16       1996.4       66.632     0.058149       1992.9            0            0            0       46.882      0.99867         46.9       1.5888    -0.035881      -225.81    -0.012035      0.19866  -1.7623e-05     0.044046       1287.2       1175.6       2598.1      0.92153      0.12447            0            0            0            0            0            0            0            0            0          120        0.085            0  
          0         -0.5            0      0.67347     0.019118    0.0073956     0.011723   1.1647e-19     -0.17056   0.00017407     -0.17074  -1.9861e-06  -4.0787e-07  -2.7644e-09   -4.051e-07       35.226       28.908       1.2185       2146.8       60.943       56.101   3.7126e-16       2146.4       54.476     0.064492       2142.6            0            0            0       46.881      0.98591         46.9       1.6261    -0.035581      -228.89   -0.0073068      0.19178  -1.6376e-05     0.042916       1383.1       1160.6       2858.2      0.92257      0.12916            0            0            0            0            0            0            0            0            0          120        0.085            0  
          0            0            0      0.72029     0.021019    0.0076226     0.013397   1.1115e-19     -0.17287   0.00017624     -0.17304   -1.971e-06  -1.2977e-07  -1.8426e-09  -1.2793e-07       34.268       29.083       1.1783         2296       67.002       42.704   3.5429e-16         2296       40.232     0.071276       2292.2            0            0            0        46.88      0.97999         46.9       1.6715    -0.035309      -231.99   -0.0023248      0.18578  -1.5286e-05     0.041951       1478.8       1153.6       3142.4      0.92345      0.13382            0            0            0            0            0            0            0            0            0          120        0.085            0  
          0          0.5            0      0.76703     0.022992    0.0078124     0.015179   1.0422e-19     -0.17517   0.00017735     -0.17535  -1.9574e-06   1.6141e-07  -6.6226e-10   1.6207e-07       33.361       29.218       1.1418         2445       73.289       27.048   3.3222e-16       2445.3       23.904     0.078498       2441.5            0            0            0       46.879      0.97548         46.9       1.7169    -0.035066      -235.08    0.0028915       0.1805  -1.4322e-05      0.04112       1574.3       1148.3       3437.3       0.9242      0.13845            0            0            0            0            0            0            0            0            0          120        0.085            0  
          0            1            0      0.81367     0.025067    0.0079977     0.017069   9.5696e-20     -0.17748    0.0001782     -0.17766  -1.9454e-06   4.6503e-07   2.3121e-10   4.6479e-07        32.46        29.28       1.1086       2593.7       79.905       9.1367   3.0505e-16       2594.3       5.4966     0.086156       2590.6            0            0            0       46.878      0.97341         46.9       1.7646     -0.03485      -238.18    0.0083307      0.17581  -1.3462e-05     0.040401       1669.5       1145.9       3747.5      0.92486      0.14305            0            0            0            0            0            0            0            0            0          120        0.085            0  
          0          1.5            0      0.86022     0.027082    0.0080164     0.019066   8.5576e-20      -0.1798   0.00017523     -0.17998  -1.9349e-06   7.8289e-07   2.7355e-09   7.8016e-07       31.763       29.459       1.0782       2742.1       86.329      -11.024   2.7279e-16       2742.7      -14.984     0.094249       2739.4            0            0            0       46.877      0.96747         46.9       1.8033    -0.034663       -241.3     0.014025      0.17161  -1.2688e-05     0.039774       1764.5       1138.9       4048.8      0.92544      0.14762            0            0            0            0            0            0            0            0            0          120        0.085            0  
          0            2            0      0.90666     0.029154    0.0079855     0.021168   7.3862e-20     -0.18212   0.00017117      -0.1823   -1.926e-06   1.1078e-06  -2.9241e-10   1.1081e-06       31.099       29.612       1.0502       2890.1       92.932      -33.428   2.3544e-16       2890.7      -37.533      0.10277       2887.8            0            0            0       46.876      0.96248         46.9       1.8417    -0.034504      -244.41     0.019845      0.16782  -1.1986e-05     0.039225       1859.1         1133       4358.5      0.92598      0.15216            0            0            0            0            0            0            0            0            0          120        0.085            0  
          0          2.5            0      0.95299     0.031876    0.0085008     0.023375   6.0557e-20     -0.18444    0.0001786     -0.18461  -1.9187e-06   1.4359e-06  -1.2507e-08   1.4484e-06       29.897       29.186       1.0244       3037.8       101.61      -58.068   1.9304e-16       3038.2      -62.142      0.11173       3035.8            0            0            0       46.874      0.97653         46.9       1.9157    -0.034373      -247.51     0.025723      0.16438  -1.1344e-05     0.038742       1953.4       1149.6       4765.4      0.92646      0.15666            0            0            0            0            0            0            0            0            0          120        0.085            0  
          0            3            0      0.99921     0.035045    0.0093605     0.025684   4.5667e-20     -0.18674   0.00019266     -0.18693   -1.913e-06    1.784e-06  -1.7065e-08   1.8011e-06       28.512       28.501       1.0004       3185.1       111.71      -84.937   1.4557e-16         3185      -88.803      0.12111       3183.4            0            0            0       46.871            1         46.9       2.0087     -0.03427       -250.6      0.03196      0.16124  -1.0754e-05     0.038316       2047.3       1177.2       5239.2      0.92692      0.16112            0            0            0            0            0            0            0            0            0          120        0.085            0  
          0          3.5            0       1.0453      0.03819     0.010095     0.028095   2.9196e-20     -0.18905   0.00020344     -0.18925  -1.9088e-06   2.1551e-06  -1.0938e-08    2.166e-06       27.371       27.984      0.97809       3332.1       121.74      -114.03   9.3066e-17       3331.3      -117.51      0.13091       3330.6            0            0            0       46.869       1.0185         46.9       2.0923    -0.034196       -253.7     0.038607      0.15836  -1.0208e-05     0.037938       2140.8       1198.9       5709.4      0.92736      0.16554            0            0            0            0            0            0            0            0            0          120        0.085            0  
          0            4            0       1.0913     0.041341     0.010735     0.030606   1.1148e-20     -0.19136   0.00021173     -0.19157  -1.9062e-06   2.5363e-06  -6.6926e-09    2.543e-06       26.397       27.575      0.95727       3478.6       131.78      -145.33   3.5536e-17       3476.9      -148.25      0.14113       3477.2            0            0            0       46.866       1.0336         46.9       2.1695     -0.03415       -256.8     0.045437       0.1557   -9.699e-06     0.037603       2233.9       1216.7       6180.5      0.92778      0.16991            0            0            0            0            0            0            0            0            0          120        0.085            0  
          0          4.5            0       1.1371      0.04465     0.011434     0.033216  -8.4708e-21     -0.19367   0.00022059     -0.19389  -1.9053e-06   2.9245e-06  -7.5216e-09   2.9321e-06       25.467       27.156      0.93778       3624.7       142.33      -178.83  -2.7002e-17       3621.8      -181.02      0.15177       3623.2            0            0            0       46.864       1.0495         46.9       2.2487    -0.034132       -259.9     0.052392      0.15324  -9.2227e-06     0.037305       2326.5       1235.5       6675.2       0.9282      0.17425            0            0            0            0            0            0            0            0            0          120        0.085            0  
          0            5            0       1.1828     0.048161     0.012238     0.035923  -2.9654e-20     -0.19597   0.00023079      -0.1962  -1.9059e-06   3.3226e-06  -1.0335e-08    3.333e-06       24.559       26.709      0.91949       3770.3       153.52      -214.53  -9.4528e-17       3765.9      -215.81      0.16283       3768.6            0            0            0       46.861       1.0671         46.9       2.3317    -0.034143      -262.99     0.059524      0.15094  -8.7745e-06     0.037039       2418.7       1256.2         7200      0.92861      0.17853            0            0            0            0            0            0            0            0            0          120        0.085            0  
          0          5.5            0       1.2283     0.051756     0.013031     0.038725  -5.2396e-20     -0.19827   0.00024008     -0.19851   -1.908e-06   3.7348e-06  -1.0852e-08   3.7457e-06       23.733       26.303      0.90229       3915.4       164.98      -252.41  -1.6702e-16       3909.3       -252.6      0.17429       3913.3            0            0            0       46.858       1.0836         46.9       2.4127    -0.034182      -266.08     0.066907       0.1488  -8.3507e-06     0.036802       2510.3       1275.6       7737.5      0.92902      0.18277            0            0            0            0            0            0            0            0            0          120        0.085            0  
          0            6            0       1.2737     0.055415     0.013794     0.041621   -7.669e-20     -0.20057   0.00024813     -0.20082  -1.9118e-06   4.1587e-06  -1.1284e-08     4.17e-06       22.985        25.94      0.88607       4060.1       176.64      -292.45  -2.4446e-16       4051.7      -291.39      0.18616       4057.4            0            0            0       46.856       1.0987         46.9       2.4912    -0.034249      -269.17     0.074501      0.14678   -7.948e-06     0.036589       2601.4       1293.4       8284.6      0.92945      0.18695            0            0            0            0            0            0            0            0            0          120        0.085            0  
          0          6.5            0       1.3189     0.059212     0.014604     0.044608  -1.0253e-19     -0.20287   0.00025631     -0.20312  -1.9171e-06   4.5926e-06  -1.3214e-08   4.6058e-06       22.275       25.581      0.87074       4204.3       188.75      -334.66  -3.2682e-16       4193.4      -332.16      0.19844       4200.7            0            0            0       46.853       1.1141         46.9       2.5705    -0.034345      -272.25     0.082274      0.14488  -7.5638e-06     0.036399       2691.9       1311.6       8852.2      0.92988      0.19109            0            0            0            0            0            0            0            0            0          120        0.085            0  
          0            7            0        1.364     0.063182     0.015497     0.047685   -1.299e-19     -0.20516   0.00026519     -0.20542  -1.9241e-06   5.0357e-06  -1.7251e-08    5.053e-06       21.588       25.213      0.85624       4347.9        201.4      -379.01  -4.1408e-16         4334       -374.9      0.21111       4343.1            0            0            0        46.85       1.1304         46.9       2.6521    -0.034469      -275.32     0.090213      0.14308  -7.1957e-06     0.036229       2781.9       1330.7       9445.8      0.93032      0.19516            0            0            0            0            0            0            0            0            0          120        0.085            0  
          0          7.5            0       1.4089     0.067442     0.016591     0.050851   -1.588e-19     -0.20744   0.00027661     -0.20771  -1.9326e-06   5.4858e-06  -2.5635e-08   5.5114e-06        20.89       24.796      0.84249         4491       214.98      -425.49  -5.0621e-16       4473.7       -419.6      0.22418       4484.8            0            0            0       46.846       1.1494         46.9       2.7406    -0.034621      -278.38     0.098276      0.14138  -6.8417e-06     0.036076       2871.2       1353.1        10083      0.93078      0.19918            0            0            0            0            0            0            0            0            0          120        0.085            0  
          0            8            0       1.4536     0.072141     0.018039     0.054102  -1.8922e-19     -0.20971   0.00029279        -0.21  -1.9426e-06   5.9442e-06  -3.6764e-08    5.981e-06       20.149       24.293      0.82943       4633.5       229.96      -474.08  -6.0318e-16       4612.4      -466.24      0.23765       4625.6            0            0            0       46.842       1.1732         46.9       2.8412    -0.034802      -281.43      0.10649      0.13975  -6.5001e-06     0.035939       2959.8       1381.1        10785      0.93126      0.20314            0            0            0            0            0            0            0            0            0          120        0.085            0  
          0          8.5            0       1.4981     0.076878     0.019442     0.057437  -2.2116e-19     -0.21197   0.00030695     -0.21228  -1.9543e-06   6.4271e-06  -3.4339e-08   6.4615e-06       19.487       23.852      0.81701       4775.5       245.06      -524.78  -7.0497e-16       4750.1      -514.82       0.2515       4765.5            0            0            0       46.838       1.1949         46.9       2.9376     -0.03501      -284.47      0.11514       0.1382  -6.1692e-06     0.035816       3047.8       1406.7        11493      0.93175      0.20704            0            0            0            0            0            0            0            0            0          120        0.085            0  
          0            9            0       1.5425     0.081809     0.020956     0.060853  -2.5459e-19     -0.21423   0.00032157     -0.21455  -1.9675e-06   6.9062e-06  -4.6627e-08   6.9528e-06       18.854       23.416      0.80518       4916.8       260.78      -577.57  -8.1153e-16       4886.6       -565.3      0.26573       4904.3            0            0            0       46.834       1.2171         46.9        3.036    -0.035247      -287.49      0.12372      0.13672  -5.8477e-06     0.035706       3135.1       1432.8        12231      0.93227      0.21088            0            0            0            0            0            0            0            0            0          120        0.085            0  
          0          9.5            0       1.5866     0.089496     0.025147     0.064349  -2.8951e-19     -0.21644   0.00037468     -0.21681  -1.9823e-06   7.3156e-06  -1.3919e-07   7.4548e-06       17.728       22.331       0.7939       5057.5       285.28      -632.43  -9.2285e-16         5022      -617.69      0.28035       5042.2            0            0            0       46.826       1.2763         46.9       3.2285    -0.035512      -290.46      0.13106      0.13529  -5.5345e-06     0.035607       3221.7       1502.5        13380      0.93281      0.21466            0            0            0            0            0            0            0            0            0          120        0.085            0  
