T120_with_T75_wing_vs_V
T1-25.0 m/s-LLT-x0.085m
Freestream speed = 25.000 m/s


 Ctrl        Alpha        Beta         CL           CD           CD_viscous   CD_induced   CY           Cm           Cm_viscous   Cm_pressure  Cl           Cn           Cn_viscous   Cn_pressure  CL/CD        CL^(3/2)/CD  1/sqrt(CL)   Lift_(N)     Drag_(N)     Fx_FF_(N)    Fy_FF_(N)    Fz_FF_(N)    Fx_sum_(N)   Fy_sum_(N)   Fz_sum_(N)   Extra_drag_(N)  Fuse_drag_(N)  Cf_Fuse      Vx_(m/s)     Vz_(m/s)     V_(m/s)      Gamma        L_(N.m)      M_(N.m)      N_(N.m)      CPx_(m)      CPy_(m)      CPz_(m)      BM_(N.m)     m.g.Vz_(W)   Drag_x_V_(W)  Efficiency   XCp.Cl       XNP_(m)      Phugoid_Freq._(Hz)  Phugoid_Damping  Short_Period_Freq._(Hz)  Short_Period_Damping_Ratio  Dutch_Roll_Freq._(Hz)  Dutch_Roll_Damping  Roll_Damping  Spiral_Damping  Mass_(kg)    CoG_x_(m)    CoG_z_(m)    
          0         -4.5            0      0.29037     0.013296     0.010925     0.002371            0     -0.15376            0     -0.15376  -7.8927e-19   7.8109e-20   6.3609e-20     1.45e-20       21.838       11.768       1.8558       244.28       11.186       21.154            0       243.37            0            0            0            0            0            0       24.974       2.5131           25       2.6218   -3.466e-15      -54.457   3.4301e-16      0.31529   1.7593e-16            0       147.34       2958.4       279.65      0.91291     0.091549            0            0            0            0            0            0            0            0            0          120        0.085            0  
          0           -4            0      0.33527     0.013633     0.010478    0.0031554            0     -0.15519            0     -0.15519  -1.4435e-18    6.038e-20   5.7118e-20   3.2626e-21       24.593        14.24        1.727       282.06       11.469       22.323            0       281.18            0            0            0            0            0            0       24.979       2.0768           25       2.3285  -6.3392e-15      -54.965   2.6516e-16      0.28562   2.7867e-16            0       170.25       2444.8       286.73      0.91455     0.095759            0            0            0            0            0            0            0            0            0          120        0.085            0  
          0         -3.5            0      0.37917     0.014013    0.0099649     0.004048            0     -0.15636            0     -0.15636  -1.1112e-18   3.9821e-20   3.7646e-20    2.175e-21       27.058       16.661        1.624       318.98       11.789       22.873            0       318.18            0            0            0            0            0            0       24.983       1.7749           25       2.1165  -4.8798e-15      -55.379   1.7487e-16      0.26304   1.8968e-16            0       192.59       2089.5       294.72      0.91175     0.099734            0            0            0            0            0            0            0            0            0          120        0.085            0  
          0           -3            0      0.42393     0.014666    0.0096029    0.0050633            0     -0.15778            0     -0.15778  -3.9463e-19   7.0472e-20   5.4522e-20    1.595e-20       28.905        18.82       1.5359       356.64       12.338       22.919            0       355.93            0            0            0            0            0            0       24.985       1.5714           25       1.9814   -1.733e-15      -55.882   3.0948e-16      0.24518   6.0251e-17            0       215.25       1849.8       308.46       0.9112      0.10394            0            0            0            0            0            0            0            0            0          120        0.085            0  
          0         -2.5            0      0.46892     0.015522    0.0093242    0.0061978            0     -0.15929            0     -0.15929   -9.035e-19   6.0239e-20   4.2838e-20     1.74e-20        30.21       20.687       1.4603       394.49       13.058       22.417            0       393.89            0            0            0            0            0            0       24.986       1.4295           25       1.8959  -3.9677e-15      -56.416   2.6454e-16      0.23075   1.2471e-16            0       238.05       1682.8       326.46       0.9108       0.1082            0            0            0            0            0            0            0            0            0          120        0.085            0  
          0           -2            0      0.51337     0.016483    0.0090445    0.0074383            0     -0.16067            0     -0.16067  -8.5158e-19   2.3753e-20   3.2453e-20  -8.7002e-21       31.146       22.316       1.3957       431.88       13.867       21.326            0        431.4            0            0            0            0            0            0       24.987       1.3252           25        1.839  -3.7397e-15      -56.905   1.0431e-16      0.21889   1.0736e-16            0       260.68         1560       346.66      0.90958      0.11237            0            0            0            0            0            0            0            0            0          120        0.085            0  
          0         -1.5            0      0.55776     0.017605    0.0088168     0.008788            0     -0.16203            0     -0.16203    -1.08e-18    5.814e-20   4.2189e-20    1.595e-20       31.683       23.662        1.339       469.23        14.81       19.674            0       468.88            0            0            0            0            0            0       24.988       1.2498           25       1.8078   -4.743e-15      -57.388   2.5532e-16       0.2089   1.2533e-16            0       283.24       1471.3       370.26      0.90881      0.11652            0            0            0            0            0            0            0            0            0          120        0.085            0  
          0           -1            0      0.60167     0.018858      0.00862     0.010238            0     -0.16328            0     -0.16328  -1.9109e-18   3.9137e-20   4.3488e-20  -4.3501e-21       31.906       24.749       1.2892       506.17       15.864       17.445            0       505.94            0            0            0            0            0            0       24.988       1.1949           25       1.7952  -8.3914e-15       -57.83   1.7187e-16      0.20036   2.0556e-16            0       305.62       1406.7       396.61      0.90779      0.12055            0            0            0            0            0            0            0            0            0          120        0.085            0  
          0         -0.5            0      0.64486     0.020246    0.0084679     0.011778            0     -0.16436            0     -0.16436  -1.6201e-18   7.0734e-20   4.6084e-20   2.4651e-20       31.852       25.578       1.2453       542.51       17.032       14.642            0        542.4            0            0            0            0            0            0       24.988       1.1562           25       1.7982  -7.1145e-15      -58.211   3.1063e-16      0.19299    1.626e-16            0       327.72       1361.1       425.81      0.90641      0.12445            0            0            0            0            0            0            0            0            0          120        0.085            0  
          0            0            0      0.68663     0.021743    0.0083587     0.013385            0     -0.16509            0     -0.16509  -1.2462e-18   2.4554e-20   3.1804e-20  -7.2502e-21       31.579       26.167       1.2068       577.65       18.292        11.26            0       577.65            0            0            0            0            0            0       24.987       1.1301           25       1.8138  -5.4727e-15       -58.47   1.0783e-16      0.18655   1.1747e-16            0       349.27       1330.4        457.3      0.90429      0.12809            0            0            0            0            0            0            0            0            0          120        0.085            0  
          0          0.5            0      0.72678     0.023345    0.0083048      0.01504            0     -0.16542            0     -0.16542   -1.807e-18   5.1193e-20   3.9593e-20     1.16e-20       31.132        26.54        1.173       611.42        19.64       7.3171            0       611.51            0            0            0            0            0            0       24.987       1.1143           25       1.8398  -7.9354e-15      -58.589   2.2481e-16      0.18078   1.6092e-16            0       370.12       1311.7          491      0.90159      0.13139            0            0            0            0            0            0            0            0            0          120        0.085            0  
          0            1            0      0.76486     0.025055     0.008335      0.01672            0     -0.16523            0     -0.16523  -1.9732e-18   1.1222e-19   5.7118e-20   5.5101e-20       30.527       26.698       1.1434       643.46       21.078       2.8344            0        643.6            0            0            0            0            0            0       24.987       1.1077           25       1.8762  -8.6651e-15      -58.521   4.9281e-16      0.17547   1.6697e-16            0       390.11         1304       526.96      0.89821      0.13421            0            0            0            0            0            0            0            0            0          120        0.085            0  
          0          1.5            0      0.80312     0.026862    0.0083898     0.018472            0      -0.1652            0      -0.1652  -2.7624e-18   5.1842e-20   4.0242e-20     1.16e-20       29.898       26.794       1.1159       675.64       22.598      -2.1515            0       675.82            0            0            0            0            0            0       24.986       1.1037           25       1.9157  -1.2131e-14      -58.508   2.2766e-16      0.17082   2.2262e-16            0        409.7       1299.3       564.96       0.8964      0.13719            0            0            0            0            0            0            0            0            0          120        0.085            0  
          0            2            0       0.8449     0.028787      0.00837     0.020417            0     -0.16628            0     -0.16628  -3.3232e-18   1.6821e-20   5.4522e-20  -3.7701e-20        29.35       26.978       1.0879       710.79       24.218      -7.6406            0       710.96            0            0            0            0            0            0       24.986       1.0962           25       1.9514  -1.4594e-14      -58.891   7.3868e-17      0.16682   2.5457e-16            0       430.52       1290.4       605.44       0.8976      0.14094            0            0            0            0            0            0            0            0            0          120        0.085            0  
          0          2.5            0      0.88645     0.030846    0.0083692     0.022476            0     -0.16736            0     -0.16736  -1.3916e-18   1.0175e-19    3.505e-20   6.6701e-20       28.738       27.058       1.0621       745.75        25.95      -13.638            0       745.87            0            0            0            0            0            0       24.985        1.093           25       1.9929  -6.1112e-15      -59.275   4.4684e-16      0.16307   1.0161e-16            0       451.65       1286.6       648.74      0.89752      0.14456            0            0            0            0            0            0            0            0            0          120        0.085            0  
          0            3            0      0.92354      0.03299    0.0085226     0.024467            0     -0.16713            0     -0.16713  -3.2401e-18   1.4083e-19   4.8031e-20   9.2802e-20       27.995       26.903       1.0406       776.95       27.754      -20.107            0       776.96            0            0            0            0            0            0       24.984       1.0992           25       2.0458  -1.4229e-14      -59.195   6.1846e-16      0.15937   2.2707e-16            0       471.45         1294       693.84      0.89493      0.14719            0            0            0            0            0            0            0            0            0          120        0.085            0  
          0          3.5            0      0.95522     0.035161    0.0088142     0.026347            0     -0.16542            0     -0.16542  -4.4033e-18   1.1145e-19   3.8944e-20   7.2502e-20       27.167       26.551       1.0232       803.61       29.581      -26.935            0       803.46            0            0            0            0            0            0       24.983       1.1138           25       2.1081  -1.9337e-14      -58.587   4.8941e-16      0.15573   2.9835e-16            0       489.04       1311.2       739.51      0.88907      0.14876            0            0            0            0            0            0            0            0            0          120        0.085            0  
          0            4            0      0.98315     0.037302    0.0092028       0.0281            0     -0.16268            0     -0.16268  -1.1631e-18   1.6472e-19   5.4522e-20    1.102e-19       26.356       26.133       1.0085        827.1       31.382      -34.114            0       826.73            0            0            0            0            0            0       24.982       1.1316           25       2.1729  -5.1078e-15      -57.617   7.2338e-16      0.15212   7.6572e-17            0       504.74       1332.2       784.54      0.88308      0.14956            0            0            0            0            0            0            0            0            0          120        0.085            0  
          0          4.5            0       1.0095     0.039515    0.0096974     0.029817            0     -0.15964            0     -0.15964  -3.1986e-18   -2.802e-20   4.7382e-20  -7.5402e-20       25.547       25.668      0.99529       849.26       33.243      -41.624            0       848.61            0            0            0            0            0            0       24.981       1.1521           25       2.2416  -1.4047e-14      -56.542  -1.2305e-16      0.14871   2.0508e-16            0       519.45       1356.3       831.07      0.87739      0.15012            0            0            0            0            0            0            0            0            0          120        0.085            0  
          0            5            0       1.0346     0.041824     0.010308     0.031517            0     -0.15647            0     -0.15647  -1.4955e-18   5.6344e-20   3.8944e-20     1.74e-20       24.736       25.161      0.98314       870.37       35.186      -49.445            0       869.37            0            0            0            0            0            0        24.98       1.1754           25        2.315  -6.5672e-15      -55.417   2.4743e-16      0.14546   9.3555e-17            0       533.39       1383.6       879.65      0.87188      0.15049            0            0            0            0            0            0            0            0            0          120        0.085            0  
          0          5.5            0       1.0584     0.044233     0.011056     0.033177            0     -0.15316            0     -0.15316  -3.1986e-18   2.0155e-19   6.8152e-20    1.334e-19       23.928       24.616      0.97202        890.4       37.212      -57.559            0       888.98            0            0            0            0            0            0       24.978       1.2014           25       2.3931  -1.4047e-14      -54.246   8.8512e-16      0.14236    1.956e-16            0       546.63       1414.2        930.3       0.8668      0.15068            0            0            0            0            0            0            0            0            0          120        0.085            0  
          0            6            0       1.0827     0.046718     0.011862     0.034856            0     -0.15013            0     -0.15013  -2.6586e-18   9.5564e-20   2.5963e-20   6.9601e-20       23.175       24.114      0.96106       910.84       39.303      -66.046            0       908.91            0            0            0            0            0            0       24.977       1.2264           25       2.4708  -1.1675e-14      -53.173   4.1967e-16      0.13946   1.5893e-16            0       559.67       1443.7       982.57      0.86336      0.15099            0            0            0            0            0            0            0            0            0          120        0.085            0  
          0          6.5            0       1.1096     0.049276     0.012623     0.036653            0     -0.14785            0     -0.14785  -4.6941e-18   3.2702e-20   6.7503e-20  -3.4801e-20       22.519       23.721      0.94931       933.52       41.455       -75.04            0       931.01            0            0            0            0            0            0       24.975       1.2467           25       2.5427  -2.0614e-14      -52.365   1.4361e-16      0.13681   2.7379e-16            0        573.4       1467.6       1036.4      0.86242      0.15181            0            0            0            0            0            0            0            0            0          120        0.085            0  
          0            7            0       1.1377     0.051904     0.013383      0.03852            0     -0.14594            0     -0.14594  -3.4063e-18    3.025e-19   3.5699e-20   2.6681e-19        21.92        23.38      0.93753       957.12       43.665      -84.479            0       953.94            0            0            0            0            0            0       24.974       1.2649           25       2.6121  -1.4959e-14      -51.688   1.3284e-15      0.13436   1.9378e-16            0       587.59         1489       1091.6      0.86264      0.15286            0            0            0            0            0            0            0            0            0          120        0.085            0  
          0          7.5            0       1.1652     0.054635     0.014212     0.040423            0     -0.14408            0     -0.14408  -3.4063e-18   1.0141e-19   3.1804e-20   6.9601e-20       21.328       23.023      0.92638       980.29       45.963      -94.238            0       976.35            0            0            0            0            0            0       24.973       1.2845           25       2.6844  -1.4959e-14      -51.029   4.4532e-16      0.13204    1.892e-16            0       601.77       1512.1       1149.1      0.86233      0.15386            0            0            0            0            0            0            0            0            0          120        0.085            0  
          0            8            0       1.1942     0.057467     0.015015     0.042453            0      -0.1427            0      -0.1427  -2.8663e-18   1.9008e-19   8.5677e-20    1.044e-19       20.781       22.709      0.91508       1004.7       48.346      -104.46            0       999.87            0            0            0            0            0            0       24.971       1.3022           25        2.755  -1.2587e-14       -50.54   8.3473e-16      0.12993   1.5534e-16            0       616.38         1533       1208.6      0.86244      0.15516            0            0            0            0            0            0            0            0            0          120        0.085            0  
          0          8.5            0       1.2245     0.060412      0.01579     0.044622            0     -0.14175            0     -0.14175  -3.2401e-18   1.3763e-19   5.0627e-20   8.7002e-20       20.269       22.429      0.90369       1030.1       50.823      -115.14            0       1024.4            0            0            0            0            0            0        24.97       1.3185           25       2.8245  -1.4229e-14      -50.205   6.0439e-16      0.12799   1.7126e-16            0       631.72       1552.1       1270.6      0.86265      0.15672            0            0            0            0            0            0            0            0            0          120        0.085            0  
          0            9            0        1.255     0.063454     0.016588     0.046866            0       -0.141            0       -0.141  -3.4894e-18  -1.4494e-21   6.8152e-20  -6.9601e-20       19.779       22.158      0.89263       1055.8       53.383      -126.23            0         1049            0            0            0            0            0            0       24.968       1.3347           25       2.8944  -1.5324e-14      -49.939  -6.3649e-18      0.12617   1.7995e-16            0       647.27       1571.2       1334.6       0.8628      0.15835            0            0            0            0            0            0            0            0            0          120        0.085            0  
          0          9.5            0       1.2851     0.066578     0.017455     0.049123            0     -0.14028            0     -0.14028  -5.3587e-18  -2.5816e-21    9.022e-20  -9.2802e-20       19.302       21.881      0.88213       1081.1       56.011      -137.68            0       1073.1            0            0            0            0            0            0       24.967       1.3515           25       2.9657  -2.3533e-14      -49.685  -1.1337e-17      0.12444   2.6989e-16            0       662.67         1591       1400.3      0.86307      0.15992            0            0            0            0            0            0            0            0            0          120        0.085            0  
          0           10            0       1.3146     0.069833     0.018398     0.051435            0     -0.13962            0     -0.13962  -3.3232e-18   1.7142e-19    9.022e-20   8.1202e-20       18.824       21.583      0.87219       1105.9       58.749      -149.42            0       1096.6            0            0            0            0            0            0       24.965       1.3702           25       3.0409  -1.4594e-14      -49.449   7.5279e-16       0.1228   1.6362e-16            0       678.05         1613       1468.7       0.8625      0.16142            0            0            0            0            0            0            0            0            0          120        0.085            0  
          0         10.5            0       1.3431     0.073217     0.019432     0.053785            0     -0.13893            0     -0.13893  -2.9078e-19   5.0876e-20   8.5677e-20  -3.4801e-20       18.344       21.259      0.86287       1129.9       61.596      -161.42            0       1119.2            0            0            0            0            0            0       24.963       1.3911           25       3.1203   -1.277e-15      -49.204   2.2342e-16      0.12123   1.4013e-17            0       693.21       1637.6       1539.9      0.86103      0.16282            0            0            0            0            0            0            0            0            0          120        0.085            0  
          0           11            0         1.37     0.076682     0.020606     0.056076            0     -0.13803            0     -0.13803   -5.691e-18   3.1825e-19   7.4643e-20   2.4361e-19       17.866       20.911      0.85436       1152.5       64.511       -173.6            0       1140.4            0            0            0            0            0            0       24.961       1.4142           25       3.2037  -2.4992e-14      -48.889   1.3976e-15      0.11969   2.6887e-16            0       707.72       1664.8       1612.8      0.85924      0.16397            0            0            0            0            0            0            0            0            0          120        0.085            0  
          0         11.5            0       1.3958      0.08019     0.021875     0.058315            0     -0.13704            0     -0.13704  -2.9078e-18   3.1475e-19   3.6348e-20   2.7841e-19       17.407       20.565      0.84641       1174.3       67.462      -186.04            0       1160.5            0            0            0            0            0            0       24.959        1.438           25        3.288   -1.277e-14      -48.538   1.3822e-15      0.11818   1.3483e-16            0       721.51       1692.8       1686.5      0.85773      0.16497            0            0            0            0            0            0            0            0            0          120        0.085            0  
          0           12            0       1.4228     0.083704     0.023098     0.060606            0     -0.13633            0     -0.13633  -1.8693e-18   3.4989e-19   8.3081e-20   2.6681e-19       16.998       20.275      0.83836       1196.9       70.419      -198.99            0       1181.4            0            0            0            0            0            0       24.957       1.4586           25       3.3669   -8.209e-15      -48.286   1.5365e-15      0.11677   8.5037e-17            0        735.4       1717.1       1760.5      0.85746      0.16613            0            0            0            0            0            0            0            0            0          120        0.085            0  
          0         12.5            0       1.4508     0.087275     0.024273     0.063002            0     -0.13596            0     -0.13596  -2.4093e-18   1.0758e-19   8.4379e-20     2.32e-20       16.623       20.023      0.83022       1220.5       73.422      -212.43            0       1203.1            0            0            0            0            0            0       24.955        1.477           25       3.4425  -1.0581e-14      -48.152   4.7243e-16      0.11544   1.0748e-16            0       749.64       1738.7       1835.6      0.85768      0.16749            0            0            0            0            0            0            0            0            0          120        0.085            0  
          0           13            0       1.4792     0.090919      0.02544      0.06548            0     -0.13576            0     -0.13576  -5.9818e-18   4.5429e-19   8.3081e-20   3.7121e-19        16.27       19.788      0.82221       1244.5       76.488      -226.27            0       1224.9            0            0            0            0            0            0       24.953       1.4945           25       3.5172  -2.6269e-14      -48.084    1.995e-15      0.11419   2.6173e-16            0       764.24       1759.3       1912.2      0.85789      0.16891            0            0            0            0            0            0            0            0            0          120        0.085            0  
          0         13.5            0       1.5062     0.094667     0.026736     0.067931            0     -0.13547            0     -0.13547  -4.0294e-18   4.2823e-19  -4.7382e-20   4.7561e-19       15.911       19.527      0.81481       1267.1       79.641      -240.24            0       1245.5            0            0            0            0            0            0       24.951       1.5145           25       3.5964  -1.7695e-14       -47.98   1.8805e-15      0.11296   1.7315e-16            0       778.42       1782.8         1991      0.85737      0.17014            0            0            0            0            0            0            0            0            0          120        0.085            0  
          0           14            0       1.5305     0.098543     0.028283      0.07026            0     -0.13492            0     -0.13492  -4.5279e-18   2.7313e-19  -1.6876e-20   2.9001e-19       15.532       19.215      0.80831       1287.6       82.902      -254.15            0       1263.7            0            0            0            0            0            0       24.948       1.5391           25       3.6839  -1.9884e-14      -47.786   1.1994e-15      0.11175   1.9147e-16            0        791.7       1811.8       2072.5      0.85594      0.17103            0            0            0            0            0            0            0            0            0          120        0.085            0  
          0         14.5            0       1.5524      0.10257     0.030085     0.072489            0     -0.13418            0     -0.13418  -2.4924e-19    9.776e-20    6.296e-20   3.4801e-20       15.134       18.856      0.80261         1306       86.294      -267.95            0       1279.6            0            0            0            0            0            0       24.946       1.5683           25       3.7804  -1.0945e-15      -47.525   4.2931e-16      0.11055   1.0392e-17            0       804.02       1846.3       2157.3      0.85345      0.17162            0            0            0            0            0            0            0            0            0          120        0.085            0  
          0           15            0       1.5765      0.10661     0.031741     0.074864            0     -0.13393            0     -0.13393    2.077e-19   1.7151e-19    1.019e-19   6.9601e-20       14.788       18.568      0.79643       1326.3       89.685      -282.44            0       1297.4            0            0            0            0            0            0       24.943       1.5926           25       3.8685   9.1211e-16      -47.435   7.5316e-16      0.10945   -8.527e-18            0       816.65       1874.9       2242.1      0.85231      0.17255            0            0            0            0            0            0            0            0            0          120        0.085            0  
          0         15.5            0       1.6008      0.11073      0.03343     0.077297            0     -0.13385            0     -0.13385  -4.8187e-18   3.4732e-20   8.1133e-20  -4.6401e-20       14.457       18.292      0.79037       1346.7       93.152      -297.23            0       1315.1            0            0            0            0            0            0        24.94       1.6167           25       3.9568  -2.1161e-14      -47.407   1.5253e-16       0.1084   1.9483e-16            0       829.59       1903.2       2328.8       0.8511      0.17352            0            0            0            0            0            0            0            0            0          120        0.085            0  
          0           16            0       1.6189      0.11514     0.035731     0.079413            0     -0.13321            0     -0.13321  -3.7386e-18   2.0055e-19   1.0775e-19   9.2802e-20        14.06       17.889      0.78595       1361.9       96.868      -311.18            0       1327.6            0            0            0            0            0            0       24.937       1.6532           25       4.0684  -1.6418e-14      -47.181    8.807e-16      0.10734   1.4947e-16            0       840.61       1946.1       2421.7      0.84722      0.17377            0            0            0            0            0            0            0            0            0          120        0.085            0  
          0         16.5            0       1.6313      0.11987     0.038667     0.081205            0     -0.13218            0     -0.13218  -5.5664e-18   1.4393e-19   1.2073e-19     2.32e-20       13.609       17.382      0.78294       1372.4       100.85      -324.28            0       1335.3            0            0            0            0            0            0       24.933       1.7014           25       4.2026  -2.4445e-14      -46.816   6.3205e-16      0.10629   2.2085e-16            0       849.73       2002.9       2521.1      0.84131       0.1734            0            0            0            0            0            0            0            0            0          120        0.085            0  
          0           17            0        1.638      0.12496     0.042309     0.082646            0     -0.13084            0     -0.13084  -4.9848e-18  -7.3315e-20   1.1229e-19   -1.856e-19       13.109       16.777      0.78134         1378       105.12       -336.4            0       1338.1            0            0            0            0            0            0       24.928       1.7627           25       4.3623  -2.1891e-14      -46.342  -3.2196e-16      0.10529   1.9697e-16            0       856.35         2075         2628      0.83343      0.17246            0            0            0            0            0            0            0            0            0          120        0.085            0  
          0         17.5            0       1.6414      0.13027      0.04645     0.083822            0     -0.12952            0     -0.12952  -4.9018e-18  -6.9557e-20   2.7845e-19  -3.4801e-19         12.6       16.143      0.78053       1380.9        109.6      -347.99            0       1338.2            0            0            0            0            0            0       24.922        1.832           25       4.5378  -2.1526e-14      -45.875  -3.0546e-16      0.10434   1.9328e-16            0       861.03       2156.6       2739.9      0.82518      0.17127            0            0            0            0            0            0            0            0            0          120        0.085            0  
          0           18            0       1.6425      0.13592     0.051028     0.084889            0     -0.12843            0     -0.12843  -2.9909e-18   4.5546e-19   3.3946e-19     1.16e-19       12.085       15.488      0.78027       1381.8       114.34      -359.09            0       1336.3            0            0            0            0            0            0       24.915       1.9094           25       4.7304  -1.3134e-14      -45.486   2.0002e-15       0.1035   1.1786e-16            0       864.67       2247.8       2858.6      0.81589         0.17            0            0            0            0            0            0            0            0            0          120        0.085            0  
          0         18.5            0       1.6411      0.14188      0.05611     0.085771            0     -0.12758            0     -0.12758  -1.9939e-18  -1.6902e-19   2.4859e-19  -4.1761e-19       11.567       14.818       0.7806       1380.6       119.36      -369.65            0       1332.2            0            0            0            0            0            0       24.907       1.9958           25       4.9412  -8.7563e-15      -45.184  -7.4223e-16      0.10276   7.8638e-17            0       866.99       2349.4         2984      0.80612      0.16864            0            0            0            0            0            0            0            0            0          120        0.085            0  
          0           19            0       1.6338       0.1485     0.062187     0.086318            0     -0.12691            0     -0.12691  -4.8187e-18   3.6045e-20   1.7525e-19   -1.392e-19       11.002       14.063      0.78235       1374.5       124.93      -378.83            0       1323.2            0            0            0            0            0            0       24.897        2.103           25       5.1936  -2.1161e-14      -44.947   1.5829e-16      0.10217   1.9089e-16            0       867.31       2475.6       3123.3       0.7939      0.16693            0            0            0            0            0            0            0            0            0          120        0.085            0  
