A320-200: HTP_vble_case2
T1-99.8 m/s-VLM2-x2.06m-case2
Freestream speed = 99.759 m/s


 Ctrl        Alpha        Beta         CL           CD           CD_viscous   CD_induced   CY           Cm           Cm_viscous   Cm_pressure  Cl           Cn           Cn_viscous   Cn_pressure  CL/CD        CL^(3/2)/CD  1/sqrt(CL)   Lift_(N)     Drag_(N)     Fx_FF_(N)    Fy_FF_(N)    Fz_FF_(N)    Fx_sum_(N)   Fy_sum_(N)   Fz_sum_(N)   Extra_drag_(N)  Fuse_drag_(N)  Cf_Fuse      Vx_(m/s)     Vz_(m/s)     V_(m/s)      Gamma        L_(N.m)      M_(N.m)      N_(N.m)      CPx_(m)      CPy_(m)      CPz_(m)      BM_(N.m)     m.g.Vz_(W)   Drag_x_V_(W)  Efficiency   XCp.Cl       XNP_(m)      Phugoid_Freq._(Hz)  Phugoid_Damping  Short_Period_Freq._(Hz)  Short_Period_Damping_Ratio  Dutch_Roll_Freq._(Hz)  Dutch_Roll_Damping  Roll_Damping  Spiral_Damping  Mass_(kg)    CoG_x_(m)    CoG_z_(m)    
          0          -20            0      -1.1951      0.12257    0.0085895      0.11398  -7.1737e-18     0.056997   0.00094644      0.05605   5.9365e-17   1.9358e-17   1.8222e-20    1.934e-17      -9.7499      -10.658            0  -1.8552e+05        19028       -46825  -1.1137e-12  -1.8039e+05       -65611   1.9982e-11  -1.8027e+05            0            0            0       99.238            0       99.759      -5.8561   1.0261e-10        27065   3.3462e-11       2.3767   1.3659e-15      0.25807  -2.0479e+05            0   1.8982e+06      0.99708      -2.8403            0            0            0            0            0            0            0            0            0            0         2.06            0  
          0        -19.5            0      -1.1683      0.11731    0.0084016      0.10891   1.2349e-17     0.056706    0.0009163      0.05579   2.2388e-16  -5.4479e-17    3.792e-19  -5.4858e-17      -9.9589      -10.764            0  -1.8136e+05        18211       -44603   1.9171e-12   -1.766e+05       -62498   1.0547e-11  -1.7649e+05            0            0            0        99.26            0       99.759       -5.734   3.8699e-10        26927   -9.417e-11       2.3728  -1.1728e-16      0.25765   -2.005e+05            0   1.8167e+06      0.99727       -2.772            0            0            0            0            0            0            0            0            0            0         2.06            0  
          0          -19            0      -1.1412      0.11213    0.0082243      0.10391    1.225e-17     0.056356    0.0008882     0.055468   1.1576e-16    3.983e-17   3.3867e-19   3.9492e-17      -10.178      -10.873            0  -1.7717e+05        17408       -42429   1.9018e-12  -1.7277e+05       -59451   4.9689e-12  -1.7266e+05            0            0            0       99.281            0       99.759      -5.6115   2.0009e-10        26760   6.8849e-11        2.369   8.8311e-16      0.25724  -1.9614e+05            0   1.7366e+06      0.99747      -2.7036            0            0            0            0            0            0            0            0            0            0         2.06            0  
          0        -18.5            0       -1.114      0.10704    0.0080529     0.098986   1.4486e-17     0.055945   0.00086123     0.055083  -1.2659e-16  -7.6128e-17  -3.6757e-20  -7.6091e-17      -10.407      -10.985            0  -1.7294e+05        16617       -40302   2.2488e-12  -1.6888e+05       -56471  -1.5488e-12  -1.6877e+05            0            0            0       99.301            0       99.759      -5.4884  -2.1881e-10        26565  -1.3159e-10       2.3654  -1.0973e-15      0.25684  -1.9173e+05            0   1.6577e+06      0.99768       -2.635            0            0            0            0            0            0            0            0            0            0         2.06            0  
          0          -18            0      -1.0865      0.10204    0.0078882     0.094147   1.2739e-17     0.055473   0.00083544     0.054638   1.0008e-17  -2.0763e-17    4.524e-20  -2.0808e-17      -10.649        -11.1            0  -1.6868e+05        15840       -38224   1.9776e-12  -1.6494e+05       -53560   3.4218e-12  -1.6484e+05            0            0            0       99.322            0       99.759      -5.3648   1.7299e-11        26341  -3.5889e-11       2.3618   3.3966e-16      0.25645  -1.8726e+05            0   1.5802e+06      0.99789      -2.5662            0            0            0            0            0            0            0            0            0            0         2.06            0  
          0        -17.5            0      -1.0589     0.097123    0.0077285     0.089395   1.8814e-17     0.054941   0.00081046      0.05413  -6.8121e-17   1.8858e-17   5.3408e-21   1.8852e-17      -10.903      -11.219            0  -1.6438e+05        15078       -36196   2.9207e-12  -1.6095e+05       -50717  -4.8494e-12  -1.6086e+05            0            0            0       99.342            0       99.759      -5.2406  -1.1775e-10        26088   3.2597e-11       2.3583  -4.3871e-18      0.25608  -1.8273e+05            0   1.5041e+06      0.99811      -2.4972            0            0            0            0            0            0            0            0            0            0         2.06            0  
          0          -17            0       -1.031     0.092305    0.0075731     0.084732   2.7204e-17     0.054348   0.00078645     0.053561   9.8185e-17   2.8587e-17  -6.9116e-21   2.8594e-17       -11.17      -11.342            0  -1.6006e+05        14330       -34217   4.2232e-12  -1.5691e+05       -47945  -7.5299e-12  -1.5682e+05            0            0            0       99.361            0       99.759      -5.1159   1.6972e-10        25807   4.9414e-11       2.3549   -1.086e-15      0.25571  -1.7815e+05            0   1.4295e+06      0.99834       -2.428            0            0            0            0            0            0            0            0            0            0         2.06            0  
          0        -16.5            0       -1.003     0.087584    0.0074206     0.080163    7.663e-18     0.053695   0.00076331     0.052932   8.1964e-17  -4.2618e-17   5.3408e-20  -4.2671e-17      -11.451      -11.468            0   -1.557e+05        13597       -32289   1.1896e-12  -1.5282e+05       -45244   4.5904e-12  -1.5274e+05            0            0            0       99.381            0       99.759      -4.9907   1.4168e-10        25497  -7.3667e-11       2.3516   1.8307e-15      0.25535  -1.7351e+05            0   1.3564e+06      0.99857      -2.3586            0            0            0            0            0            0            0            0            0            0         2.06            0  
          0          -16            0     -0.97469     0.082961    0.0072701     0.075691   2.5199e-18     0.052981   0.00074086     0.052241   1.1717e-16  -5.5407e-17   3.2296e-19   -5.573e-17      -11.749      -11.599            0  -1.5131e+05        12879       -30412    3.912e-13  -1.4869e+05       -42614   4.8378e-11  -1.4861e+05            0            0            0       99.399            0       99.759       -4.865   2.0253e-10        25158  -9.5774e-11       2.3484   2.2133e-15        0.255  -1.6882e+05            0   1.2848e+06       0.9988       -2.289            0            0            0            0            0            0            0            0            0            0         2.06            0  
          0        -15.5            0     -0.94624     0.078445    0.0071252      0.07132   4.1793e-18     0.052208   0.00071944     0.051489  -3.1733e-17   1.0876e-17   1.5897e-19   1.0717e-17      -12.062      -11.734            0   -1.469e+05        12178       -28587   6.4881e-13  -1.4451e+05       -40056  -2.3787e-11  -1.4444e+05            0            0            0       99.418            0       99.759      -4.7391  -5.4852e-11        24791   1.8799e-11       2.3453   2.5836e-16      0.25467  -1.6408e+05            0   1.2149e+06      0.99904      -2.2192            0            0            0            0            0            0            0            0            0            0         2.06            0  
          0          -15            0      -0.9176     0.074037    0.0069853     0.067052     4.76e-18     0.051375   0.00069862     0.050676   4.7607e-17    2.585e-17   3.9836e-19   2.5451e-17      -12.394      -11.872            0  -1.4245e+05        11494       -26814   7.3895e-13  -1.4029e+05       -37572   1.6175e-11  -1.4022e+05            0            0            0       99.436            0       99.759       -4.613   8.2292e-11        24395   4.4682e-11       2.3423   2.9619e-16      0.25434  -1.5929e+05            0   1.1466e+06      0.99928      -2.1493            0            0            0            0            0            0            0            0            0            0         2.06            0  
          0        -14.5            0     -0.88878     0.069742    0.0068509     0.062891   6.8379e-18     0.050482   0.00067844     0.049804   1.0994e-16   1.5344e-17   1.7122e-19   1.5173e-17      -12.744      -12.014            0  -1.3798e+05        10827       -25094   1.0615e-12  -1.3603e+05       -35162   4.3553e-13  -1.3596e+05            0            0            0       99.453            0       99.759      -4.4868   1.9004e-10        23971   2.6523e-11       2.3394   3.1761e-15      0.25403  -1.5445e+05            0   1.0801e+06      0.99952      -2.0792            0            0            0            0            0            0            0            0            0            0         2.06            0  
          0          -14            0     -0.85979      0.06556    0.0067193     0.058841   1.4377e-17     0.049529   0.00065828     0.048871  -5.7992e-17   7.3933e-18   2.4411e-19   7.1491e-18      -13.115       -12.16            0  -1.3348e+05        10178       -23427   2.2319e-12  -1.3172e+05       -32826   2.0061e-11  -1.3166e+05            0            0            0        99.47            0       99.759      -4.3604  -1.0024e-10        23519    1.278e-11       2.3366   6.1523e-16      0.25372  -1.4957e+05            0   1.0153e+06      0.99976       -2.009            0            0            0            0            0            0            0            0            0            0         2.06            0  
          0        -13.5            0     -0.83062     0.061494     0.006591     0.054903   1.4741e-17     0.048517   0.00063832     0.047878  -6.4291e-18  -8.0125e-18    6.032e-20  -8.0728e-18      -13.507       -12.31            0  -1.2895e+05       9546.5       -21815   2.2884e-12  -1.2738e+05       -30566   2.3134e-12  -1.2732e+05            0            0            0       99.487            0       99.759      -4.2341  -1.1113e-11        23038   -1.385e-11       2.3339  -2.0079e-15      0.25343  -1.4463e+05            0   9.5235e+05            1      -1.9386            0            0            0            0            0            0            0            0            0            0         2.06            0  
          0          -13            0     -0.80129     0.057545    0.0064629     0.051082   7.7432e-18     0.047444   0.00061826     0.046826  -7.8843e-17   1.0171e-17   2.3877e-20   1.0148e-17      -13.925      -12.465            0   -1.244e+05       8933.5       -20256   1.2021e-12  -1.2299e+05       -28382   6.7631e-12  -1.2294e+05            0            0            0       99.503            0       99.759      -4.1077  -1.3628e-10        22529   1.7582e-11       2.3313   4.4542e-16      0.25315  -1.3966e+05            0   8.9119e+05       1.0002      -1.8681            0            0            0            0            0            0            0            0            0            0         2.06            0  
          0        -12.5            0     -0.77181     0.053721      0.00634     0.047381   3.0945e-18     0.046314   0.00059906     0.045715   3.3025e-17     8.32e-18   2.0578e-19   8.1143e-18      -14.367      -12.622            0  -1.1982e+05       8339.7       -18752    4.804e-13  -1.1857e+05       -26275    2.428e-12  -1.1852e+05            0            0            0       99.518            0       99.759      -3.9816   5.7085e-11        21992   1.4382e-11       2.3288   1.5925e-15      0.25287  -1.3464e+05            0   8.3196e+05       1.0005      -1.7974            0            0            0            0            0            0            0            0            0            0         2.06            0  
          0          -12            0     -0.74216     0.050032    0.0062316     0.043801   7.2275e-18     0.045127   0.00058258     0.044545    -6.88e-17   1.0367e-20   2.5447e-20   -1.508e-20      -14.834      -12.779            0  -1.1522e+05       7767.2       -17303    1.122e-12  -1.1411e+05       -24246  -2.0614e-12  -1.1407e+05            0            0            0       99.533            0       99.759      -3.8567  -1.1892e-10        21429   1.7921e-14       2.3264  -8.7608e-16      0.25261  -1.2958e+05            0   7.7484e+05       1.0007      -1.7266            0            0            0            0            0            0            0            0            0            0         2.06            0  
          0        -11.5            0     -0.71237     0.046481     0.006135     0.040346   8.4439e-18     0.043884   0.00056803     0.043316   2.1494e-17   1.0572e-17   1.9604e-19   1.0376e-17      -15.326      -12.936            0  -1.1059e+05       7215.8       -15911   1.3109e-12  -1.0962e+05       -22294  -1.7101e-11  -1.0958e+05            0            0            0       99.547            0       99.759      -3.7331   3.7153e-11        20838   1.8275e-11       2.3241   1.4034e-15      0.25236  -1.2448e+05            0   7.1984e+05       1.0009      -1.6556            0            0            0            0            0            0            0            0            0            0         2.06            0  
          0          -11            0     -0.68244     0.043065    0.0060472     0.037018   9.8528e-18     0.042585   0.00055487      0.04203   3.7348e-18  -1.0308e-18    1.442e-19   -1.175e-18      -15.847      -13.091            0  -1.0594e+05       6685.6       -14574   1.5296e-12  -1.0509e+05       -20421   2.0573e-12  -1.0506e+05            0            0            0       99.561            0       99.759      -3.6109   6.4558e-12        20221  -1.7817e-12       2.3219  -1.3335e-15      0.25212  -1.1934e+05            0   6.6694e+05       1.0012      -1.5845            0            0            0            0            0            0            0            0            0            0         2.06            0  
          0        -10.5            0     -0.65237     0.039783     0.005963      0.03382   2.1405e-17     0.041227   0.00054212     0.040685  -5.4997e-17  -3.1405e-17   6.2833e-20  -3.1468e-17      -16.398      -13.245            0  -1.0128e+05         6176       -13294    3.323e-12  -1.0054e+05       -18627   5.1435e-12   -1.005e+05            0            0            0       99.574            0       99.759      -3.4897  -9.5064e-11        19577  -5.4285e-11       2.3198   1.0574e-15      0.25189  -1.1417e+05            0   6.1611e+05       1.0014      -1.5133            0            0            0            0            0            0            0            0            0            0         2.06            0  
          0          -10            0     -0.62217     0.036632    0.0058775     0.030755   1.4684e-17     0.039813   0.00052951     0.039284    4.476e-17   1.5235e-17   5.0895e-20   1.5184e-17      -16.984      -13.397            0       -96587       5686.9       -12070   2.2796e-12       -95948       -16913   5.4416e-12       -95917            0            0            0       99.586            0       99.759      -3.3696   7.7369e-11        18905   2.6335e-11       2.3178  -7.4827e-16      0.25168  -1.0896e+05            0   5.6731e+05       1.0016       -1.442            0            0            0            0            0            0            0            0            0            0         2.06            0  
          0         -9.5            0     -0.59184     0.033618     0.005794     0.027824   5.2629e-18     0.038343   0.00051729     0.037825   2.1852e-16   2.0289e-17  -9.3935e-20   2.0383e-17      -17.605      -13.544            0       -91879       5218.9       -10904   8.1702e-13       -91332       -15279   6.1215e-12       -91303            0            0            0       99.598            0       99.759       -3.251   3.7772e-10        18207   3.5071e-11       2.3158  -2.2531e-16      0.25147  -1.0372e+05            0   5.2063e+05       1.0018      -1.3706            0            0            0            0            0            0            0            0            0            0         2.06            0  
          0           -9            0     -0.56139     0.030754    0.0057245     0.025029   6.9981e-18     0.036818   0.00050729      0.03631   -5.333e-17   -1.105e-17   5.6864e-20  -1.1107e-17      -18.254      -13.677            0       -87152       4774.3      -9795.8   1.0864e-12       -86687       -13726   6.0067e-12       -86662            0            0            0       99.609            0       99.759      -3.1356  -9.2184e-11        17483  -1.9101e-11        2.314  -4.7785e-16      0.25127       -98446            0   4.7628e+05        1.002      -1.2991            0            0            0            0            0            0            0            0            0            0         2.06            0  
          0         -8.5            0     -0.53083     0.028034    0.0056594     0.022374   1.7163e-17     0.035237   0.00049796     0.034739   5.8769e-17  -4.0562e-18   3.2359e-20  -4.0885e-18      -18.936      -13.796            0       -82408         4352      -8745.4   2.6645e-12       -82016       -12254   9.0836e-12       -81994            0            0            0        99.62            0       99.759       -3.023   1.0159e-10        16732  -7.0113e-12       2.3123  -1.6691e-16      0.25108       -93143            0   4.3415e+05       1.0022      -1.2275            0            0            0            0            0            0            0            0            0            0         2.06            0  
          0           -8            0     -0.50017     0.025454    0.0055937      0.01986  -3.4176e-18     0.033601   0.00048824     0.033113  -5.5645e-18   4.1762e-18  -2.4191e-20   4.2004e-18       -19.65      -13.897            0       -77647       3951.5      -7753.3  -5.3056e-13       -77321       -10864   9.2389e-12       -77300            0            0            0        99.63            0       99.759      -2.9133  -9.6185e-12        15956   7.2188e-12       2.3107    2.406e-15      0.25091       -87812            0    3.942e+05       1.0024      -1.1557            0            0            0            0            0            0            0            0            0            0         2.06            0  
          0         -7.5            0      -0.4694     0.023024    0.0055358     0.017489  -9.7607e-19     0.031911   0.00047935     0.031432  -8.2259e-17   1.1077e-18   5.3408e-20   1.0543e-18      -20.387      -13.968            0       -72871       3574.4      -6819.8  -1.5153e-13       -72602      -9555.9    1.752e-12       -72584            0            0            0       99.639            0       99.759      -2.8082  -1.4219e-10        15153   1.9148e-12       2.3092  -1.3032e-16      0.25075       -82454            0   3.5657e+05       1.0026      -1.0839            0            0            0            0            0            0            0            0            0            0         2.06            0  
          0           -7            0     -0.43854     0.020742    0.0054797     0.015262  -2.0621e-18     0.030167   0.00047091     0.029696   8.2671e-17  -2.0504e-17  -3.1417e-20  -2.0472e-17      -21.143      -14.001            0       -68079         3220      -5945.2  -3.2013e-13       -67861      -8330.3   4.1387e-12       -67845            0            0            0       99.647            0       99.759      -2.7079    1.429e-10        14325  -3.5442e-11       2.3078  -1.2061e-16      0.25059       -77070            0   3.2122e+05       1.0028       -1.012            0            0            0            0            0            0            0            0            0            0         2.06            0  
          0         -6.5            0     -0.40758     0.018601    0.0054199     0.013181   6.0165e-18     0.028369   0.00046246     0.027906  -4.4232e-17   2.4386e-18   6.8174e-20   2.3704e-18      -21.912      -13.989            0       -63274       2887.7      -5129.7   9.3401e-13       -63099      -7187.7   3.3408e-12       -63086            0            0            0       99.655            0       99.759       -2.613  -7.6457e-11        13471   4.2152e-12       2.3065  -8.4266e-16      0.25045       -71664            0   2.8807e+05       1.0029     -0.94008            0            0            0            0            0            0            0            0            0            0         2.06            0  
          0           -6            0     -0.37655     0.016609    0.0053605     0.011249  -3.2588e-18     0.026518   0.00045451     0.026063   9.4752e-18  -1.1712e-18  -1.5708e-20  -1.1555e-18      -22.671      -13.912            0       -58456       2578.4      -4373.7   -5.059e-13       -58319      -6128.3   5.8243e-12       -58307            0            0            0       99.662            0       99.759      -2.5256   1.6378e-11        12592  -2.0245e-12       2.3053  -9.5499e-17      0.25032       -66235            0   2.5722e+05       1.0031     -0.86804            0            0            0            0            0            0            0            0            0            0         2.06            0  
          0         -5.5            0     -0.34544     0.014769    0.0053038    0.0094653   7.3806e-18     0.024614   0.00044689     0.024167   1.3351e-17  -2.8746e-19   6.3461e-20  -3.5092e-19      -23.389      -13.747            0       -53627       2292.8      -3677.2   1.1458e-12       -53521      -5152.5   2.8684e-12       -53511            0            0            0       99.668            0       99.759      -2.4482   2.3077e-11        11688  -4.9689e-13       2.3041  -1.0264e-16       0.2502       -60787            0   2.2873e+05       1.0032     -0.79594            0            0            0            0            0            0            0            0            0            0         2.06            0  
          0           -5            0     -0.31426      0.01308    0.0052472    0.0078326   1.0327e-17     0.022658   0.00043882     0.022219   5.8209e-18  -9.8654e-18   3.1417e-21  -9.8686e-18      -24.026      -13.469            0       -48786       2030.5      -3040.7   1.6032e-12       -48706      -4260.6    8.348e-12       -48698            0            0            0       99.673            0       99.759      -2.3834   1.0062e-11        10759  -1.7053e-11       2.3031  -6.8787e-16      0.25009       -55320            0   2.0256e+05       1.0034     -0.72377            0            0            0            0            0            0            0            0            0            0         2.06            0  
          0         -4.5            0     -0.28301     0.011545    0.0051936    0.0063517   4.4202e-18      0.02065   0.00043088     0.020219    1.902e-17   5.4454e-18   1.3195e-20   5.4322e-18      -24.513      -13.041            0       -43935       1792.3      -2464.1   6.8621e-13       -43877      -3452.7   1.6192e-12       -43871            0            0            0       99.676            0       99.759      -2.3361   3.2876e-11       9805.5   9.4127e-12       2.3022   8.7743e-16      0.24999       -49836            0    1.788e+05       1.0035     -0.65155            0            0            0            0            0            0            0            0            0            0         2.06            0  
          0           -4            0     -0.25171     0.010167    0.0051432    0.0050238   5.8255e-18     0.018591   0.00042327     0.018168  -2.6549e-17  -2.6652e-18   6.2205e-20  -2.7274e-18      -24.758      -12.421            0       -39076       1578.3      -1947.8   9.0436e-13       -39035      -2729.2   6.1297e-13       -39030            0            0            0       99.678            0       99.759       -2.313  -4.5892e-11         8828   -4.607e-12       2.3014   1.3974e-15       0.2499       -44337            0   1.5745e+05       1.0036     -0.57928            0            0            0            0            0            0            0            0            0            0         2.06            0  
          0         -3.5            0     -0.22036    0.0089469    0.0050972    0.0038498   6.5111e-19     0.016483   0.00041654     0.016066  -7.9597e-18  -2.7749e-18  -8.7652e-20  -2.6872e-18      -24.629      -11.561            0       -34209       1388.9      -1491.9   1.0108e-13       -34181      -2090.4   1.7596e-12       -34177            0            0            0       99.677            0       99.759      -2.3251  -1.3759e-11       7826.9  -4.7965e-12       2.3007   -2.827e-16      0.24982       -38824            0   1.3856e+05       1.0037     -0.50697            0            0            0            0            0            0            0            0            0            0         2.06            0  
          0           -3            0     -0.18896    0.0078808    0.0050502    0.0028306   4.2029e-18     0.014325   0.00040984     0.013915     2.07e-17  -5.9919e-19   -5.655e-21  -5.9354e-19      -23.977      -10.423            0       -29334       1223.4      -1096.4   6.5248e-13       -29317      -1536.3  -1.0185e-12       -29314            0            0            0       99.672            0       99.759      -2.3882    3.578e-11       6802.2  -1.0357e-12       2.3001   9.4984e-16      0.24975       -33300            0   1.2205e+05       1.0038     -0.43462            0            0            0            0            0            0            0            0            0            0         2.06            0  
          0         -2.5            0     -0.15752    0.0069735    0.0050065    0.0019669   2.9163e-18     0.012118   0.00040302     0.011715  -4.0615e-18   5.8403e-19   -1.885e-20   6.0288e-19      -22.589      -8.9653            0       -24454       1082.6      -761.61   4.5274e-13       -24444      -1067.2   1.5582e-13       -24442            0            0            0       99.661            0       99.759      -2.5348  -7.0205e-12       5754.2   1.0095e-12       2.2996  -1.2103e-15       0.2497       -27765            0     1.08e+05       1.0039     -0.36223            0            0            0            0            0            0            0            0            0            0         2.06            0  
          0           -2            0     -0.12605    0.0062303    0.0049708    0.0012595  -3.2193e-19    0.0098631   0.00039708    0.0094661   6.1256e-18   1.1153e-19            0   1.1153e-19      -20.233      -7.1834            0       -19569        967.2      -487.54  -4.9976e-14       -19564      -683.14   4.8864e-13       -19563            0            0            0       99.637            0       99.759      -2.8295   1.0588e-11       4683.5   1.9278e-13       2.2991  -1.0556e-16      0.24965       -22222            0        96487        1.004     -0.28982            0            0            0            0            0            0            0            0            0            0         2.06            0  
          0         -1.5            0    -0.094562    0.0056474    0.0049386   0.00070874   1.2192e-18    0.0075611   0.00039164    0.0071695   1.1019e-17  -2.0366e-19   3.3616e-20  -2.3727e-19      -16.744      -5.1491            0       -14680       876.71      -274.29   1.8927e-13       -14678      -384.34   4.8247e-13       -14677            0            0            0       99.581            0       99.759      -3.4177   1.9047e-11       3590.4  -3.5203e-13       2.2988  -1.2291e-15      0.24962       -16673            0        87460        1.004     -0.21738            0            0            0            0            0            0            0            0            0            0         2.06            0  
          0           -1            0    -0.063051    0.0052287    0.0049137   0.00031508   3.6692e-20    0.0052129   0.00038711    0.0048258   5.3722e-20   5.7172e-19  -8.1997e-20   6.5372e-19      -12.059      -3.0279            0      -9788.3       811.72      -121.92   5.6962e-15      -9787.6      -170.84   4.3794e-13      -9787.3            0            0            0       99.418            0       99.759      -4.7406   9.2862e-14       2475.3   9.8825e-13       2.2986  -2.9654e-16       0.2496       -11118            0        80977       1.0041     -0.14493            0            0            0            0            0            0            0            0            0            0         2.06            0  
          0         -0.5            0    -0.031528    0.0049818     0.004903   7.8779e-05   6.7569e-19    0.0028192   0.00038355    0.0024357   7.1048e-19  -1.1896e-19   -5.278e-20  -6.6181e-20      -6.3288      -1.1237            0      -4894.6       773.38      -30.483    1.049e-13      -4894.5      -42.713    -1.42e-13      -4894.4            0            0            0       98.536            0       99.759       -8.979   1.2281e-12       1338.7  -2.0563e-13       2.2985   4.0075e-16      0.24958      -5559.8            0        77152       1.0041    -0.072468            0            0            0            0            0            0            0            0            0            0         2.06            0  
          0            0            0   5.3284e-18    0.0048967    0.0048967   3.3654e-36  -1.7349e-20   0.00038047   0.00038047   2.7528e-19   5.2648e-20  -1.1456e-20  -1.1624e-20   1.6834e-22   1.0882e-15   2.5119e-24            0    8.272e-13       760.18   5.2245e-31  -2.6933e-15    8.272e-13            0  -2.6933e-15    8.272e-13            0            0            0   1.1686e-13            0       99.759            0   9.1004e-14       180.67  -1.9802e-14        1.902      0.10881      0.30702   1.2089e-12            0        75834            0   1.0135e-17            0            0            0            0            0            0            0            0            0            0         2.06            0  
          0          0.5            0     0.031527    0.0049818     0.004903   7.8771e-05  -6.0772e-19   -0.0021018   0.00037878   -0.0024806   1.6401e-18  -6.0784e-20  -1.0367e-20  -5.0416e-20       6.3286       1.1237       5.6319       4894.4       773.38      -30.483  -9.4345e-14       4894.3      -42.713  -4.5748e-14       4894.4            0            0            0       98.536            0       99.759       8.9793    2.835e-12      -998.05  -1.0507e-13       2.2986   3.8423e-16      0.24959       5559.8            0        77152       1.0042     0.072468            0            0            0            0            0            0            0            0            0            0         2.06            0  
          0            1            0     0.063047    0.0052287    0.0049136     0.000315  -4.9966e-19   -0.0046279   0.00037749   -0.0050053   9.3056e-19   6.1996e-20   -1.131e-20   7.3306e-20       12.058       3.0277       3.9826       9787.6       811.71      -121.92  -7.7569e-14         9787      -170.84  -6.0264e-13       9787.3            0            0            0       99.418            0       99.759       4.7408   1.6085e-12      -2197.5   1.0716e-13       2.2988  -5.2842e-16      0.24961        11118            0        80975       1.0042      0.14493            0            0            0            0            0            0            0            0            0            0         2.06            0  
          0          1.5            0     0.094553    0.0056471    0.0049386   0.00070849  -1.9956e-18   -0.0071964   0.00037709   -0.0075735   4.3041e-19   3.9916e-20   4.8381e-20  -8.4653e-21       16.744       5.1486       3.2521        14679       876.67      -274.29   -3.098e-13        14677      -384.34  -2.4397e-13        14677            0            0            0       99.581            0       99.759       3.4179   7.4398e-13      -3417.2   6.8997e-14        2.299   -1.394e-16      0.24964        16672            0        87455       1.0042      0.21738            0            0            0            0            0            0            0            0            0            0         2.06            0  
          0            2            0      0.12604    0.0062296    0.0049707    0.0012589  -5.9409e-19   -0.0098068   0.00037739    -0.010184  -6.7319e-18  -1.0941e-19   1.3823e-20  -1.2323e-19       20.232       7.1828       2.8168        19567        967.1      -487.54  -9.2228e-14        19561      -683.14  -7.7945e-13        19563            0            0            0       99.637            0       99.759       2.8296  -1.1636e-11      -4656.7  -1.8912e-13       2.2994  -2.1834e-15      0.24969        22222            0        96476       1.0042      0.28982            0            0            0            0            0            0            0            0            0            0         2.06            0  
          0          2.5            0       0.1575    0.0069722    0.0050063    0.0019658   -4.494e-18    -0.012459   0.00037796    -0.012837  -1.3831e-17   3.6335e-19  -1.6022e-20   3.7937e-19       22.589       8.9648       2.5198        24450       1082.4      -761.61  -6.9766e-13        24440      -1067.2  -9.6398e-13        24442            0            0            0       99.661            0       99.759       2.5348  -2.3907e-11        -5916   6.2807e-13       2.2999  -1.1654e-15      0.24974        27765            0   1.0798e+05       1.0041      0.36223            0            0            0            0            0            0            0            0            0            0         2.06            0  
          0            3            0      0.18892    0.0078786    0.0050499    0.0028286  -1.8164e-18    -0.015151   0.00037912     -0.01553  -4.7485e-17  -6.5488e-19  -7.0687e-20  -5.8419e-19       23.979       10.423       2.3007        29329       1223.1      -1096.4  -2.8198e-13        29311      -1536.3  -6.7362e-13        29314            0            0            0       99.672            0       99.759        2.388  -8.2081e-11      -7194.4   -1.132e-12       2.3005   1.7224e-15       0.2498        33299            0   1.2201e+05       1.0041      0.43462            0            0            0            0            0            0            0            0            0            0         2.06            0  
          0          3.5            0      0.22031    0.0089435    0.0050968    0.0038467  -2.8645e-18    -0.017884   0.00038014    -0.018264  -4.7112e-18  -3.7625e-19  -4.7125e-20  -3.2913e-19       24.633       11.562       2.1305        34201       1388.4      -1491.9  -4.4469e-13        34173      -2090.4  -1.5911e-12        34177            0            0            0       99.677            0       99.759       2.3247  -8.1436e-12        -8492  -6.5037e-13       2.3012  -2.0007e-16      0.24988        38823            0   1.3851e+05        1.004      0.50697            0            0            0            0            0            0            0            0            0            0         2.06            0  
          0            4            0      0.25164     0.010162    0.0051426    0.0050192  -2.9625e-18    -0.020656     0.000381    -0.021037  -2.8956e-17  -1.0875e-18  -7.3515e-20   -1.014e-18       24.764       12.423       1.9935        39066       1577.5      -1947.8  -4.5991e-13        39025      -2729.2  -1.0905e-12        39030            0            0            0       99.678            0       99.759       2.3124  -5.0052e-11      -9808.4  -1.8798e-12        2.302   1.7571e-15      0.24996        44336            0   1.5737e+05        1.004      0.57928            0            0            0            0            0            0            0            0            0            0         2.06            0  
          0          4.5            0      0.28293     0.011538    0.0051926    0.0063452  -6.2681e-18    -0.023466   0.00038224    -0.023848  -2.1206e-17  -2.9545e-18   -6.032e-20  -2.8942e-18       24.522       13.044         1.88        43923       1791.2      -2464.1  -9.7308e-13        43864      -3452.7  -6.3316e-13        43871            0            0            0       99.676            0       99.759       2.3352  -3.6656e-11       -11143   -5.107e-12       2.3029   8.0384e-16      0.25006        49834            0   1.7868e+05       1.0039      0.65155            0            0            0            0            0            0            0            0            0            0         2.06            0  
          0            5            0      0.31415     0.013069    0.0052458    0.0078237  -7.0958e-18    -0.026314   0.00038358    -0.026698   4.1966e-17  -4.0142e-18  -4.6182e-20  -3.9681e-18       24.037       13.473       1.7841        48770       2028.9      -3040.7  -1.1016e-12        48690      -4260.6  -1.2472e-12        48698            0            0            0       99.673            0       99.759       2.3822   7.2541e-11       -12495  -6.9388e-12       2.3039  -1.1717e-15      0.25017        55318            0    2.024e+05       1.0038      0.72377            0            0            0            0            0            0            0            0            0            0         2.06            0  
          0          5.5            0      0.34531     0.014756    0.0053024    0.0094535  -6.6012e-18    -0.029198   0.00038494    -0.029583   6.9508e-17   1.7064e-18   5.5293e-20   1.6511e-18       23.402       13.752       1.7017        53608       2290.7      -3677.2  -1.0248e-12        53501      -5152.5   2.4562e-12        53511            0            0            0       99.668            0       99.759       2.4469   1.2015e-10       -13865   2.9496e-12        2.305  -1.5438e-16      0.25028        60785            0   2.2852e+05       1.0038      0.79594            0            0            0            0            0            0            0            0            0            0         2.06            0  
          0            6            0       0.3764     0.016592    0.0053588     0.011233  -1.5215e-17    -0.032119   0.00038596    -0.032505    1.089e-17   2.0658e-18   2.9217e-20   2.0366e-18       22.686       13.918       1.6299        58434       2575.8      -4373.7   -2.362e-12        58296      -6128.3   1.9173e-13        58307            0            0            0       99.662            0       99.759        2.524   1.8824e-11       -15252   3.5708e-12       2.3061   7.1448e-17      0.25041        66233            0   2.5696e+05       1.0037      0.86804            0            0            0            0            0            0            0            0            0            0         2.06            0  
          0          6.5            0      0.40741      0.01858    0.0054178     0.013162  -4.6422e-18    -0.035075   0.00038706    -0.035462   1.4333e-17   2.0283e-18   1.9164e-20   2.0091e-18       21.928       13.996       1.5667        63248       2884.4      -5129.7  -7.2066e-13        63073      -7187.7  -6.2337e-13        63086            0            0            0       99.655            0       99.759       2.6111   2.4776e-11       -16655   3.5059e-12       2.3074  -1.3288e-15      0.25055        71661            0   2.8774e+05       1.0036      0.94008            0            0            0            0            0            0            0            0            0            0         2.06            0  
          0            7            0      0.43834     0.020715    0.0054775     0.015238  -7.7955e-18    -0.038065   0.00038819    -0.038453  -5.8608e-17  -3.4244e-20  -1.0022e-19   6.5975e-20        21.16        14.01       1.5104        68049       3215.9      -5945.2  -1.2102e-12        67830      -8330.3  -4.2952e-14        67845            0            0            0       99.648            0       99.759       2.7057  -1.0131e-10       -18075  -5.9192e-14       2.3088  -6.1608e-16       0.2507        77067            0   3.2081e+05       1.0034        1.012            0            0            0            0            0            0            0            0            0            0         2.06            0  
          0          7.5            0      0.46917     0.022992    0.0055333     0.017459   -1.461e-17    -0.041088   0.00038895    -0.041477   4.8758e-19   1.7323e-18   6.9116e-21   1.7254e-18       20.406       13.977       1.4599        72836       3569.4      -6819.8  -2.2681e-12        72566      -9555.9  -1.4749e-12        72584            0            0            0       99.639            0       99.759       2.8056   8.4281e-13       -19511   2.9944e-12       2.3103  -1.0814e-16      0.25087        82449            0   3.5607e+05       1.0033       1.0839            0            0            0            0            0            0            0            0            0            0         2.06            0  
          0            8            0      0.49991     0.025414    0.0055906     0.019824   -5.966e-18    -0.044144   0.00038969    -0.044533   2.0928e-17   2.7546e-18   4.2098e-20   2.7125e-18        19.67       13.908       1.4143        77607       3945.4      -7753.3  -9.2617e-13        77280       -10864  -1.5276e-12        77300            0            0            0        99.63            0       99.759       2.9103   3.6176e-11       -20961   4.7615e-12       2.3119   2.6156e-15      0.25104        87807            0   3.9359e+05       1.0032       1.1557            0            0            0            0            0            0            0            0            0            0         2.06            0  
          0          8.5            0      0.53054     0.027987    0.0056556     0.022331   -6.545e-18     -0.04723   0.00039081    -0.047621   2.7136e-17   2.0173e-18  -6.1891e-20   2.0791e-18       18.957       13.808       1.3729        82363       4344.7      -8745.4  -1.0161e-12        81971       -12254   1.1233e-12        81994            0            0            0        99.62            0       99.759       3.0196   4.6906e-11       -22427   3.4869e-12       2.3136  -1.1322e-15      0.25122        93138            0   4.3342e+05       1.0031       1.2275            0            0            0            0            0            0            0            0            0            0         2.06            0  
          0            9            0      0.56107     0.030699    0.0057204     0.024978  -9.9011e-18    -0.050347   0.00039168    -0.050739  -1.1408e-17   1.7091e-19   2.5133e-20   1.4577e-19       18.277        13.69        1.335        87102       4765.7      -9795.8  -1.5371e-12        86636       -13726   9.7215e-13        86662            0            0            0        99.61            0       99.759       3.1318  -1.9719e-11       -23907   2.9542e-13       2.3154  -7.9784e-16      0.25142        98440            0   4.7542e+05       1.0029       1.2991            0            0            0            0            0            0            0            0            0            0         2.06            0  
          0          9.5            0      0.59148     0.033552    0.0057884     0.027763  -9.6267e-18    -0.053494   0.00039261    -0.053887  -9.3815e-17  -4.0835e-18   7.4143e-20  -4.1577e-18       17.629       13.558       1.3003        91823       5208.7       -10904  -1.4945e-12        91275       -15279   4.2988e-13        91303            0            0            0       99.599            0       99.759       3.2466  -1.6216e-10       -25401  -7.0586e-12       2.3173    1.383e-16      0.25162   1.0371e+05            0   5.1961e+05       1.0028       1.3706            0            0            0            0            0            0            0            0            0            0         2.06            0  
          0           10            0      0.62177     0.036555    0.0058707     0.030684  -6.9218e-18    -0.056668   0.00039438    -0.057063  -8.2437e-17  -1.1465e-17   -1.021e-19  -1.1363e-17       17.009       13.412       1.2682        96525       5674.9       -12070  -1.0746e-12        95886       -16913   8.7642e-13        95917            0            0            0       99.587            0       99.759       3.3647   -1.425e-10       -26909  -1.9818e-11       2.3192  -1.1018e-15      0.25184   1.0895e+05            0   5.6612e+05       1.0026        1.442            0            0            0            0            0            0            0            0            0            0         2.06            0  
          0         10.5            0      0.65193     0.039695    0.0059561     0.033739  -3.6935e-18     -0.05987   0.00039613    -0.060266  -2.2057e-17   1.6805e-17   5.7806e-20   1.6747e-17       16.423       13.261       1.2385   1.0121e+05       6162.4       -13294  -5.7339e-13   1.0047e+05       -18627  -2.4934e-13    1.005e+05            0            0            0       99.574            0       99.759       3.4843  -3.8126e-11       -28429   2.9048e-11       2.3213   1.3196e-15      0.25206   1.1416e+05            0   6.1475e+05       1.0024       1.5133            0            0            0            0            0            0            0            0            0            0         2.06            0  
          0           11            0      0.68196     0.042964    0.0060395     0.036925   -1.714e-17    -0.063099   0.00039749    -0.063496  -3.6911e-17    1.196e-17  -2.4819e-20   1.1985e-17       15.873       13.108       1.2109   1.0587e+05       6669.9       -14574  -2.6609e-12   1.0502e+05       -20421   4.5401e-13   1.0506e+05            0            0            0       99.561            0       99.759       3.6049  -6.3802e-11       -29962   2.0673e-11       2.3235  -1.3625e-15       0.2523   1.1933e+05            0   6.6538e+05       1.0023       1.5845            0            0            0            0            0            0            0            0            0            0         2.06            0  
          0         11.5            0      0.71185     0.046365    0.0061257     0.040239  -1.5798e-18    -0.066353   0.00039879    -0.066752  -7.3464e-17   1.0295e-17   9.0165e-20   1.0205e-17       15.353       12.954       1.1852   1.1051e+05       7197.8       -15911  -2.4525e-13   1.0954e+05       -22294   1.2032e-13   1.0958e+05            0            0            0       99.548            0       99.759       3.7266  -1.2699e-10       -31508   1.7795e-11       2.3258    1.524e-15      0.25255   1.2447e+05            0   7.1805e+05       1.0021       1.6556            0            0            0            0            0            0            0            0            0            0         2.06            0  
          0           12            0       0.7416       0.0499    0.0062193      0.04368  -1.5452e-17    -0.069632   0.00040029    -0.070032  -1.0991e-16  -2.1794e-17   1.3006e-19  -2.1924e-17       14.862       12.798       1.1612   1.1513e+05       7746.5       -17303  -2.3989e-12   1.1402e+05       -24246   2.4305e-13   1.1407e+05            0            0            0       99.534            0       99.759       3.8494  -1.8998e-10       -33064  -3.7671e-11       2.3282  -6.0143e-16      0.25281   1.2957e+05            0   7.7278e+05       1.0019       1.7266            0            0            0            0            0            0            0            0            0            0         2.06            0  
          0         12.5            0      0.77119     0.053569    0.0063247     0.047244  -1.0116e-17    -0.072934   0.00040223    -0.073336   2.1906e-17  -9.1036e-18  -3.2987e-20  -9.0706e-18       14.396       12.642       1.1387   1.1972e+05       8316.2       -18752  -1.5704e-12   1.1847e+05       -26275   6.4148e-14   1.1852e+05            0            0            0       99.519            0       99.759       3.9735   3.7866e-11       -34632  -1.5736e-11       2.3307   1.6079e-15      0.25308   1.3463e+05            0   8.2962e+05       1.0018       1.7974            0            0            0            0            0            0            0            0            0            0         2.06            0  
          0           13            0      0.80063     0.057374    0.0064441      0.05093   -1.518e-17    -0.076257   0.00040466    -0.076662  -1.4002e-16   1.0996e-18   1.5708e-19    9.425e-19       13.955       12.486       1.1176   1.2429e+05       8906.8       -20256  -2.3565e-12   1.2289e+05       -28382   1.8097e-13   1.2294e+05            0            0            0       99.504            0       99.759       4.0988  -2.4203e-10       -36211   1.9007e-12       2.3332   2.6529e-16      0.25336   1.3964e+05            0   8.8854e+05       1.0016       1.8681            0            0            0            0            0            0            0            0            0            0         2.06            0  
          0         13.5            0      0.82991     0.061303    0.0065705     0.054733  -1.2754e-17    -0.079603    0.0004071     -0.08001   1.2722e-17   4.6017e-17   2.3311e-19   4.5784e-17       13.538       12.333       1.0977   1.2884e+05       9516.9       -21815    -1.98e-12   1.2726e+05       -30566   1.1707e-12   1.2732e+05            0            0            0       99.488            0       99.759       4.2246   2.1991e-11       -37799   7.9543e-11       2.3359  -2.2493e-15      0.25365   1.4462e+05            0   9.4939e+05       1.0014       1.9386            0            0            0            0            0            0            0            0            0            0         2.06            0  
          0           14            0      0.85903     0.065348    0.0066975     0.058651  -1.2817e-17    -0.082969   0.00040919    -0.083378  -8.7222e-17   2.1212e-17  -5.8435e-20    2.127e-17       13.145       12.184       1.0789   1.3336e+05        10145       -23427  -1.9898e-12    1.316e+05       -32826   1.0278e-12   1.3166e+05            0            0            0       99.471            0       99.759       4.3502  -1.5077e-10       -39398   3.6666e-11       2.3387   3.5196e-16      0.25395   1.4955e+05            0    1.012e+06       1.0012        2.009            0            0            0            0            0            0            0            0            0            0         2.06            0  
          0         14.5            0      0.88797     0.069508    0.0068275     0.062681  -6.8186e-18    -0.086355   0.00041108    -0.086766  -7.0911e-17   4.4286e-17   1.9824e-19   4.4087e-17       12.775       12.038       1.0612   1.3785e+05        10791       -25094  -1.0585e-12    1.359e+05       -35162   1.2743e-12   1.3596e+05            0            0            0       99.455            0       99.759       4.4758  -1.2257e-10       -41006    7.655e-11       2.3416   3.8446e-15      0.25426   1.5444e+05            0   1.0765e+06        1.001       2.0792            0            0            0            0            0            0            0            0            0            0         2.06            0  
          0           15            0      0.91673     0.073779      0.00696     0.066819   -1.081e-17     -0.08976   0.00041276    -0.090173   1.8214e-16   1.0301e-18     1.53e-19   8.7715e-19       12.425       11.897       1.0444   1.4232e+05        11454       -26814  -1.6782e-12   1.4015e+05       -37572    2.275e-12   1.4022e+05            0            0            0       99.437            0       99.759       4.6013   3.1484e-10       -42622   1.7807e-12       2.3445   1.2545e-15      0.25458   1.5928e+05            0   1.1426e+06       1.0009       2.1493            0            0            0            0            0            0            0            0            0            0         2.06            0  
          0         15.5            0      0.94532      0.07816    0.0070966     0.071064  -1.5833e-17    -0.093182   0.00041432    -0.093596   1.3403e-16   1.0992e-17   2.2211e-19    1.077e-17       12.095       11.759       1.0285   1.4675e+05        12134       -28587   -2.458e-12   1.4436e+05       -40056   4.2259e-12   1.4444e+05            0            0            0        99.42            0       99.759       4.7266   2.3167e-10       -44247      1.9e-11       2.3476   5.8514e-16      0.25492   1.6407e+05            0   1.2105e+06       1.0007       2.2192            0            0            0            0            0            0            0            0            0            0         2.06            0  
          0           16            0      0.97371     0.082648    0.0072376      0.07541  -7.2782e-18    -0.096621   0.00041575    -0.097037    6.973e-17   7.3288e-18  -4.7753e-20   7.3766e-18       11.781       11.626       1.0134   1.5116e+05        12830       -30412  -1.1299e-12   1.4853e+05       -42614  -2.4429e-12   1.4861e+05            0            0            0       99.401            0       99.759       4.8516   1.2053e-10       -45880   1.2668e-11       2.3508   2.2426e-15      0.25526   1.6881e+05            0     1.28e+06       1.0005        2.289            0            0            0            0            0            0            0            0            0            0         2.06            0  
          0         16.5            0       1.0019      0.08724    0.0073842     0.079856  -1.6439e-17     -0.10008   0.00041708     -0.10049  -7.6219e-17  -3.4641e-17   1.4797e-19  -3.4789e-17       11.485       11.496      0.99904   1.5554e+05        13543       -32289   -2.552e-12   1.5266e+05       -45244   3.9253e-12   1.5274e+05            0            0            0       99.383            0       99.759       4.9764  -1.3175e-10       -47520  -5.9879e-11        2.354    2.254e-15      0.25562   1.7349e+05            0   1.3511e+06       1.0003       2.3586            0            0            0            0            0            0            0            0            0            0         2.06            0  
          0           17            0       1.0299      0.09193    0.0075335     0.084397  -9.5467e-18     -0.10354   0.00041808     -0.10396   1.1441e-17   3.2006e-17   -5.655e-20   3.2062e-17       11.203        11.37      0.98537   1.5989e+05        14271       -34217  -1.4821e-12   1.5673e+05       -47945  -7.0651e-13   1.5682e+05            0            0            0       99.364            0       99.759       5.1007   1.9776e-11       -49168   5.5324e-11       2.3574  -1.0762e-15      0.25598   1.7813e+05            0   1.4237e+06       1.0002        2.428            0            0            0            0            0            0            0            0            0            0         2.06            0  
          0         17.5            0       1.0577     0.096715    0.0076856      0.08903   -1.885e-17     -0.10703   0.00041873     -0.10744  -4.7818e-17   4.6859e-17   8.3254e-20   4.6775e-17       10.937       11.248      0.97233    1.642e+05        15014       -36196  -2.9263e-12   1.6076e+05       -50717   7.0461e-12   1.6086e+05            0            0            0       99.344            0       99.759       5.2244  -8.2657e-11       -50821   8.0998e-11       2.3609  -4.4766e-16      0.25636   1.8271e+05            0   1.4978e+06            1       2.4972            0            0            0            0            0            0            0            0            0            0         2.06            0  
          0           18            0       1.0853      0.10159    0.0078409     0.093751  -1.9707e-18     -0.11052   0.00041903     -0.11094  -5.5167e-17   5.1732e-17   2.5385e-19   5.1478e-17       10.683        11.13      0.95988   1.6849e+05        15771       -38224  -3.0594e-13   1.6474e+05       -53560   2.3023e-12   1.6484e+05            0            0            0       99.325            0       99.759       5.3476   -9.536e-11       -52481   8.9421e-11       2.3644    3.155e-16      0.25674   1.8724e+05            0   1.5733e+06      0.99986       2.5662            0            0            0            0            0            0            0            0            0            0         2.06            0  
          0         18.5            0       1.1127      0.10656    0.0080009     0.098557  -1.7067e-17     -0.11403   0.00041908     -0.11445  -1.1444e-16   1.2526e-17   1.2535e-19   1.2401e-17       10.442       11.015        0.948   1.7274e+05        16542       -40302  -2.6495e-12   1.6867e+05       -56471    4.286e-12   1.6877e+05            0            0            0       99.304            0       99.759       5.4702  -1.9782e-10       -54146   2.1652e-11       2.3681  -5.6667e-16      0.25714   1.9171e+05            0   1.6502e+06      0.99971        2.635            0            0            0            0            0            0            0            0            0            0         2.06            0  
          0           19            0       1.1399      0.11161    0.0081661      0.10344   -2.137e-17     -0.11754   0.00041887     -0.11796  -5.6776e-17  -5.6685e-18  -8.8909e-20  -5.5796e-18       10.213       10.904      0.93663   1.7696e+05        17327       -42429  -3.3175e-12   1.7255e+05       -59451    1.184e-11   1.7266e+05            0            0            0       99.284            0       99.759       5.5921   -9.814e-11       -55815  -9.7982e-12       2.3718   6.7081e-16      0.25755   1.9612e+05            0   1.7285e+06      0.99957       2.7036            0            0            0            0            0            0            0            0            0            0         2.06            0  
          0         19.5            0       1.1668      0.11674    0.0083368      0.10841  -1.6153e-17     -0.12107    0.0004184     -0.12149   4.2108e-17    7.071e-17   3.3207e-19   7.0378e-17       9.9949       10.797      0.92575   1.8114e+05        18124       -44603  -2.5077e-12   1.7637e+05       -62498  -1.5395e-12   1.7649e+05            0            0            0       99.263            0       99.759       5.7135   7.2786e-11       -57490   1.2223e-10       2.3757   2.3834e-16      0.25796   2.0047e+05            0    1.808e+06      0.99945        2.772            0            0            0            0            0            0            0            0            0            0         2.06            0  
          0           20            0       1.1936      0.12196    0.0085168      0.11344  -2.3727e-17      -0.1246   0.00041768     -0.12502  -2.5823e-16   4.9588e-17   1.7845e-19   4.9409e-17       9.7865       10.692      0.91532   1.8529e+05        18934       -46825  -3.6834e-12   1.8014e+05       -65611   2.0729e-11   1.8027e+05            0            0            0       99.242            0       99.759       5.8343  -4.4637e-10       -59168   8.5715e-11       2.3796   1.2828e-15      0.25839   2.0476e+05            0   1.8888e+06      0.99933       2.8403            0            0            0            0            0            0            0            0            0            0         2.06            0  
