A320-200: HTP_vble_case7
T1-99.8 m/s-VLM2-xm0.6145m-case7
Freestream speed = 99.759 m/s


 Ctrl        Alpha        Beta         CL           CD           CD_viscous   CD_induced   CY           Cm           Cm_viscous   Cm_pressure  Cl           Cn           Cn_viscous   Cn_pressure  CL/CD        CL^(3/2)/CD  1/sqrt(CL)   Lift_(N)     Drag_(N)     Fx_FF_(N)    Fy_FF_(N)    Fz_FF_(N)    Fx_sum_(N)   Fy_sum_(N)   Fz_sum_(N)   Extra_drag_(N)  Fuse_drag_(N)  Cf_Fuse      Vx_(m/s)     Vz_(m/s)     V_(m/s)      Gamma        L_(N.m)      M_(N.m)      N_(N.m)      CPx_(m)      CPy_(m)      CPz_(m)      BM_(N.m)     m.g.Vz_(W)   Drag_x_V_(W)  Efficiency   XCp.Cl       XNP_(m)      Phugoid_Freq._(Hz)  Phugoid_Damping  Short_Period_Freq._(Hz)  Short_Period_Damping_Ratio  Dutch_Roll_Freq._(Hz)  Dutch_Roll_Damping  Roll_Damping  Spiral_Damping  Mass_(kg)    CoG_x_(m)    CoG_z_(m)    
          0          -20            0      -1.1485     0.094786    0.0079154     0.086871    5.436e-18     -0.16543   0.00038563     -0.16582  -4.1082e-16   1.3086e-16  -5.9937e-19   1.3146e-16      -12.117      -12.985            0   -1.783e+05        14715       -48308    8.439e-13  -1.7216e+05       -62926  -2.8981e-11  -1.7289e+05            0            0            0       99.421            0       99.759       -4.718  -7.9395e-10       -70261   2.5289e-10     -0.95899   2.9072e-15      0.26226  -1.9917e+05            0   1.4679e+06      0.96664       1.1014            0            0            0            0            0            0            0            0            0            0      -0.6145            0  
          0        -19.5            0      -1.1225     0.090832    0.0077815      0.08305  -1.7074e-17     -0.16096   0.00038881     -0.16134  -8.1022e-17   1.5608e-17  -7.5785e-19   1.6366e-17      -12.358      -13.093            0  -1.7426e+05        14101       -46016  -2.6506e-12  -1.6857e+05       -59941   1.7622e-13  -1.6927e+05            0            0            0       99.434            0       99.759      -4.6263  -1.5658e-10       -68360   3.0164e-11     -0.95764   3.3252e-16      0.26189  -1.9499e+05            0   1.4067e+06      0.96585       1.0749            0            0            0            0            0            0            0            0            0            0      -0.6145            0  
          0          -19            0      -1.0963     0.086932    0.0076494     0.079282   3.9254e-17     -0.15648   0.00039186     -0.15687  -1.7098e-16   6.4176e-17  -4.9596e-19   6.4672e-17      -12.611      -13.204            0  -1.7019e+05        13495       -43772   6.0938e-12  -1.6493e+05       -57018  -2.5872e-11  -1.6559e+05            0            0            0       99.447            0       99.759      -4.5338  -3.3043e-10       -66460   1.2403e-10     -0.95632   1.3379e-15      0.26153  -1.9075e+05            0   1.3463e+06      0.96509       1.0484            0            0            0            0            0            0            0            0            0            0      -0.6145            0  
          0        -18.5            0      -1.0699     0.083088     0.007518      0.07557  -7.0768e-17     -0.15201   0.00039467      -0.1524   3.7481e-17    2.437e-17  -5.8841e-19   2.4958e-17      -12.877       -13.32            0   -1.661e+05        12899       -41578  -1.0986e-11  -1.6124e+05       -54161  -1.0056e-11  -1.6187e+05            0            0            0       99.459            0       99.759      -4.4405   7.2434e-11       -64560   4.7097e-11     -0.95502   3.0797e-15      0.26118  -1.8646e+05            0   1.2868e+06      0.96437       1.0218            0            0            0            0            0            0            0            0            0            0      -0.6145            0  
          0          -18            0      -1.0434     0.079305    0.0073895     0.071916   3.6432e-18     -0.14754    0.0003975     -0.14793  -1.8421e-16   5.0126e-17  -5.0832e-19   5.0635e-17      -13.156      -13.439            0  -1.6197e+05        12312       -39435   5.6559e-13   -1.575e+05       -51368  -1.7108e-11   -1.581e+05            0            0            0       99.472            0       99.759      -4.3467    -3.56e-10       -62661   9.6873e-11     -0.95376   2.4349e-15      0.26083  -1.8211e+05            0   1.2282e+06      0.96366      0.99512            0            0            0            0            0            0            0            0            0            0      -0.6145            0  
          0        -17.5            0      -1.0166     0.075584     0.007261     0.068323  -1.0818e-17     -0.14307   0.00040012     -0.14347  -1.0099e-16   3.5213e-17  -4.5156e-19   3.5664e-17       -13.45      -13.561            0  -1.5782e+05        11734       -37342  -1.6794e-12  -1.5371e+05       -48642  -2.1485e-11  -1.5427e+05            0            0            0       99.484            0       99.759      -4.2521  -1.9518e-10       -60764   6.8051e-11     -0.95253   1.7812e-15       0.2605   -1.777e+05            0   1.1706e+06      0.96299      0.96835            0            0            0            0            0            0            0            0            0            0      -0.6145            0  
          0          -17            0     -0.98968     0.071931    0.0071354     0.064795   1.4807e-17     -0.13861   0.00040273     -0.13901  -7.7976e-17   1.8875e-17  -8.0731e-19   1.9682e-17      -13.759      -13.688            0  -1.5364e+05        11167       -35301   2.2987e-12  -1.4987e+05       -45983  -1.0314e-11   -1.504e+05            0            0            0       99.496            0       99.759       -4.157  -1.5069e-10       -58869   3.6477e-11     -0.95133   2.0866e-15      0.26017  -1.7324e+05            0    1.114e+06      0.96234      0.94152            0            0            0            0            0            0            0            0            0            0      -0.6145            0  
          0        -16.5            0     -0.96258     0.068346    0.0070109     0.061335   1.6581e-17     -0.13415   0.00040515     -0.13456  -4.2197e-17   7.7755e-18  -5.8588e-19   8.3614e-18      -14.084      -13.818            0  -1.4943e+05        10610       -33312   2.5741e-12  -1.4598e+05       -43392   4.7606e-12  -1.4649e+05            0            0            0       99.508            0       99.759      -4.0613  -8.1549e-11       -56977   1.5027e-11     -0.95016   2.7108e-15      0.25985  -1.6873e+05            0   1.0585e+06      0.96172      0.91461            0            0            0            0            0            0            0            0            0            0      -0.6145            0  
          0          -16            0     -0.93531     0.064832    0.0068871     0.057945  -1.1451e-17     -0.12971   0.00040723     -0.13011  -8.7452e-17   3.6307e-17  -5.4766e-19   3.6855e-17      -14.427      -13.952            0   -1.452e+05        10065       -31376  -1.7777e-12  -1.4205e+05       -40870   6.2625e-12  -1.4253e+05            0            0            0        99.52            0       99.759      -3.9652  -1.6901e-10       -55088   7.0167e-11     -0.94902   1.8985e-15      0.25953  -1.6417e+05            0    1.004e+06      0.96112      0.88763            0            0            0            0            0            0            0            0            0            0      -0.6145            0  
          0        -15.5            0     -0.90787     0.061394    0.0067658     0.054628   1.8699e-17     -0.12527   0.00040891     -0.12568  -1.4116e-16   2.2886e-17  -6.3899e-19   2.3525e-17      -14.788       -14.09            0  -1.4094e+05       9530.9       -29493   2.9029e-12  -1.3808e+05       -38417  -1.3423e-11  -1.3853e+05            0            0            0       99.531            0       99.759      -3.8687  -2.7281e-10       -53204   4.4229e-11     -0.94791   1.7628e-15      0.25923  -1.5956e+05            0   9.5079e+05      0.96054      0.86058            0            0            0            0            0            0            0            0            0            0      -0.6145            0  
          0          -15            0     -0.88027     0.058031    0.0066443     0.051386   4.3217e-17     -0.12084   0.00040992     -0.12125    -1.94e-17    1.657e-17  -5.4289e-19   1.7113e-17      -15.169      -14.232            0  -1.3666e+05       9008.8       -27664   6.7091e-12  -1.3406e+05       -36035  -8.4061e-13  -1.3448e+05            0            0            0       99.543            0       99.759      -3.7717  -3.7492e-11       -51325   3.2023e-11     -0.94683   2.3952e-15      0.25894  -1.5489e+05            0   8.9871e+05      0.95998      0.83347            0            0            0            0            0            0            0            0            0            0      -0.6145            0  
          0        -14.5            0     -0.85251     0.054745    0.0065212     0.048224  -7.3599e-18     -0.11643   0.00041028     -0.11684  -1.3995e-16   5.5272e-17  -6.2269e-19   5.5895e-17      -15.572      -14.378            0  -1.3235e+05       8498.7       -25889  -1.1426e-12  -1.3001e+05       -33723   -9.941e-12   -1.304e+05            0            0            0       99.554            0       99.759      -3.6743  -2.7047e-10       -49451   1.0682e-10     -0.94578   3.0893e-16      0.25865  -1.5019e+05            0   8.4782e+05      0.95945      0.80629            0            0            0            0            0            0            0            0            0            0      -0.6145            0  
          0          -14            0      -0.8246     0.051552    0.0064104     0.045142  -2.1679e-18     -0.11203   0.00041101     -0.11244  -2.5459e-16   1.3061e-17  -3.1303e-19   1.3374e-17      -15.995      -14.525            0  -1.2801e+05       8003.1       -24169  -3.3656e-13  -1.2591e+05       -31483  -8.4316e-12  -1.2627e+05            0            0            0       99.564            0       99.759      -3.5774  -4.9201e-10       -47582   2.5241e-11     -0.94477   2.0399e-15      0.25837  -1.4543e+05            0   7.9838e+05      0.95893      0.77905            0            0            0            0            0            0            0            0            0            0      -0.6145            0  
          0        -13.5            0     -0.79654      0.04846    0.0063166     0.042143   9.4107e-18     -0.10765   0.00041289     -0.10806   3.1828e-17   2.0438e-17  -2.2508e-19   2.0663e-17      -16.437       -14.67            0  -1.2366e+05       7523.1       -22505   1.4609e-12  -1.2177e+05       -29316  -3.4735e-12  -1.2211e+05            0            0            0       99.575            0       99.759      -3.4815    6.151e-11       -45720   3.9497e-11     -0.94378  -6.0151e-16       0.2581  -1.4063e+05            0   7.5049e+05      0.95843      0.75176            0            0            0            0            0            0            0            0            0            0      -0.6145            0  
          0          -13            0     -0.76833     0.045463    0.0062322     0.039231   2.8153e-17     -0.10328   0.00041532     -0.10369  -1.5466e-16   3.4239e-17  -2.8606e-19   3.4525e-17        -16.9      -14.814            0  -1.1928e+05       7057.8       -20897   4.3706e-12  -1.1759e+05       -27221  -3.7397e-12  -1.1791e+05            0            0            0       99.585            0       99.759      -3.3863   -2.989e-10       -43864    6.617e-11     -0.94283   9.1095e-16      0.25784  -1.3579e+05            0   7.0408e+05      0.95795       0.7244            0            0            0            0            0            0            0            0            0            0      -0.6145            0  
          0        -12.5            0     -0.73998     0.042565    0.0061582     0.036407   2.4116e-17    -0.098924    0.0004184    -0.099343  -7.2838e-17   2.0395e-17  -3.6586e-19    2.076e-17      -17.385      -14.955            0  -1.1488e+05         6608       -19346   3.7438e-12  -1.1338e+05       -25200  -4.8669e-12  -1.1367e+05            0            0            0       99.594            0       99.759      -3.2922  -1.4077e-10       -42015   3.9414e-11     -0.94191   2.0456e-15      0.25759  -1.3091e+05            0    6.592e+05      0.95749      0.69699            0            0            0            0            0            0            0            0            0            0      -0.6145            0  
          0          -12            0      -0.7115     0.039754      0.00608     0.033674  -1.3349e-17     -0.09459   0.00042092    -0.095011   -7.111e-17   3.2618e-17  -2.8156e-19   3.2899e-17      -17.897      -15.097            0  -1.1045e+05       6171.5       -17851  -2.0723e-12  -1.0913e+05       -23253  -1.6517e-12   -1.094e+05            0            0            0       99.603            0       99.759       -3.198  -1.3743e-10       -40174   6.3036e-11     -0.94102   1.8102e-15      0.25735  -1.2599e+05            0   6.1566e+05      0.95704      0.66953            0            0            0            0            0            0            0            0            0            0      -0.6145            0  
          0        -11.5            0     -0.68288     0.037032    0.0059976     0.031034   2.3357e-17    -0.090277   0.00042266      -0.0907  -8.5037e-17  -1.0063e-17  -2.5824e-19  -9.8048e-18      -18.441      -15.239            0  -1.0601e+05       5748.9       -16414   3.6261e-12  -1.0484e+05       -21382  -2.6839e-12  -1.0509e+05            0            0            0       99.612            0       99.759       -3.104  -1.6434e-10       -38342  -1.9448e-11     -0.94016   1.5978e-15      0.25711  -1.2103e+05            0    5.735e+05      0.95661      0.64202            0            0            0            0            0            0            0            0            0            0      -0.6145            0  
          0          -11            0     -0.65414     0.034412     0.005923     0.028489   1.0698e-17    -0.085985   0.00042451     -0.08641   2.7677e-17   1.4655e-17  -5.3952e-20   1.4709e-17      -19.009      -15.374            0  -1.0155e+05       5342.2       -15035   1.6608e-12  -1.0053e+05       -19585  -4.2294e-13  -1.0076e+05            0            0            0       99.621            0       99.759      -3.0114   5.3488e-11       -36519   2.8323e-11     -0.93933    3.326e-15      0.25689  -1.1603e+05            0   5.3293e+05      0.95619      0.61446            0            0            0            0            0            0            0            0            0            0      -0.6145            0  
          0        -10.5            0     -0.62528     0.031898    0.0058565     0.026041   1.7594e-17    -0.081716   0.00042684    -0.082143  -9.9882e-17   3.1001e-17  -1.0397e-19   3.1105e-17      -19.602      -15.501            0       -97070       4951.9       -13715   2.7313e-12       -96181       -17865  -4.3282e-12       -96389            0            0            0       99.629            0       99.759      -2.9204  -1.9303e-10       -34706   5.9911e-11     -0.93854   1.8048e-15      0.25667    -1.11e+05            0     4.94e+05      0.95579      0.58685            0            0            0            0            0            0            0            0            0            0      -0.6145            0  
          0          -10            0      -0.5963     0.029484     0.005791     0.023693   9.7001e-18     -0.07747   0.00042923    -0.077899  -5.8134e-17    2.654e-19  -3.4282e-19   6.0822e-19      -20.224      -15.617            0       -92571       4577.2       -12452   1.5059e-12       -91803       -16221    6.246e-13       -91992            0            0            0       99.637            0       99.759      -2.8307  -1.1235e-10       -32903   5.1291e-13     -0.93778   6.5304e-16      0.25646  -1.0593e+05            0   4.5662e+05       0.9554      0.55919            0            0            0            0            0            0            0            0            0            0      -0.6145            0  
          0         -9.5            0     -0.56721     0.027173    0.0057269     0.021446   2.4526e-18     -0.07325   0.00043152    -0.073682  -4.3075e-17    2.743e-17  -3.8497e-20   2.7469e-17      -20.874      -15.721            0       -88055       4218.4       -11250   3.8075e-13       -87397       -14654  -7.5415e-13       -87567            0            0            0       99.645            0       99.759      -2.7428  -8.3245e-11       -31110   5.3011e-11     -0.93705   8.2359e-16      0.25626  -1.0084e+05            0   4.2082e+05      0.95502       0.5315            0            0            0            0            0            0            0            0            0            0      -0.6145            0  
          0           -9            0     -0.53801     0.024968     0.005666     0.019302   1.2204e-18    -0.069056   0.00043378     -0.06949   1.8845e-17    1.057e-17  -1.4752e-19   1.0718e-17      -21.548      -15.805            0       -83522       3876.1       -10106   1.8946e-13       -82962       -13164  -7.4646e-13       -83116            0            0            0       99.652            0       99.759      -2.6571   3.6419e-11       -29329   2.0428e-11     -0.93635   2.8999e-15      0.25607       -95709            0   3.8668e+05      0.95465      0.50376            0            0            0            0            0            0            0            0            0            0      -0.6145            0  
          0         -8.5            0     -0.50871     0.022872    0.0056083     0.017263   1.2669e-17    -0.064891   0.00043613    -0.065327  -9.9039e-17   9.8419e-19  -1.3207e-19   1.1163e-18      -22.242      -15.864            0       -78973       3550.7      -9022.3   1.9667e-12       -78502       -11753   -1.158e-12       -78639            0            0            0       99.658            0       99.759      -2.5743   -1.914e-10       -27560    1.902e-12     -0.93568   2.0298e-15      0.25589       -90552            0   3.5421e+05       0.9543      0.47599            0            0            0            0            0            0            0            0            0            0      -0.6145            0  
          0           -8            0     -0.47931      0.02088    0.0055482     0.015331   1.1241e-17    -0.060754   0.00043812    -0.061192   1.2026e-17   7.4665e-18  -1.1942e-19   7.5859e-18      -22.956      -15.893            0       -74409       3241.4      -7998.8    1.745e-12       -74016       -10419  -6.5754e-13       -74138            0            0            0       99.664            0       99.759      -2.4943    2.324e-11       -25803    1.443e-11     -0.93505   1.1654e-15      0.25571       -85368            0   3.2336e+05      0.95396      0.44818            0            0            0            0            0            0            0            0            0            0      -0.6145            0  
          0         -7.5            0     -0.44982     0.018995    0.0054876     0.013508   1.7874e-17    -0.056648   0.00043991    -0.057088   -1.388e-17   5.0086e-18  -2.6695e-20   5.0353e-18      -23.681      -15.882            0       -69831       2948.9      -7035.8   2.7748e-12       -69507      -9164.9  -5.5458e-13       -69614            0            0            0        99.67            0       99.759      -2.4181  -2.6824e-11       -24060   9.6795e-12     -0.93445  -1.0706e-15      0.25555       -80158            0   2.9417e+05      0.95362      0.42033            0            0            0            0            0            0            0            0            0            0      -0.6145            0  
          0           -7            0     -0.42024     0.017233    0.0054392     0.011794   1.6655e-18    -0.052574   0.00044247    -0.053016  -8.4833e-17   3.0996e-18  -1.4078e-19   3.2404e-18      -24.386      -15.808            0       -65239       2675.3      -6133.4   2.5856e-13       -64976      -7989.5  -8.5527e-13       -65069            0            0            0       99.675            0       99.759      -2.3482  -1.6395e-10       -22329   5.9902e-12     -0.93388    2.069e-15      0.25539       -74923            0   2.6688e+05       0.9533      0.39245            0            0            0            0            0            0            0            0            0            0      -0.6145            0  
          0         -6.5            0     -0.39058     0.015584    0.0053934     0.010191   2.9482e-18    -0.048531   0.00044503    -0.048977   -2.271e-17   2.7994e-18  -2.0007e-19   2.9994e-18      -25.062      -15.663            0       -60635       2419.4      -5292.2   4.5769e-13       -60424      -6893.6   6.2935e-13       -60505            0            0            0       99.679            0       99.759      -2.2849  -4.3889e-11       -20612     5.41e-12     -0.93334   1.6157e-15      0.25525       -69666            0   2.4135e+05      0.95298      0.36454            0            0            0            0            0            0            0            0            0            0      -0.6145            0  
          0           -6            0     -0.36085     0.014038    0.0053369    0.0087012   5.1091e-18    -0.044525   0.00044663    -0.044971  -5.2479e-17   9.4001e-18    3.934e-21   9.3961e-18      -25.705      -15.441            0       -56019       2179.3      -4512.2   7.9316e-13       -55853      -5877.6  -9.4766e-13       -55922            0            0            0       99.683            0       99.759      -2.2279  -1.0142e-10       -18910   1.8166e-11     -0.93284   2.5404e-16      0.25511       -64388            0    2.174e+05      0.95268      0.33661            0            0            0            0            0            0            0            0            0            0      -0.6145            0  
          0         -5.5            0     -0.33104     0.012604     0.005279    0.0073254   9.9809e-18    -0.040553   0.00044798    -0.041001  -9.3269e-17   3.1315e-18  -4.1588e-20   3.1731e-18      -26.264      -15.111            0       -51391       1956.7      -3793.7   1.5495e-12       -51264      -4941.7   1.1266e-12       -51321            0            0            0       99.687            0       99.759      -2.1805  -1.8025e-10       -17224   6.0519e-12     -0.93236   1.6695e-15      0.25498       -59091            0    1.952e+05      0.95238      0.30865            0            0            0            0            0            0            0            0            0            0      -0.6145            0  
          0           -5            0     -0.30117     0.011288    0.0052227    0.0060648   8.9311e-18    -0.036618   0.00044922    -0.037068  -8.1793e-17    2.785e-18            0    2.785e-18      -26.681      -14.642            0       -46754       1752.3      -3136.9   1.3865e-12       -46658      -4086.2   2.8558e-13       -46706            0            0            0       99.689            0       99.759      -2.1464  -1.5807e-10       -15552   5.3822e-12     -0.93192    2.192e-15      0.25486       -53777            0   1.7481e+05      0.95209      0.28067            0            0            0            0            0            0            0            0            0            0      -0.6145            0  
          0         -4.5            0     -0.27123     0.010089    0.0051686    0.0049206   6.0168e-18    -0.032721   0.00045051    -0.033172  -3.2924e-17   6.9791e-19  -7.0249e-21   7.0493e-19      -26.884      -14.001            0       -42107       1566.3      -2542.2   9.3406e-13       -42037      -3311.4   -7.929e-13       -42076            0            0            0        99.69            0       99.759      -2.1303  -6.3628e-11       -13897   1.3488e-12     -0.93152   4.6803e-16      0.25475       -48447            0   1.5625e+05      0.95181      0.25266            0            0            0            0            0            0            0            0            0            0      -0.6145            0  
          0           -4            0     -0.24125    0.0090215    0.0051277    0.0038938   6.6892e-18    -0.028862    0.0004527    -0.029315  -3.2933e-17   2.3433e-18  -1.6579e-19    2.509e-18      -26.741      -13.134            0       -37452       1400.5      -2009.5   1.0384e-12       -37403      -2617.6   1.0278e-12       -37433            0            0            0       99.689            0       99.759      -2.1416  -6.3647e-11       -12258   4.5285e-12     -0.93115  -9.8464e-16      0.25465       -43102            0   1.3971e+05      0.95154      0.22463            0            0            0            0            0            0            0            0            0            0      -0.6145            0  
          0         -3.5            0     -0.21121      0.00807    0.0050846    0.0029853   4.2058e-18    -0.025044   0.00045459    -0.025498  -8.3518e-18   1.7594e-18  -3.6811e-20   1.7962e-18      -26.172      -12.028            0       -32788       1252.8      -1539.1   6.5292e-13       -32756      -2004.8    3.376e-13       -32779            0            0            0       99.686            0       99.759      -2.1881  -1.6141e-11       -10636   3.4002e-12      -0.9308   1.9809e-15      0.25455       -37744            0   1.2498e+05      0.95127      0.19659            0            0            0            0            0            0            0            0            0            0      -0.6145            0  
          0           -3            0     -0.18112    0.0072315    0.0050354    0.0021961   5.0683e-18    -0.021267    0.0004559    -0.021723   1.3052e-17   4.0219e-19  -8.5985e-20   4.8817e-19      -25.047       -10.66            0       -28118       1122.6      -1131.1   7.8681e-13       -28098      -1473.4  -5.1964e-13       -28115            0            0            0       99.679            0       99.759      -2.2863   2.5224e-11      -9032.4   7.7726e-13      -0.9305   2.4323e-16      0.25447       -32374            0   1.1199e+05      0.95101      0.16854            0            0            0            0            0            0            0            0            0            0      -0.6145            0  
          0         -2.5            0       -0.151    0.0065205    0.0049937    0.0015268   5.2073e-18    -0.017532   0.00045765     -0.01799    2.277e-17  -7.4047e-21  -6.6315e-20   5.8911e-20      -23.158      -8.9991            0       -23442       1012.3      -785.73   8.0839e-13       -23430      -1023.5   1.8885e-12       -23442            0            0            0       99.666            0       99.759      -2.4725   4.4004e-11      -7446.2   -1.431e-14     -0.93022   1.0582e-15      0.25439       -26994            0   1.0098e+05      0.95075      0.14047            0            0            0            0            0            0            0            0            0            0      -0.6145            0  
          0           -2            0     -0.12085    0.0059389    0.0049608   0.00097814   4.1748e-18     -0.01384   0.00045993      -0.0143  -5.4643e-18   3.2017e-19  -8.9919e-21   3.2916e-19      -20.348      -7.0737            0       -18761       921.98      -502.98   6.4811e-13       -18755      -655.19   1.9318e-12       -18762            0            0            0       99.639            0       99.759      -2.8135   -1.056e-11      -5878.2   6.1875e-13     -0.92998    3.972e-15      0.25433       -21605            0        91975      0.95051      0.11239            0            0            0            0            0            0            0            0            0            0      -0.6145            0  
          0         -1.5            0    -0.090664    0.0054843    0.0049336   0.00055069   2.5213e-18    -0.010193   0.00046284    -0.010655   -1.584e-17   2.2783e-19  -7.3059e-21   2.3513e-19      -16.532      -4.9777            0       -14075        851.4      -282.98   3.9142e-13       -14072      -368.61  -4.6698e-13       -14077            0            0            0       99.577            0       99.759      -3.4616  -3.0612e-11        -4329   4.4029e-13     -0.92977   9.5405e-16      0.25427       -16210            0        84935      0.95026     0.084297            0            0            0            0            0            0            0            0            0            0      -0.6145            0  
          0           -1            0    -0.060458    0.0051544    0.0049094   0.00024494   2.3432e-18   -0.0065904     0.000466   -0.0070564  -1.2919e-17   1.0986e-19   -4.496e-21   1.1436e-19       -11.73      -2.8841            0      -9385.7       800.18      -125.78   3.6376e-13      -9384.9      -163.85   1.9801e-13      -9386.8            0            0            0       99.398            0       99.759       -4.873  -2.4967e-11      -2799.1   2.1232e-13     -0.92959   1.7158e-15      0.25422       -10810            0        79825      0.95003     0.056201            0            0            0            0            0            0            0            0            0            0      -0.6145            0  
          0         -0.5            0    -0.030235    0.0049603     0.004899   6.1273e-05    9.568e-19   -0.0030339   0.00047033   -0.0035042  -2.2455e-18  -2.0067e-20    1.124e-20  -3.1307e-20      -6.0954      -1.0599            0      -4693.8       770.05      -31.448   1.4854e-13      -4693.7      -40.965   3.1722e-13      -4694.1            0            0            0       98.443            0       99.759      -9.3168  -4.3396e-12      -1288.5  -3.8781e-14     -0.92945   1.7313e-15      0.25418      -5405.7            0        76819       0.9498     0.028102            0            0            0            0            0            0            0            0            0            0      -0.6145            0  
          0            0            0   3.5624e-17    0.0048916    0.0048916   1.2971e-34  -9.0294e-20   0.00047482   0.00047482    6.567e-18   2.5866e-19   9.2855e-20    8.739e-20   5.4646e-21   7.2828e-15   4.3468e-23            0   5.5304e-12       759.39   2.0136e-29  -1.4017e-14   5.5304e-12            0  -1.4017e-14   5.5304e-12            0            0            0   7.3709e-13            0       99.759            0   4.9987e-13       201.66   1.7945e-13      -1.1188     0.089399      0.34616   9.0259e-12            0        75755            0  -3.9857e-17            0            0            0            0            0            0            0            0            0            0      -0.6145            0  
          0          0.5            0     0.030241    0.0049603     0.004899   6.1326e-05  -1.3778e-18    0.0039361   0.00048088    0.0034552   5.7368e-18   5.5769e-20   4.3555e-20   1.2215e-20       6.0966       1.0602       5.7504       4694.7       770.06      -31.448   -2.139e-13       4694.6      -40.965   2.7184e-14       4694.1            0            0            0       98.443            0       99.759       9.3151   1.1087e-11       1671.7   1.0778e-13     -0.92926   9.9901e-16      0.25413       5405.9            0        76820      0.94935    -0.028102            0            0            0            0            0            0            0            0            0            0      -0.6145            0  
          0            1            0     0.060483     0.005155    0.0049096   0.00024537  -2.1724e-18    0.0073475   0.00048717    0.0068603   6.6179e-18  -4.4045e-19  -2.4447e-20  -4.1601e-19       11.733       2.8855       4.0662       9389.5       800.27      -125.78  -3.3724e-13       9388.7      -163.85  -1.3462e-12       9386.8            0            0            0       99.398            0       99.759       4.8716    1.279e-11       3120.6  -8.5121e-13     -0.92921   1.8841e-15      0.25412        10810            0        79834      0.94914    -0.056201            0            0            0            0            0            0            0            0            0            0      -0.6145            0  
          0          1.5            0      0.09072    0.0054862     0.004934   0.00055214  -2.6041e-18     0.010709   0.00049473     0.010214  -7.2413e-19   3.1658e-19  -3.4563e-20   3.5114e-19       16.536       4.9806       3.3201        14084       851.69      -282.98  -4.0426e-13        14081      -368.61  -3.8579e-13        14077            0            0            0       99.577            0       99.759       3.4607  -1.3994e-12       4548.3   6.1181e-13      -0.9292   1.1715e-15      0.25412        16212            0        84964      0.94893    -0.084297            0            0            0            0            0            0            0            0            0            0      -0.6145            0  
          0            2            0      0.12095    0.0059434    0.0049618   0.00098158  -4.0376e-18     0.014019   0.00050273     0.013516   1.0851e-17   2.2752e-18  -1.3347e-19   2.4087e-18        20.35       7.0771       2.8754        18776       922.67      -502.98   -6.268e-13        18770      -655.19   4.2084e-13        18762            0            0            0       99.639            0       99.759       2.8133    2.097e-11       5954.1    4.397e-12     -0.92922   3.8038e-15      0.25412        21608            0        92044      0.94872     -0.11239            0            0            0            0            0            0            0            0            0            0      -0.6145            0  
          0          2.5            0      0.15116    0.0065288    0.0049953    0.0015335  -6.7716e-18     0.017277   0.00051175     0.016765   5.9386e-18  -6.4759e-19   1.0116e-20  -6.5771e-19       23.152       9.0014       2.5721        23466       1013.5      -785.73  -1.0512e-12        23454      -1023.5  -1.5399e-12        23442            0            0            0       99.666            0       99.759       2.4732   1.1477e-11       7337.7  -1.2515e-12     -0.92928    2.401e-15      0.25414        26998            0   1.0111e+05      0.94852     -0.14047            0            0            0            0            0            0            0            0            0            0      -0.6145            0  
          0            3            0      0.18135    0.0072466    0.0050389    0.0022077  -9.3543e-18     0.020481   0.00052156     0.019959   5.2514e-17  -2.3257e-18   1.3319e-19  -2.4589e-18       25.025       10.657       2.3483        28153         1125      -1131.1  -1.4522e-12        28132      -1473.4  -1.1031e-12        28115            0            0            0       99.679            0       99.759       2.2883   1.0149e-10       8698.6  -4.4947e-12     -0.92936   3.8531e-16      0.25416        32380            0   1.1223e+05      0.94833     -0.16854            0            0            0            0            0            0            0            0            0            0      -0.6145            0  
          0          3.5            0      0.21151    0.0080933    0.0050896    0.0030037  -8.1756e-18     0.023631   0.00053197     0.023099   2.2346e-17   4.7023e-18  -6.3505e-20   4.7658e-18       26.134       12.019       2.1744        32835       1256.4      -1539.1  -1.2692e-12        32802      -2004.8  -1.2052e-12        32779            0            0            0       99.686            0       99.759       2.1913   4.3185e-11        10036   9.0875e-12     -0.92948  -6.4516e-16      0.25419        37753            0   1.2534e+05      0.94814     -0.19659            0            0            0            0            0            0            0            0            0            0      -0.6145            0  
          0            4            0      0.24164    0.0090542    0.0051329    0.0039212  -1.8232e-17     0.026724   0.00054201     0.026182   8.5772e-18   4.1165e-18  -6.8844e-20   4.1854e-18       26.688       13.119       2.0343        37512       1405.6      -2009.5  -2.8303e-12        37464      -2617.6   1.6023e-12        37433            0            0            0       99.689            0       99.759       2.1459   1.6576e-11        11350   7.9555e-12     -0.92963  -4.5144e-16      0.25423        43114            0   1.4022e+05      0.94796     -0.22463            0            0            0            0            0            0            0            0            0            0      -0.6145            0  
          0          4.5            0      0.27173     0.010136    0.0051764    0.0049596   -8.108e-18     0.029761   0.00055219     0.029209   1.6841e-17   2.4353e-18  -9.8349e-21   2.4452e-18       26.808       13.975       1.9184        42184       1573.5      -2542.2  -1.2587e-12        42114      -3311.4  -3.3943e-12        42076            0            0            0       99.689            0       99.759       2.1363   3.2546e-11        12640   4.7065e-12     -0.92982   2.6656e-15      0.25428        48462            0   1.5698e+05      0.94778     -0.25266            0            0            0            0            0            0            0            0            0            0      -0.6145            0  
          0            5            0      0.30178     0.011352    0.0052337    0.0061183  -1.9305e-17     0.032741   0.00056364     0.032177   7.2448e-17  -4.9379e-18   6.9687e-20  -5.0076e-18       26.584       14.604       1.8204        46849       1762.3      -3136.9  -2.9969e-12        46753      -4086.2  -6.5716e-12        46706            0            0            0       99.688            0       99.759       2.1543   1.4001e-10        13906  -9.5429e-12     -0.93004   3.0788e-15      0.25434        53796            0   1.7581e+05       0.9476     -0.28067            0            0            0            0            0            0            0            0            0            0      -0.6145            0  
          0          5.5            0      0.33178     0.012689    0.0052924    0.0073965  -1.0291e-17     0.035662   0.00057538     0.035087    6.853e-18  -5.4724e-19   -1.242e-19  -4.2304e-19       26.147       15.061       1.7361        51506       1969.9      -3793.7  -1.5976e-12        51379      -4941.7   2.7987e-13        51321            0            0            0       99.686            0       99.759       2.1902   1.3244e-11        15146  -1.0576e-12     -0.93029    1.311e-15      0.25441        59113            0   1.9651e+05      0.94744     -0.30865            0            0            0            0            0            0            0            0            0            0      -0.6145            0  
          0            6            0      0.36172     0.014147    0.0053541    0.0087934  -1.5363e-17     0.038524   0.00058711     0.037937   2.2036e-18   6.0976e-18   2.4447e-20   6.0732e-18       25.568       15.378       1.6627        56155       2196.3      -4512.2   -2.385e-12        55990      -5877.6  -4.9086e-12        55922            0            0            0       99.683            0       99.759       2.2398   4.2586e-12        16362   1.1784e-11     -0.93057   1.7202e-15      0.25449        64412            0    2.191e+05      0.94728     -0.33661            0            0            0            0            0            0            0            0            0            0      -0.6145            0  
          0          6.5            0      0.39161     0.015719    0.0054103     0.010308  -3.3413e-17     0.041325    0.0005987     0.040726   9.3803e-18   8.3331e-18  -8.0927e-20    8.414e-18       24.914       15.591        1.598        60795       2440.2      -5292.2  -5.1872e-12        60585      -6893.6  -9.0059e-12        60505            0            0            0       99.679            0       99.759       2.2985   1.8128e-11        17551   1.6104e-11     -0.93089   2.4461e-15      0.25458        69693            0   2.4343e+05      0.94712     -0.36454            0            0            0            0            0            0            0            0            0            0      -0.6145            0  
          0            7            0      0.42143     0.017397    0.0054568      0.01194  -1.1536e-17     0.044064   0.00061024     0.043454   1.0139e-16  -7.9578e-18  -9.0481e-20  -7.8674e-18       24.225       15.726       1.5404        65424       2700.7      -6133.4  -1.7909e-12        65162      -7989.5  -6.1233e-12        65069            0            0            0       99.674            0       99.759       2.3638   1.9595e-10        18715  -1.5379e-11     -0.93124   1.5469e-15      0.25467        74952            0   2.6942e+05      0.94697     -0.39245            0            0            0            0            0            0            0            0            0            0      -0.6145            0  
          0          7.5            0      0.45118     0.019203    0.0055153     0.013687  -1.1115e-17     0.046742   0.00062248      0.04612   6.8898e-17   1.0016e-17  -1.4612e-20   1.0031e-17       23.496       15.782       1.4888        70043         2981      -7035.8  -1.7255e-12        69721      -9164.9  -7.7545e-12        69614            0            0            0       99.669            0       99.759       2.4371   1.3315e-10        19852   1.9358e-11     -0.93162   4.6812e-16      0.25478        80188            0   2.9739e+05      0.94682     -0.42033            0            0            0            0            0            0            0            0            0            0      -0.6145            0  
          0            8            0      0.48086      0.02113    0.0055812     0.015549  -1.0224e-17     0.049357    0.0006352     0.048722   4.3059e-17   1.3729e-17  -1.4556e-19   1.3875e-17       22.757        15.78       1.4421        74650       3280.3      -7998.8  -1.5873e-12        74259       -10419  -1.0973e-11        74138            0            0            0       99.663            0       99.759       2.5161   8.3215e-11        20963   2.6533e-11     -0.93203   1.1092e-15      0.25489        85400            0   3.2724e+05      0.94669     -0.44818            0            0            0            0            0            0            0            0            0            0      -0.6145            0  
          0          8.5            0      0.51045     0.023168    0.0056434     0.017524  -2.1742e-17     0.051908    0.0006474     0.051261   2.3233e-17    2.776e-18  -1.9557e-19   2.9715e-18       22.033       15.742       1.3997        79244       3596.6      -9022.3  -3.3753e-12        78776       -11753   -1.786e-11        78639            0            0            0       99.656            0       99.759       2.5987   4.4899e-11        22046   5.3648e-12     -0.93248   1.5223e-15      0.25501        90587            0   3.5879e+05      0.94656     -0.47599            0            0            0            0            0            0            0            0            0            0      -0.6145            0  
          0            9            0      0.53996     0.025319    0.0057071     0.019612  -1.6151e-17     0.054395   0.00065983     0.053735    1.875e-16   1.0256e-17  -2.1693e-19   1.0473e-17       21.327       15.671       1.3609        83825       3930.5       -10106  -2.5073e-12        83269       -13164  -1.5755e-11        83116            0            0            0       99.649            0       99.759       2.6846   3.6236e-10        23102   1.9821e-11     -0.93296   4.6603e-16      0.25514        95746            0   3.9211e+05      0.94643     -0.50376            0            0            0            0            0            0            0            0            0            0      -0.6145            0  
          0          9.5            0      0.56938     0.027586    0.0057766     0.021809  -4.5485e-17     0.056817   0.00067371     0.056144   5.8642e-17   1.8835e-18  -2.1412e-19   2.0976e-18        20.64       15.574       1.3253        88392       4282.5       -11250  -7.0611e-12        87738       -14654  -2.7101e-11        87567            0            0            0       99.642            0       99.759       2.7738   1.1333e-10        24131   3.6401e-12     -0.93347   6.7635e-16      0.25528   1.0088e+05            0   4.2722e+05      0.94632      -0.5315            0            0            0            0            0            0            0            0            0            0      -0.6145            0  
          0           10            0       0.5987     0.029964    0.0058477     0.024116  -4.1169e-17     0.059174   0.00068806     0.058486   6.0695e-20   5.8785e-18  -1.7506e-19   6.0535e-18       19.981        15.46       1.2924        92943       4651.7       -12452  -6.3912e-12        92181       -16221   2.7592e-12        91992            0            0            0       99.634            0       99.759       2.8652    1.173e-13        25132   1.1361e-11     -0.93402   1.2181e-15      0.25543   1.0597e+05            0   4.6404e+05      0.94621     -0.55919            0            0            0            0            0            0            0            0            0            0      -0.6145            0  
          0         10.5            0      0.62792     0.032451    0.0059205      0.02653   -3.049e-17     0.061463   0.00070135     0.060762    5.379e-17   3.8174e-18  -2.1665e-19    4.034e-18        19.35       15.333        1.262        97479       5037.7       -13715  -4.7333e-12        96598       -17865   2.1989e-12        96389            0            0            0       99.626            0       99.759       2.9584   1.0395e-10        26104   7.3773e-12      -0.9346   1.8541e-15      0.25559   1.1104e+05            0   5.0256e+05      0.94611     -0.58685            0            0            0            0            0            0            0            0            0            0      -0.6145            0  
          0           11            0      0.65703     0.035053    0.0060028      0.02905  -2.1694e-17     0.063686    0.0007154      0.06297   1.5373e-17   1.5222e-17  -6.3224e-20   1.5285e-17       18.744       15.193       1.2337     1.02e+05       5441.7       -15035  -3.3679e-12   1.0099e+05       -19585   4.8655e-12   1.0076e+05            0            0            0       99.617            0       99.759       3.0539   2.9709e-11        27048   2.9418e-11     -0.93521   2.8702e-15      0.25576   1.1608e+05            0   5.4286e+05      0.94602     -0.61446            0            0            0            0            0            0            0            0            0            0      -0.6145            0  
          0         11.5            0      0.68603     0.037768    0.0060939     0.031674   -1.381e-17     0.065842   0.00073222      0.06511   1.7237e-16   4.5201e-18  -3.7766e-19   4.8978e-18       18.164       15.045       1.2073    1.065e+05       5863.2       -16414   -2.144e-12   1.0534e+05       -21382  -1.1842e-11   1.0509e+05            0            0            0       99.608            0       99.759       3.1511   3.3312e-10        27964   8.7355e-12     -0.93585   3.4799e-15      0.25593   1.2107e+05            0   5.8491e+05      0.94593     -0.64202            0            0            0            0            0            0            0            0            0            0      -0.6145            0  
          0           12            0      0.71491     0.040579    0.0061793       0.0344  -2.8417e-17     0.067931   0.00074944     0.067181    2.127e-17   8.2346e-18  -2.0934e-19    8.444e-18       17.618       14.896       1.1827   1.1099e+05       6299.6       -17851  -4.4115e-12   1.0967e+05       -23253   1.1443e-11    1.094e+05            0            0            0       99.598            0       99.759       3.2487   4.1107e-11        28851   1.5914e-11     -0.93652   2.6468e-15      0.25612   1.2604e+05            0   6.2845e+05      0.94586     -0.66953            0            0            0            0            0            0            0            0            0            0      -0.6145            0  
          0         12.5            0      0.74368     0.043491    0.0062651     0.037226  -1.7011e-17     0.069949   0.00076642     0.069183   1.1169e-16   1.5169e-17  -2.3238e-19   1.5401e-17       17.099       14.746       1.1596   1.1545e+05       6751.7       -19346  -2.6409e-12   1.1396e+05       -25200  -9.0972e-12   1.1367e+05            0            0            0       99.589            0       99.759       3.3469   2.1585e-10        29709   2.9314e-11     -0.93723    2.364e-15      0.25631   1.3096e+05            0   6.7354e+05       0.9458     -0.69699            0            0            0            0            0            0            0            0            0            0      -0.6145            0  
          0           13            0      0.77231     0.046518    0.0063675     0.040151   -5.349e-17     0.071899   0.00078435     0.071114   1.2168e-16   1.9197e-17  -2.3941e-19   1.9437e-17       16.602        14.59       1.1379    1.199e+05       7221.6       -20897  -8.3039e-12   1.1822e+05       -27221  -1.1397e-11   1.1791e+05            0            0            0       99.578            0       99.759       3.4469   2.3515e-10        30537     3.71e-11     -0.93797   2.2155e-15      0.25651   1.3584e+05            0   7.2042e+05      0.94574      -0.7244            0            0            0            0            0            0            0            0            0            0      -0.6145            0  
          0         13.5            0      0.80082     0.049655    0.0064844     0.043171  -2.4645e-17     0.073778   0.00080321     0.072975   2.1895e-16   5.0794e-17  -3.8159e-19   5.1175e-17       16.127       14.432       1.1175   1.2432e+05       7708.6       -22505  -3.8259e-12   1.2245e+05       -29316  -2.0176e-11   1.2211e+05            0            0            0       99.568            0       99.759       3.5481   4.2313e-10        31335   9.8163e-11     -0.93874  -6.7902e-16      0.25672   1.4069e+05            0     7.69e+05       0.9457     -0.75176            0            0            0            0            0            0            0            0            0            0      -0.6145            0  
          0           14            0      0.82919     0.052909    0.0066241     0.046285  -5.3868e-17      0.07559   0.00082482     0.074765   2.0223e-16   7.0891e-17  -5.3642e-19   7.1427e-17       15.672       14.271       1.0982   1.2873e+05       8213.8       -24169  -8.3626e-12   1.2664e+05       -31483  -3.9338e-11   1.2627e+05            0            0            0       99.556            0       99.759        3.651   3.9082e-10        32104     1.37e-10     -0.93954    2.286e-15      0.25694   1.4549e+05            0    8.194e+05      0.94567     -0.77905            0            0            0            0            0            0            0            0            0            0      -0.6145            0  
          0         14.5            0      0.85741     0.056257    0.0067653     0.049491  -2.2583e-17      0.07733   0.00084771     0.076482   8.1377e-18   4.0207e-17    -2.04e-19   4.0411e-17       15.241       14.113         1.08   1.3311e+05       8733.4       -25889  -3.5058e-12   1.3079e+05       -33723  -1.7858e-11    1.304e+05            0            0            0       99.545            0       99.759       3.7539   1.5727e-11        32843   7.7703e-11     -0.94038   4.1224e-16      0.25717   1.5024e+05            0   8.7124e+05      0.94565     -0.80629            0            0            0            0            0            0            0            0            0            0      -0.6145            0  
          0           15            0       0.8855     0.059694    0.0069069     0.052787   1.6705e-17        0.079   0.00087198     0.078128   1.8334e-16   1.8923e-17  -7.6768e-19   1.9691e-17       14.834       13.959       1.0627   1.3747e+05         9267       -27664   2.5933e-12    1.349e+05       -36035  -1.9983e-11   1.3448e+05            0            0            0       99.533            0       99.759       3.8566   3.5433e-10        33553    3.657e-11     -0.94124   1.2106e-15      0.25741   1.5495e+05            0   9.2447e+05      0.94565     -0.83347            0            0            0            0            0            0            0            0            0            0      -0.6145            0  
          0         15.5            0      0.91343     0.063222     0.007053     0.056169  -3.5269e-17     0.080598   0.00089753       0.0797   2.0261e-16   8.4019e-17  -5.8138e-19     8.46e-17       14.448       13.808       1.0463    1.418e+05       9814.8       -29493  -5.4753e-12   1.3898e+05       -38417   -6.325e-12   1.3853e+05            0            0            0       99.521            0       99.759       3.9594   3.9157e-10        34231   1.6237e-10     -0.94214    1.986e-15      0.25765   1.5962e+05            0   9.7911e+05      0.94565     -0.86058            0            0            0            0            0            0            0            0            0            0      -0.6145            0  
          0           16            0      0.94121     0.066836    0.0071997     0.059636  -4.2753e-17     0.082123   0.00092315       0.0812    1.936e-16   4.7075e-17  -4.5072e-19   4.7526e-17       14.082       13.662       1.0308   1.4612e+05        10376       -31376  -6.6372e-12   1.4301e+05       -40870  -3.5471e-11   1.4253e+05            0            0            0       99.508            0       99.759       4.0618   3.7414e-10        34879   9.0976e-11     -0.94307   1.4593e-15      0.25791   1.6423e+05            0   1.0351e+06      0.94567     -0.88763            0            0            0            0            0            0            0            0            0            0      -0.6145            0  
          0         16.5            0      0.96883     0.070539    0.0073533     0.063186  -3.6264e-17     0.083575   0.00094928     0.082625  -1.8532e-17   6.0262e-17  -7.5279e-19   6.1015e-17       13.735       13.519        1.016    1.504e+05        10951       -33312  -5.6298e-12     1.47e+05       -43392  -9.4447e-12   1.4649e+05            0            0            0       99.495            0       99.759       4.1643  -3.5815e-11        35496   1.1646e-10     -0.94403   1.2678e-15      0.25817    1.688e+05            0   1.0924e+06      0.94571     -0.91461            0            0            0            0            0            0            0            0            0            0      -0.6145            0  
          0           17            0      0.99629     0.074324    0.0075098     0.066814  -7.8598e-17     0.084952   0.00097549     0.083977    2.014e-16  -1.1496e-17  -4.6842e-19  -1.1028e-17       13.405        13.38       1.0019   1.5467e+05        11538       -35301  -1.2202e-11   1.5094e+05       -45983  -2.6215e-11    1.504e+05            0            0            0       99.482            0       99.759       4.2664   3.8921e-10        36081  -2.2218e-11     -0.94502   2.4043e-15      0.25844   1.7331e+05            0    1.151e+06      0.94576     -0.94152            0            0            0            0            0            0            0            0            0            0      -0.6145            0  
          0         17.5            0       1.0236     0.078191    0.0076712      0.07052  -1.0094e-16     0.086255    0.0010017     0.085253   9.1724e-17  -3.2065e-17  -4.9793e-19  -3.1567e-17       13.091       13.244      0.98842    1.589e+05        12139       -37342  -1.5671e-11   1.5484e+05       -48642  -2.5595e-11   1.5427e+05            0            0            0       99.469            0       99.759       4.3683   1.7726e-10        36634  -6.1968e-11     -0.94605   2.1619e-15      0.25872   1.7777e+05            0   1.2109e+06      0.94583     -0.96835            0            0            0            0            0            0            0            0            0            0      -0.6145            0  
          0           18            0       1.0507     0.082134    0.0078348     0.074299  -9.9826e-17     0.087483    0.0010282     0.086455  -1.3741e-16  -3.3112e-17  -8.7025e-19  -3.2242e-17       12.792       13.113      0.97558   1.6311e+05        12751       -39435  -1.5497e-11   1.5869e+05       -51368  -3.8086e-11    1.581e+05            0            0            0       99.455            0       99.759       4.4698  -2.6555e-10        37156  -6.3991e-11      -0.9471   2.2046e-15      0.25901   1.8218e+05            0    1.272e+06      0.94591     -0.99512            0            0            0            0            0            0            0            0            0            0      -0.6145            0  
          0         18.5            0       1.0776     0.086155    0.0080049      0.07815  -2.5786e-16     0.088637    0.0010551     0.087582   2.0721e-16   1.2177e-16   -6.935e-19   1.2246e-16       12.508       12.985       0.9633    1.673e+05        13375       -41578  -4.0031e-11    1.625e+05       -54161  -4.0421e-11   1.6187e+05            0            0            0       99.442            0       99.759        4.571   4.0044e-10        37645   2.3533e-10     -0.94819   3.6126e-15      0.25931   1.8653e+05            0   1.3343e+06      0.94601      -1.0218            0            0            0            0            0            0            0            0            0            0      -0.6145            0  
          0           19            0       1.1044     0.090248    0.0081784      0.08207  -1.0005e-16     0.089715    0.0010826     0.088632   3.3454e-17    5.695e-18  -8.9385e-19   6.5888e-18       12.237        12.86      0.95156   1.7145e+05        14010       -43772  -1.5532e-11   1.6626e+05       -57018  -2.6032e-11   1.6559e+05            0            0            0       99.427            0       99.759       4.6716   6.4653e-11        38103   1.1006e-11     -0.94931   7.5379e-16      0.25961   1.9083e+05            0   1.3977e+06      0.94613      -1.0484            0            0            0            0            0            0            0            0            0            0      -0.6145            0  
          0         19.5            0        1.131     0.094418    0.0083631     0.086055  -1.3696e-16     0.090718    0.0011111     0.089607   1.4867e-16   6.7388e-17  -1.0785e-18   6.8467e-17       11.978       12.739      0.94031   1.7558e+05        14658       -46016  -2.1261e-11   1.6997e+05       -59941  -9.3813e-11   1.6927e+05            0            0            0       99.413            0       99.759       4.7722   2.8733e-10        38529   1.3023e-10     -0.95045   2.7985e-16      0.25993   1.9506e+05            0   1.4622e+06      0.94627      -1.0749            0            0            0            0            0            0            0            0            0            0      -0.6145            0  
          0           20            0       1.1574     0.098655    0.0085521     0.090103  -1.5729e-16     0.091645    0.0011403     0.090505   2.7921e-16   4.4395e-17  -9.9698e-19   4.5392e-17       11.732       12.621      0.92953   1.7967e+05        15315       -48308  -2.4418e-11   1.7362e+05       -62926   4.0933e-11   1.7289e+05            0            0            0       99.398            0       99.759       4.8721    5.396e-10        38923   8.5798e-11     -0.95163   2.7851e-15      0.26025   1.9924e+05            0   1.5279e+06      0.94643      -1.1014            0            0            0            0            0            0            0            0            0            0      -0.6145            0  
