A320-200: HTP_vble_case8
T1-99.8 m/s-VLM2-xm0.385m-case8
Freestream speed = 99.759 m/s


 Ctrl        Alpha        Beta         CL           CD           CD_viscous   CD_induced   CY           Cm           Cm_viscous   Cm_pressure  Cl           Cn           Cn_viscous   Cn_pressure  CL/CD        CL^(3/2)/CD  1/sqrt(CL)   Lift_(N)     Drag_(N)     Fx_FF_(N)    Fy_FF_(N)    Fz_FF_(N)    Fx_sum_(N)   Fy_sum_(N)   Fz_sum_(N)   Extra_drag_(N)  Fuse_drag_(N)  Cf_Fuse      Vx_(m/s)     Vz_(m/s)     V_(m/s)      Gamma        L_(N.m)      M_(N.m)      N_(N.m)      CPx_(m)      CPy_(m)      CPz_(m)      BM_(N.m)     m.g.Vz_(W)   Drag_x_V_(W)  Efficiency   XCp.Cl       XNP_(m)      Phugoid_Freq._(Hz)  Phugoid_Damping  Short_Period_Freq._(Hz)  Short_Period_Damping_Ratio  Dutch_Roll_Freq._(Hz)  Dutch_Roll_Damping  Roll_Damping  Spiral_Damping  Mass_(kg)    CoG_x_(m)    CoG_z_(m)    
          0          -20            0       -1.051     0.098053    0.0072477     0.090806   3.4545e-17     -0.13893    0.0002692      -0.1392   1.9105e-17    -2.94e-17  -3.8485e-19  -2.9015e-17      -10.719      -10.989            0  -1.6316e+05        15222       -42557   5.3629e-12  -1.5814e+05       -57880  -8.3095e-12  -1.5902e+05            0            0            0       99.327            0       99.759        -5.33   3.3024e-11       -65971  -5.0819e-11     -0.74413   5.0569e-16      0.23713  -1.6485e+05            0   1.5185e+06      0.96801      0.78208            0            0            0            0            0            0            0            0            0            0       -0.385            0  
          0        -19.5            0      -1.0274     0.093964    0.0071451     0.086819   2.4811e-16     -0.13527   0.00027363     -0.13555  -1.1088e-16   6.3326e-17   1.3698e-19   6.3189e-17      -10.934      -11.083            0   -1.595e+05        14587       -40538   3.8517e-11  -1.5485e+05       -55134  -1.8488e-11  -1.5569e+05            0            0            0       99.344            0       99.759      -5.2254  -1.9166e-10       -64233   1.0946e-10     -0.74292   1.3162e-15      0.23674  -1.6139e+05            0   1.4552e+06      0.96757       0.7633            0            0            0            0            0            0            0            0            0            0       -0.385            0  
          0          -19            0      -1.0037      0.08993    0.0070444     0.082886   1.3265e-16     -0.13161   0.00027793     -0.13189  -3.3929e-17  -3.9619e-17  -5.4602e-19  -3.9073e-17      -11.161      -11.181            0  -1.5581e+05        13961       -38561   2.0593e-11  -1.5151e+05       -52446  -3.1622e-11  -1.5231e+05            0            0            0       99.361            0       99.759      -5.1201  -5.8647e-11       -62493  -6.8483e-11     -0.74174   3.7536e-16      0.23637  -1.5789e+05            0   1.3927e+06      0.96715      0.74446            0            0            0            0            0            0            0            0            0            0       -0.385            0  
          0        -18.5            0     -0.97973     0.085956    0.0069458      0.07901   9.0962e-17     -0.12794   0.00028213     -0.12822  -1.3035e-16   -7.062e-17  -1.4106e-19  -7.0479e-17      -11.398      -11.282            0   -1.521e+05        13344       -36629   1.4121e-11  -1.4813e+05       -49817  -1.2626e-11  -1.4889e+05            0            0            0       99.377            0       99.759       -5.014  -2.2531e-10       -60752  -1.2207e-10     -0.74058    1.946e-15        0.236  -1.5433e+05            0   1.3312e+06      0.96676      0.72557            0            0            0            0            0            0            0            0            0            0       -0.385            0  
          0          -18            0      -0.9556     0.082042    0.0068467     0.075196   1.7128e-16     -0.12427   0.00028601     -0.12455   1.8844e-17   3.4955e-17  -1.1813e-19   3.5073e-17      -11.648      -11.386            0  -1.4835e+05        12736       -34740    2.659e-11   -1.447e+05       -47249  -8.8063e-12  -1.4542e+05            0            0            0       99.393            0       99.759      -4.9071   3.2572e-11       -59009   6.0421e-11     -0.73945   1.5164e-15      0.23564  -1.5073e+05            0   1.2706e+06      0.96638      0.70661            0            0            0            0            0            0            0            0            0            0       -0.385            0  
          0        -17.5            0     -0.93129     0.078194    0.0067498     0.071445   1.3102e-16      -0.1206   0.00028969     -0.12089  -1.0126e-16  -1.9332e-17  -8.1369e-20  -1.9251e-17       -11.91      -11.493            0  -1.4458e+05        12139       -32897   2.0339e-11  -1.4122e+05       -44741  -1.7669e-11   -1.419e+05            0            0            0       99.409            0       99.759      -4.7995  -1.7504e-10       -57265  -3.3417e-11     -0.73834  -2.3375e-15      0.23529  -1.4709e+05            0    1.211e+06      0.96602      0.68761            0            0            0            0            0            0            0            0            0            0       -0.385            0  
          0          -17            0      -0.9068     0.074414    0.0066532     0.067761   1.7337e-16     -0.11693   0.00029294     -0.11722  -1.2999e-16  -1.1235e-18  -2.4568e-19  -8.7778e-19      -12.186      -11.604            0  -1.4077e+05        11552       -31098   2.6915e-11   -1.377e+05       -42296  -5.5325e-12  -1.3834e+05            0            0            0       99.425            0       99.759      -4.6913  -2.2469e-10       -55522  -1.9419e-12     -0.73727   6.7886e-16      0.23494  -1.4339e+05            0   1.1524e+06      0.96568      0.66855            0            0            0            0            0            0            0            0            0            0       -0.385            0  
          0        -16.5            0     -0.88213       0.0707    0.0065538     0.064146   2.1872e-16     -0.11325    0.0002956     -0.11355  -3.8376e-17   -1.477e-17   8.2311e-20  -1.4852e-17      -12.477      -11.719            0  -1.3694e+05        10976       -29346   3.3955e-11  -1.3413e+05       -39912  -1.5017e-11  -1.3474e+05            0            0            0        99.44            0       99.759      -4.5823  -6.6335e-11       -53778  -2.5531e-11     -0.73622   1.5617e-15      0.23461  -1.3966e+05            0   1.0949e+06      0.96535      0.64944            0            0            0            0            0            0            0            0            0            0       -0.385            0  
          0          -16            0      -0.8573     0.067058    0.0064526     0.060605   1.3514e-16     -0.10959   0.00029771     -0.10988  -5.1093e-17  -2.5551e-17  -2.8275e-21  -2.5549e-17      -12.784      -11.837            0  -1.3309e+05        10410       -27640   2.0979e-11  -1.3053e+05       -37593   1.9619e-12   -1.311e+05            0            0            0       99.455            0       99.759      -4.4726  -8.8317e-11       -52036  -4.4167e-11      -0.7352   1.8564e-15      0.23428  -1.3588e+05            0   1.0385e+06      0.96504      0.63029            0            0            0            0            0            0            0            0            0            0       -0.385            0  
          0        -15.5            0      -0.8323     0.063498    0.0063576      0.05714   1.3104e-16     -0.10592   0.00029974     -0.10622  -2.5504e-17   1.3722e-17  -4.8067e-20    1.377e-17      -13.108      -11.958            0  -1.2921e+05       9857.5       -25982   2.0343e-11  -1.2688e+05       -35336  -9.6505e-12  -1.2742e+05            0            0            0        99.47            0       99.759      -4.3627  -4.4085e-11       -50296   2.3719e-11     -0.73421   1.6327e-16      0.23397  -1.3206e+05            0   9.8338e+05      0.96475      0.61108            0            0            0            0            0            0            0            0            0            0       -0.385            0  
          0          -15            0     -0.80714     0.060031     0.006277     0.053754    1.212e-16     -0.10226   0.00030243     -0.10256  -5.3481e-17  -1.1758e-17  -1.1027e-19  -1.1648e-17      -13.446       -12.08            0   -1.253e+05       9319.3       -24370   1.8815e-11  -1.2319e+05       -33145  -6.6655e-12   -1.237e+05            0            0            0       99.484            0       99.759      -4.2535  -9.2444e-11       -48557  -2.0324e-11     -0.73324   5.9371e-16      0.23366   -1.282e+05            0   9.2968e+05      0.96446      0.59183            0            0            0            0            0            0            0            0            0            0       -0.385            0  
          0        -14.5            0     -0.78183      0.05665    0.0062014     0.050449   9.6148e-17      -0.0986   0.00030535    -0.098905  -2.0735e-16   1.8655e-17  -3.6789e-19   1.9023e-17      -13.801      -12.203            0  -1.2137e+05       8794.5       -22807   1.4926e-11  -1.1947e+05       -31019  -1.0046e-11  -1.1994e+05            0            0            0       99.498            0       99.759      -4.1443  -3.5841e-10       -46820   3.2246e-11      -0.7323   1.9135e-15      0.23336  -1.2431e+05            0   8.7733e+05      0.96419      0.57253            0            0            0            0            0            0            0            0            0            0       -0.385            0  
          0          -14            0     -0.75636     0.053366    0.0061377     0.047228   9.1436e-17    -0.094948   0.00030889    -0.095257  -7.9988e-17   1.9227e-18  -2.3877e-20   1.9466e-18      -14.173      -12.326            0  -1.1742e+05       8284.6       -21292   1.4195e-11   -1.157e+05       -28958      1.9e-12  -1.1615e+05            0            0            0       99.511            0       99.759      -4.0359  -1.3826e-10       -45086   3.3235e-12     -0.73139   1.3832e-15      0.23307  -1.2037e+05            0   8.2646e+05      0.96393      0.55319            0            0            0            0            0            0            0            0            0            0       -0.385            0  
          0        -13.5            0     -0.73074      0.05017    0.0060754     0.044094   8.4597e-17    -0.091303   0.00031236    -0.091615   2.1089e-17   8.3065e-19    1.087e-19   7.2195e-19      -14.565      -12.451            0  -1.1344e+05       7788.4       -19826   1.3133e-11   -1.119e+05       -26965  -1.8114e-12  -1.1232e+05            0            0            0       99.525            0       99.759      -3.9275   3.6454e-11       -43355   1.4358e-12     -0.73051    5.823e-16      0.23279   -1.164e+05            0   7.7697e+05      0.96367      0.53381            0            0            0            0            0            0            0            0            0            0       -0.385            0  
          0          -13            0     -0.70497     0.047059    0.0060095      0.04105   8.7863e-17    -0.087667    0.0003154    -0.087982   9.0125e-17  -2.8411e-17  -1.4923e-19  -2.8262e-17       -14.98      -12.578            0  -1.0944e+05       7305.6       -18410    1.364e-11  -1.0807e+05       -25038  -1.5798e-12  -1.0845e+05            0            0            0       99.537            0       99.759       -3.819   1.5579e-10       -41628   -4.911e-11     -0.72965   2.3996e-16      0.23252  -1.1239e+05            0    7.288e+05      0.96343      0.51439            0            0            0            0            0            0            0            0            0            0       -0.385            0  
          0        -12.5            0     -0.67907     0.044039    0.0059416     0.038098   6.7111e-17    -0.084041   0.00031794    -0.084359  -1.6063e-17   5.8777e-18  -8.7024e-20   5.9647e-18       -15.42      -12.707            0  -1.0542e+05       6836.8       -17043   1.0418e-11   -1.042e+05       -23179  -5.5129e-12  -1.0455e+05            0            0            0        99.55            0       99.759      -3.7106  -2.7765e-11       -39907    1.016e-11     -0.72883  -6.7748e-16      0.23225  -1.0835e+05            0   6.8203e+05       0.9632      0.49492            0            0            0            0            0            0            0            0            0            0       -0.385            0  
          0          -12            0     -0.65303     0.041116    0.0058763      0.03524   4.6886e-17    -0.080426   0.00032027    -0.080746  -2.4227e-17  -3.4266e-17   -9.959e-20  -3.4166e-17      -15.882      -12.834            0  -1.0138e+05         6383       -15726   7.2786e-12   -1.003e+05       -21389  -2.3678e-12  -1.0063e+05            0            0            0       99.562            0       99.759      -3.6028  -4.1878e-11       -38190   -5.923e-11     -0.72803   1.7229e-15        0.232  -1.0428e+05            0   6.3676e+05      0.96297      0.47542            0            0            0            0            0            0            0            0            0            0       -0.385            0  
          0        -11.5            0     -0.62685     0.038295     0.005815      0.03248   5.3826e-17    -0.076822   0.00032283    -0.077145   4.8848e-17   3.8137e-18  -9.5192e-20   3.9088e-18      -16.369       -12.96            0       -97314       5944.9       -14460    8.356e-12       -96366       -19667  -6.1003e-12       -96666            0            0            0       99.573            0       99.759      -3.4959   8.4436e-11       -36479   6.5921e-12     -0.72726  -2.9285e-15      0.23175  -1.0017e+05            0   5.9306e+05      0.96275      0.45589            0            0            0            0            0            0            0            0            0            0       -0.385            0  
          0          -11            0     -0.60055     0.035576    0.0057574     0.029818   1.0725e-16    -0.073231   0.00032563    -0.073556  -1.3478e-16  -2.0449e-17  -8.9223e-20  -2.0359e-17      -16.881      -13.082            0       -93232       5522.8       -13245    1.665e-11       -92402       -18015  -2.9197e-12       -92677            0            0            0       99.584            0       99.759      -3.3901  -2.3297e-10       -34773  -3.5346e-11     -0.72652    1.195e-15      0.23152       -96037            0   5.5095e+05      0.96253      0.43631            0            0            0            0            0            0            0            0            0            0       -0.385            0  
          0        -10.5            0     -0.57413     0.032962     0.005704     0.027258   5.2268e-17    -0.069653   0.00032854    -0.069982  -4.3688e-17   3.5727e-18  -1.3352e-19   3.7062e-18      -17.418      -13.198            0       -89130       5117.1       -12082   8.1142e-12       -88409       -16432  -9.5634e-13       -88659            0            0            0       99.595            0       99.759      -3.2859  -7.5517e-11       -33075   6.1756e-12     -0.72581   1.5754e-15      0.23129       -91873            0   5.1048e+05      0.96232      0.41671            0            0            0            0            0            0            0            0            0            0       -0.385            0  
          0          -10            0      -0.5476     0.030453    0.0056506     0.024802   4.9355e-17    -0.066091    0.0003312    -0.066422   3.7951e-19  -3.7951e-19  -5.3408e-21  -3.7417e-19      -17.982      -13.307            0       -85010       4727.5       -10970    7.662e-12       -84387       -14920  -4.3879e-12       -84615            0            0            0       99.605            0       99.759       -3.183     6.56e-13       -31383    -6.56e-13     -0.72512   5.7917e-16      0.23107       -87680            0   4.7161e+05      0.96211      0.39707            0            0            0            0            0            0            0            0            0            0       -0.385            0  
          0         -9.5            0     -0.52095      0.02805    0.0055984     0.022451   4.5965e-17    -0.062545   0.00033376    -0.062879   5.0639e-17  -7.2633e-18  -1.4609e-19  -7.1173e-18      -18.572      -13.405            0       -80873       4354.5      -9910.3   7.1357e-12       -80339       -13479   -1.732e-12       -80545            0            0            0       99.615            0       99.759       -3.082   8.7532e-11       -29699  -1.2555e-11     -0.72446    4.655e-16      0.23086       -83461            0    4.344e+05      0.96191      0.37741            0            0            0            0            0            0            0            0            0            0       -0.385            0  
          0           -9            0     -0.49419     0.025756    0.0055472     0.020208    6.067e-17    -0.059016    0.0003363    -0.059353   3.7949e-17    3.994e-18  -8.1683e-21   4.0022e-18      -19.188      -13.489            0       -76719       3998.4      -8902.9   9.4185e-12       -76265       -12108   5.0009e-15       -76450            0            0            0       99.624            0       99.759      -2.9834   6.5597e-11       -28024   6.9038e-12     -0.72384   5.1504e-16      0.23066       -79216            0   3.9887e+05      0.96171      0.35771            0            0            0            0            0            0            0            0            0            0       -0.385            0  
          0         -8.5            0     -0.46733      0.02357    0.0054953     0.018075   3.8744e-17    -0.055506    0.0003387    -0.055844  -3.8533e-17   -8.891e-18  -2.0735e-20  -8.8703e-18      -19.827      -13.554            0       -72549       3659.1      -7948.3   6.0148e-12       -72167       -10810  -1.5747e-13       -72332            0            0            0       99.632            0       99.759      -2.8873  -6.6606e-11       -26357  -1.5369e-11     -0.72324   4.9707e-16      0.23047       -74948            0   3.6503e+05      0.96151      0.33799            0            0            0            0            0            0            0            0            0            0       -0.385            0  
          0           -8            0     -0.44037     0.021499    0.0054457     0.016053   4.2698e-17    -0.052014    0.0003411    -0.052356  -9.8233e-18  -5.0392e-18  -2.9217e-20    -5.01e-18      -20.484      -13.593            0       -68364       3337.5      -7046.6   6.6286e-12       -68046      -9583.8  -9.6688e-13       -68192            0            0            0        99.64            0       99.759      -2.7949   -1.698e-11       -24699  -8.7105e-12     -0.72267   1.9167e-15      0.23029       -70657            0   3.3295e+05      0.96132      0.31824            0            0            0            0            0            0            0            0            0            0       -0.385            0  
          0         -7.5            0     -0.41332     0.019551    0.0054068     0.014144   3.8296e-17    -0.048543   0.00034405    -0.048887   2.1062e-17    6.477e-18  -1.4766e-20   6.4918e-18       -21.14      -13.591            0       -64165       3035.2      -6198.2   5.9452e-12       -63903      -8429.9   -6.332e-13       -64031            0            0            0       99.647            0       99.759      -2.7082   3.6407e-11       -23050   1.1196e-11     -0.72212   9.9729e-16      0.23012       -66344            0   3.0279e+05      0.96112      0.29847            0            0            0            0            0            0            0            0            0            0       -0.385            0  
          0           -7            0     -0.38618     0.017717    0.0053665      0.01235    2.749e-17    -0.045093   0.00034677     -0.04544   3.6298e-17   3.3608e-19   4.9638e-20   2.8644e-19      -21.797      -13.546            0       -59952       2750.4      -5403.3   4.2677e-12       -59739      -7348.8  -3.5664e-13       -59851            0            0            0       99.654            0       99.759      -2.6267   6.2743e-11       -21412   5.8093e-13     -0.72161   1.4058e-15      0.22995       -62012            0   2.7438e+05      0.96093      0.27867            0            0            0            0            0            0            0            0            0            0       -0.385            0  
          0         -6.5            0     -0.35896     0.015988    0.0053153     0.010673   2.8825e-17    -0.041666   0.00034868    -0.042015  -3.8253e-17   3.0452e-18  -2.0421e-20   3.0656e-18      -22.452      -13.452            0       -55726       2482.1      -4662.1   4.4748e-12       -55556      -6340.8  -5.1949e-13       -55652            0            0            0        99.66            0       99.759      -2.5503  -6.6122e-11       -19785   5.2638e-12     -0.72112   1.1388e-15       0.2298       -57660            0   2.4761e+05      0.96074      0.25886            0            0            0            0            0            0            0            0            0            0       -0.385            0  
          0           -6            0     -0.33167     0.014376    0.0052628    0.0091132   2.2474e-17    -0.038263    0.0003504    -0.038614  -1.9478e-20   8.4267e-19   9.0794e-20   7.5188e-19      -23.071      -13.287            0       -51489       2231.8        -3975   3.4889e-12       -51354      -5406.2   2.8346e-13       -51437            0            0            0       99.665            0       99.759      -2.4819  -3.3669e-14       -18169   1.4566e-12     -0.72067    4.114e-15      0.22965       -53292            0   2.2264e+05      0.96054      0.23902            0            0            0            0            0            0            0            0            0            0       -0.385            0  
          0         -5.5            0      -0.3043     0.012886    0.0052129    0.0076728   2.0402e-17    -0.034885   0.00035215    -0.035237  -3.6862e-17  -4.6033e-18  -1.5394e-20  -4.5879e-18      -23.615      -13.027            0       -47240       2000.4      -3342.1   3.1672e-12       -47136      -4545.4  -7.0486e-13       -47206            0            0            0       99.669            0       99.759      -2.4248  -6.3717e-11       -16565   -7.957e-12     -0.72024   5.0061e-16      0.22952       -48907            0   1.9956e+05      0.96035      0.21917            0            0            0            0            0            0            0            0            0            0       -0.385            0  
          0           -5            0     -0.27686     0.011518    0.0051656    0.0063528    1.582e-17    -0.031532   0.00035394    -0.031886   1.6249e-18  -3.4289e-18   4.9952e-20  -3.4789e-18      -24.036      -12.647            0       -42980       1788.1      -2763.5   2.4559e-12       -42903      -3758.5  -4.8998e-13       -42960            0            0            0       99.673            0       99.759      -2.3823   2.8087e-12       -14973  -5.9271e-12     -0.71984   4.3181e-16      0.22939       -44508            0   1.7838e+05      0.96015       0.1993            0            0            0            0            0            0            0            0            0            0       -0.385            0  
          0         -4.5            0     -0.24936     0.010284    0.0051291    0.0051546    1.521e-17    -0.028205   0.00035632    -0.028561   -1.746e-17  -2.6654e-18  -4.9638e-20  -2.6158e-18      -24.248      -12.109            0       -38712       1596.5      -2239.5   2.3613e-12       -38655      -3045.9   6.3282e-13       -38701            0            0            0       99.674            0       99.759      -2.3616  -3.0181e-11       -13393  -4.6073e-12     -0.71947   7.3276e-16      0.22927       -40097            0   1.5926e+05      0.95996      0.17941            0            0            0            0            0            0            0            0            0            0       -0.385            0  
          0           -4            0     -0.22181    0.0091725    0.0050932    0.0040793   1.4369e-17    -0.024906   0.00035863    -0.025264  -8.8717e-18   1.3669e-18   1.1624e-20   1.3552e-18      -24.182      -11.389            0       -34434         1424      -1770.3   2.2307e-12       -34394      -2407.7   1.0841e-12       -34431            0            0            0       99.674            0       99.759       -2.368  -1.5335e-11       -11826   2.3627e-12     -0.71913   2.5542e-15      0.22916       -35673            0   1.4205e+05      0.95976      0.15951            0            0            0            0            0            0            0            0            0            0       -0.385            0  
          0         -3.5            0      -0.1942    0.0081792    0.0050514    0.0031278   1.1376e-17    -0.021636   0.00036043    -0.021996  -1.4238e-18   2.6584e-18   3.7386e-20   2.6211e-18      -23.744      -10.463            0       -30149       1269.8      -1355.9   1.7661e-12       -30122      -1844.1    4.611e-13       -30150            0            0            0        99.67            0       99.759      -2.4117  -2.4611e-12       -10274   4.5953e-12     -0.71882   5.0363e-17      0.22906       -31238            0   1.2667e+05      0.95956       0.1396            0            0            0            0            0            0            0            0            0            0       -0.385            0  
          0           -3            0     -0.16655    0.0073106    0.0050095     0.002301   6.5711e-18    -0.018395   0.00036213    -0.018757   2.8492e-17  -3.4924e-19  -1.3541e-19  -2.1383e-19      -22.783      -9.2978            0       -25856       1134.9      -996.48   1.0201e-12       -25839      -1355.3   8.5501e-13       -25860            0            0            0       99.663            0       99.759      -2.5133    4.925e-11      -8734.8  -6.0368e-13     -0.71853   2.2261e-15      0.22897       -26794            0   1.1322e+05      0.95935      0.11967            0            0            0            0            0            0            0            0            0            0       -0.385            0  
          0         -2.5            0     -0.13886    0.0065791    0.0049793    0.0015998   7.3193e-18    -0.015184   0.00036446    -0.015549  -1.8341e-17    5.572e-20  -3.5815e-20   9.1535e-20      -21.107      -7.8652            0       -21557       1021.4      -692.19   1.1363e-12       -21548      -941.42  -5.7247e-13       -21562            0            0            0       99.647            0       99.759      -2.7126  -3.1704e-11      -7210.3   9.6315e-14     -0.71828   4.2973e-16      0.22889       -22341            0   1.0189e+05      0.95914     0.099742            0            0            0            0            0            0            0            0            0            0       -0.385            0  
          0           -2            0     -0.11114    0.0059765    0.0049515     0.001025   4.3166e-18    -0.012005    0.0003669    -0.012372   3.5831e-18   3.8619e-19   1.3823e-20   3.7236e-19      -18.596      -6.1994            0       -17253       927.81      -443.11   6.7013e-13       -17248      -602.65   9.8247e-13       -17258            0            0            0       99.615            0       99.759      -3.0781   6.1935e-12      -5700.7   6.6754e-13     -0.71805  -1.2206e-15      0.22882       -17881            0        92557      0.95893     0.079803            0            0            0            0            0            0            0            0            0            0       -0.385            0  
          0         -1.5            0    -0.083384     0.005506    0.0049289   0.00057711   3.4643e-18   -0.0088582   0.00036978    -0.009228  -1.5766e-17   5.2295e-19  -6.5661e-20   5.8861e-19      -15.144       -4.373            0       -12945       854.77      -249.29    5.378e-13       -12943      -339.05   1.0084e-13       -12948            0            0            0       99.542            0       99.759      -3.7779  -2.7253e-11      -4206.3   9.0394e-13     -0.71786   1.0589e-15      0.22876       -13416            0        85271      0.95872     0.059858            0            0            0            0            0            0            0            0            0            0       -0.385            0  
          0           -1            0    -0.055606    0.0051643    0.0049076    0.0002567   2.7039e-18   -0.0057445   0.00037272   -0.0061173   4.2972e-18   5.5374e-19   3.6757e-20   5.1698e-19      -10.767       -2.539            0      -8632.4       801.72      -110.81   4.1977e-13      -8631.7      -150.71   1.9818e-13        -8634            0            0            0       99.331            0       99.759       -5.306   7.4278e-12      -2727.8   9.5717e-13     -0.71769  -3.1089e-16       0.2287      -8946.5            0        79978       0.9585     0.039908            0            0            0            0            0            0            0            0            0            0       -0.385            0  
          0         -0.5            0    -0.027809     0.004966    0.0049018   6.4221e-05    1.288e-18   -0.0026644    0.0003766    -0.003041  -6.9489e-18   3.4984e-19   6.2833e-21   3.4355e-19      -5.5999     -0.93384            0      -4317.2       770.94      -27.705   1.9995e-13      -4317.1       -37.68    -3.96e-14      -4317.7            0            0            0       98.205            0       99.759      -10.125  -1.2012e-11      -1265.2   6.0471e-13     -0.71755   1.9363e-15      0.22866        -4474            0        76908      0.95828     0.019955            0            0            0            0            0            0            0            0            0            0       -0.385            0  
          0            0            0   5.3947e-18    0.0048967    0.0048967   3.3458e-36  -1.8904e-20   0.00038047   0.00038047   2.6118e-18   6.0064e-20   2.4577e-20   2.0735e-20   3.8425e-21   1.1017e-15   2.5588e-24            0   8.3748e-13       760.18    5.194e-31  -2.9346e-15   8.3748e-13            0  -2.9346e-15   8.3748e-13            0            0            0   1.1686e-13            0       99.759            0   1.0382e-13       180.67   4.2483e-14      -1.8659      0.12262      0.30298   1.2135e-12            0        75834            0  -1.0066e-17            0            0            0            0            0            0            0            0            0            0       -0.385            0  
          0          0.5            0     0.027817    0.0049661    0.0049018   6.4285e-05  -5.7709e-19    0.0033901   0.00038541    0.0030047  -8.0548e-19  -3.7902e-19   1.9164e-20  -3.9818e-19       5.6013       0.9342       5.9958       4318.3       770.95      -27.705   -8.959e-14       4318.3       -37.68  -4.1032e-14       4317.7            0            0            0       98.206            0       99.759       10.122  -1.3923e-12       1609.8  -6.5515e-13     -0.71736   2.4989e-16       0.2286       4474.2            0        76909      0.95783    -0.019955            0            0            0            0            0            0            0            0            0            0       -0.385            0  
          0            1            0     0.055635    0.0051649    0.0049077   0.00025722  -1.4913e-18    0.0063625    0.0003904    0.0059721  -6.9092e-18  -5.3515e-19  -6.9116e-20  -4.6603e-19       10.772       2.5407       4.2396         8637       801.82      -110.81  -2.3151e-13       8636.3      -150.71  -6.6947e-13         8634            0            0            0       99.332            0       99.759       5.3039  -1.1943e-11       3021.2  -9.2503e-13     -0.71731   4.6713e-16      0.22858       8947.1            0        79988       0.9576    -0.039908            0            0            0            0            0            0            0            0            0            0       -0.385            0  
          0          1.5            0      0.08345    0.0055082    0.0049293   0.00057886  -1.7691e-18    0.0092979   0.00039641    0.0089015  -4.0786e-18  -2.1094e-18   4.2098e-20  -2.1515e-18        15.15       4.3766       3.4617        12955       855.11      -249.29  -2.7465e-13        12953      -339.05  -3.5403e-13        12948            0            0            0       99.542            0       99.759       3.7764  -7.0501e-12       4415.1  -3.6462e-12     -0.71728  -4.8388e-16      0.22857        13418            0        85304      0.95736    -0.059858            0            0            0            0            0            0            0            0            0            0       -0.385            0  
          0            2            0      0.11126    0.0059815    0.0049524    0.0010291  -3.1047e-18     0.012194   0.00040259     0.011792   1.4875e-17  -5.0492e-19  -5.4979e-20  -4.4994e-19         18.6       6.2041        2.998        17272       928.59      -443.11  -4.8199e-13        17267      -602.65   2.3565e-13        17258            0            0            0       99.615            0       99.759       3.0775   2.5713e-11       5790.5  -8.7278e-13     -0.71729  -1.4263e-15      0.22858        17884            0        92635      0.95712    -0.079803            0            0            0            0            0            0            0            0            0            0       -0.385            0  
          0          2.5            0      0.13905    0.0065888    0.0049808    0.0016079  -1.0811e-19     0.015052   0.00040945     0.014642   1.2153e-17  -1.1295e-18   9.0794e-20  -1.2203e-18       21.104       7.8694       2.6817        21586       1022.9      -692.19  -1.6784e-14        21576      -941.42  -1.4911e-13        21562            0            0            0       99.647            0       99.759       2.7129   2.1007e-11       7147.3  -1.9525e-12     -0.71733   4.6622e-16      0.22859        22345            0   1.0204e+05      0.95687    -0.099742            0            0            0            0            0            0            0            0            0            0       -0.385            0  
          0            3            0      0.16682    0.0073276    0.0050127    0.0023149  -6.2889e-18     0.017869   0.00041671     0.017452  -1.0773e-17  -4.9066e-18   -1.885e-21  -4.9047e-18       22.766       9.2984       2.4484        25897       1137.6      -996.48  -9.7631e-13        25881      -1355.3   7.9922e-13        25860            0            0            0       99.663            0       99.759       2.5151  -1.8622e-11         8485  -8.4813e-12     -0.71739   2.6821e-15      0.22861        26800            0   1.1348e+05      0.95662     -0.11967            0            0            0            0            0            0            0            0            0            0       -0.385            0  
          0          3.5            0      0.19456     0.008206    0.0050561    0.0031499   -1.593e-18     0.020645   0.00042475      0.02022   -2.701e-17   -1.085e-18   4.5868e-20  -1.1308e-18        23.71       10.458       2.2671        30205       1273.9      -1355.9   -2.473e-13        30178      -1844.1  -4.5724e-12        30150            0            0            0        99.67            0       99.759       2.4151  -4.6688e-11       9803.2  -1.8754e-12     -0.71748   1.9714e-16      0.22864        31246            0   1.2708e+05      0.95637      -0.1396            0            0            0            0            0            0            0            0            0            0       -0.385            0  
          0            4            0      0.22228    0.0092109    0.0050986    0.0041123   3.4478e-19     0.023379   0.00043282     0.022946   2.2705e-17  -6.0251e-18   -1.508e-20  -6.0101e-18       24.132       11.378        2.121        34507       1429.9      -1770.3   5.3524e-14        34468      -2407.7  -1.4744e-13        34431            0            0            0       99.673            0       99.759       2.3729   3.9246e-11        11101  -1.0415e-11      -0.7176   2.3092e-15      0.22868        35684            0   1.4265e+05      0.95611     -0.15951            0            0            0            0            0            0            0            0            0            0       -0.385            0  
          0          4.5            0      0.24996     0.010337    0.0051354    0.0052016   2.5706e-18     0.026069   0.00044055     0.025628   1.2604e-17  -1.9836e-18  -4.8067e-20  -1.9356e-18       24.181        12.09       2.0002        38804       1604.7      -2239.5   3.9907e-13        38748      -3045.9  -3.5491e-12        38701            0            0            0       99.674            0       99.759       2.3681   2.1787e-11        12379  -3.4288e-12     -0.71775   4.9651e-16      0.22872        40110            0   1.6009e+05      0.95585     -0.17941            0            0            0            0            0            0            0            0            0            0       -0.385            0  
          0            5            0       0.2776     0.011593    0.0051754    0.0064172  -2.4881e-18     0.028715    0.0004486     0.028267  -2.1592e-17   1.0824e-18   -1.885e-21   1.0843e-18       23.946       12.616        1.898        43095       1799.7      -2763.5  -3.8626e-13        43017      -3758.5  -1.5082e-12        42960            0            0            0       99.672            0       99.759       2.3913  -3.7323e-11        13635   1.8709e-12     -0.71793   9.5644e-17      0.22878        44525            0   1.7953e+05      0.95558      -0.1993            0            0            0            0            0            0            0            0            0            0       -0.385            0  
          0          5.5            0      0.30518     0.012984     0.005226    0.0077584   3.5529e-18     0.031318   0.00045742      0.03086  -4.9596e-17   6.9289e-19    8.294e-20   6.0995e-19       23.504       12.984       1.8102        47378       2015.7      -3342.1   5.5157e-13        47275      -4545.4  -6.4888e-12        47206            0            0            0       99.669            0       99.759       2.4362  -8.5729e-11        14871   1.1977e-12     -0.71814    6.723e-16      0.22885        48926            0   2.0109e+05      0.95531     -0.21917            0            0            0            0            0            0            0            0            0            0       -0.385            0  
          0            6            0      0.33272     0.014504    0.0052796    0.0092243  -4.8929e-19     0.033874   0.00046648     0.033408   5.4212e-18  -1.6034e-17   1.5394e-20   -1.605e-17        22.94       13.232       1.7336        51653       2251.6        -3975  -7.5959e-14        51519      -5406.2   7.5563e-12        51437            0            0            0       99.664            0       99.759        2.496   9.3709e-12        16085  -2.7716e-11     -0.71838    3.549e-15      0.22892        53312            0   2.2462e+05      0.95504     -0.23902            0            0            0            0            0            0            0            0            0            0       -0.385            0  
          0          6.5            0       0.3602     0.016149    0.0053354     0.010814  -1.8563e-17     0.036385   0.00047559     0.035909   1.8509e-17  -7.5023e-19  -1.0713e-19   -6.431e-19       22.304       13.386       1.6662        55918       2507.1      -4662.1  -2.8818e-12        55749      -6340.8  -9.4643e-13        55652            0            0            0       99.659            0       99.759       2.5671   3.1994e-11        17277  -1.2968e-12     -0.71865   1.4715e-15      0.22901        57682            0    2.501e+05      0.95476     -0.25886            0            0            0            0            0            0            0            0            0            0       -0.385            0  
          0            7            0      0.38762     0.017911     0.005385     0.012526  -5.3894e-18     0.038848    0.0004845     0.038363   2.5064e-17   -1.221e-17  -1.8536e-20  -1.2191e-17       21.641       13.473       1.6062        60174       2780.6      -5403.3  -8.3667e-13        59963      -7348.8   4.7597e-12        59851            0            0            0       99.652            0       99.759       2.6457   4.3325e-11        18447  -2.1105e-11     -0.71894   1.3189e-15       0.2291        62035            0   2.7739e+05      0.95448     -0.27867            0            0            0            0            0            0            0            0            0            0       -0.385            0  
          0          7.5            0      0.41496     0.019787    0.0054263     0.014361   8.6805e-18     0.041263   0.00049327      0.04077   1.1231e-16  -1.6539e-17   2.1363e-20  -1.6561e-17       20.972       13.509       1.5524        64420       3071.8      -6198.2   1.3476e-12        64160      -8429.9   2.1791e-12        64031            0            0            0       99.646            0       99.759         2.73   1.9414e-10        19594  -2.8589e-11     -0.71927     3.81e-16      0.22921        66369            0   3.0644e+05      0.95419     -0.29847            0            0            0            0            0            0            0            0            0            0       -0.385            0  
          0            8            0      0.44224      0.02179    0.0054746     0.016315   1.9418e-17     0.043629   0.00050248     0.043127   2.0745e-17  -1.0963e-17   4.1156e-20  -1.1004e-17       20.296       13.497       1.5037        68654       3382.7      -7046.6   3.0145e-12        68338      -9583.8  -1.0057e-11        68192            0            0            0       99.638            0       99.759       2.8208   3.5859e-11        20717   -1.895e-11     -0.71962   1.9183e-15      0.22932        70683            0   3.3745e+05      0.95391     -0.31824            0            0            0            0            0            0            0            0            0            0       -0.385            0  
          0          8.5            0      0.46943     0.023919    0.0055303     0.018389   -2.777e-18     0.045947   0.00051219     0.045435    3.057e-17   -1.954e-18   2.8589e-20  -1.9825e-18       19.626       13.446       1.4595        72875       3713.3      -7948.3  -4.3111e-13        72497       -10810  -5.5872e-12        72332            0            0            0        99.63            0       99.759       2.9169   5.2842e-11        21818  -3.3775e-12        -0.72   2.0504e-16      0.22944        74976            0   3.7043e+05      0.95362     -0.33799            0            0            0            0            0            0            0            0            0            0       -0.385            0  
          0            9            0      0.49654     0.026167    0.0055861      0.02058   3.4299e-17     0.048215   0.00052179     0.047693  -2.8263e-17   -9.118e-18   5.9691e-20  -9.1777e-18       18.976       13.372       1.4191        77084       4062.2      -8902.9   5.3246e-12        76635       -12108   -1.148e-11        76450            0            0            0       99.621            0       99.759       3.0166  -4.8854e-11        22895  -1.5761e-11     -0.72041   2.8354e-16      0.22957        79246            0   4.0524e+05      0.95332     -0.35771            0            0            0            0            0            0            0            0            0            0       -0.385            0  
          0          9.5            0      0.52356     0.028532    0.0056433     0.022888  -2.0817e-17     0.050431   0.00053104       0.0499   3.0652e-17   -1.646e-17  -3.9585e-20   -1.642e-17        18.35       13.278        1.382        81279       4429.3      -9910.3  -3.2316e-12        80750       -13479  -4.9351e-12        80545            0            0            0       99.611            0       99.759       3.1193   5.2984e-11        23947  -2.8452e-11     -0.72085   4.8168e-16      0.22971        83492            0   4.4186e+05      0.95303     -0.37741            0            0            0            0            0            0            0            0            0            0       -0.385            0  
          0           10            0      0.55048     0.031013    0.0057024     0.025311   3.9448e-17     0.052596   0.00054079     0.052055   6.4266e-18  -1.7372e-17  -1.5708e-21  -1.7371e-17        17.75       13.169       1.3478        85458       4814.6       -10970    6.124e-12        84842       -14920  -2.4231e-11        84615            0            0            0       99.601            0       99.759       3.2245   1.1109e-11        24975  -3.0029e-11     -0.72132  -1.9897e-16      0.22986        87713            0    4.803e+05      0.95273     -0.39707            0            0            0            0            0            0            0            0            0            0       -0.385            0  
          0         10.5            0      0.57731     0.033608    0.0057614     0.027847   4.7714e-18      0.05471   0.00055147     0.054159   2.7719e-17  -7.4313e-18  -1.2567e-21    -7.43e-18       17.178       13.052       1.3161        89623       5217.4       -12082   7.4072e-13        88910       -16432  -4.5022e-12        88659            0            0            0        99.59            0       99.759       3.3317   4.7914e-11        25979  -1.2845e-11     -0.72181   1.0299e-15      0.23002        91907            0   5.2048e+05      0.95243     -0.41671            0            0            0            0            0            0            0            0            0            0       -0.385            0  
          0           11            0      0.60403     0.036319     0.005826     0.030493   5.4068e-17     0.056772   0.00056254      0.05621  -3.1599e-17   8.7149e-19  -1.1184e-19   9.8334e-19       16.631       12.926       1.2867        93771       5638.3       -13245   8.3936e-12        92951       -18015   4.8867e-12        92677            0            0            0       99.579            0       99.759        3.441   -5.462e-11        26958   1.5064e-12     -0.72234   3.7838e-16      0.23019        96074            0   5.6247e+05      0.95214     -0.43631            0            0            0            0            0            0            0            0            0            0       -0.385            0  
          0         11.5            0      0.63064     0.039145    0.0058951      0.03325   1.7519e-17      0.05878   0.00057296     0.058207  -9.8769e-17   1.1374e-17  -1.0525e-19   1.1479e-17        16.11       12.794       1.2592        97902         6077       -14460   2.7197e-12        96966       -19667  -7.6863e-12        96666            0            0            0       99.567            0       99.759       3.5519  -1.7073e-10        27911   1.9661e-11     -0.72289  -2.9767e-15      0.23036   1.0021e+05            0   6.0623e+05      0.95184     -0.45589            0            0            0            0            0            0            0            0            0            0       -0.385            0  
          0           12            0      0.65714     0.042084    0.0059705     0.036114  -1.0871e-17     0.060734   0.00058389      0.06015   5.3309e-17  -2.2445e-17   6.6917e-20  -2.2512e-17       15.615       12.658       1.2336   1.0202e+05       6533.3       -15726  -1.6877e-12   1.0095e+05       -21389   2.1683e-11   1.0063e+05            0            0            0       99.555            0       99.759       3.6643   9.2147e-11        28839  -3.8797e-11     -0.72348    1.109e-15      0.23055   1.0432e+05            0   6.5175e+05      0.95154     -0.47542            0            0            0            0            0            0            0            0            0            0       -0.385            0  
          0         12.5            0      0.68351     0.045131    0.0060474     0.039083     9.98e-18     0.062635   0.00059616     0.062039  -1.3732e-17  -6.1875e-18  -3.8956e-20  -6.1485e-18       15.145       12.521       1.2096   1.0611e+05       7006.2       -17043   1.5493e-12   1.0491e+05       -23179   -7.611e-12   1.0455e+05            0            0            0       99.542            0       99.759       3.7776  -2.3736e-11        29742  -1.0695e-11     -0.72409  -8.3684e-16      0.23074   1.0839e+05            0   6.9893e+05      0.95124     -0.49492            0            0            0            0            0            0            0            0            0            0       -0.385            0  
          0           13            0      0.70976     0.048277    0.0061201     0.042156    4.547e-17     0.064481   0.00060872     0.063872   8.5731e-17  -1.5467e-17    8.294e-20   -1.555e-17       14.702       12.386        1.187   1.1019e+05       7494.6       -18410   7.0588e-12   1.0883e+05       -25038  -2.2223e-11   1.0845e+05            0            0            0       99.529            0       99.759       3.8911   1.4819e-10        30619  -2.6735e-11     -0.72473   7.5367e-17      0.23095   1.1244e+05            0   7.4765e+05      0.95094     -0.51439            0            0            0            0            0            0            0            0            0            0       -0.385            0  
          0         13.5            0      0.73589     0.051524    0.0061931     0.045331   1.8735e-17     0.066271   0.00062125      0.06565   4.7886e-17  -3.1976e-18  -1.0493e-19  -3.0926e-18       14.282       12.252       1.1657   1.1424e+05       7998.7       -19826   2.9084e-12   1.1273e+05       -26965  -6.6625e-12   1.1232e+05            0            0            0       99.515            0       99.759       4.0051   8.2774e-11        31469  -5.5272e-12      -0.7254   9.5295e-16      0.23116   1.1644e+05            0   7.9794e+05      0.95065     -0.53381            0            0            0            0            0            0            0            0            0            0       -0.385            0  
          0           14            0      0.76188     0.054885    0.0062804     0.048604  -3.3382e-17     0.068006   0.00063466     0.067371   4.7807e-17  -4.7151e-17  -1.3666e-19  -4.7015e-17       13.881       12.116       1.1457   1.1828e+05       8520.4       -21292  -5.1823e-12   1.1659e+05       -28958  -3.1289e-11   1.1615e+05            0            0            0       99.501            0       99.759       4.1204   8.2637e-11        32292  -8.1504e-11     -0.72609   1.3143e-15      0.23138   1.2042e+05            0   8.4999e+05      0.95035     -0.55319            0            0            0            0            0            0            0            0            0            0       -0.385            0  
          0         14.5            0      0.78773     0.058351     0.006377     0.051974   3.3557e-17     0.069684   0.00064837     0.069036   6.6256e-17  -4.9456e-17  -3.1417e-20  -4.9424e-17         13.5       11.982       1.1267   1.2229e+05       9058.6       -22807   5.2095e-12   1.2041e+05       -31019  -4.2837e-11   1.1994e+05            0            0            0       99.486            0       99.759       4.2365   1.1453e-10        33089  -8.5487e-11     -0.72682   1.1618e-15      0.23161   1.2435e+05            0   9.0368e+05      0.95006     -0.57253            0            0            0            0            0            0            0            0            0            0       -0.385            0  
          0           15            0      0.81343     0.061932    0.0064931     0.055439   1.4764e-17     0.071307   0.00066379     0.070643  -5.6625e-17  -8.0084e-18   4.5554e-20  -8.0539e-18       13.134       11.846       1.1088   1.2628e+05       9614.5       -24370   2.2919e-12    1.242e+05       -33145   3.8813e-12    1.237e+05            0            0            0       99.471            0       99.759       4.3539  -9.7879e-11        33860  -1.3843e-11     -0.72757   5.3313e-16      0.23185   1.2825e+05            0   9.5913e+05      0.94977     -0.59183            0            0            0            0            0            0            0            0            0            0       -0.385            0  
          0         15.5            0      0.83899      0.06561    0.0066142     0.058995   9.4604e-17     0.072873   0.00068057     0.072193    2.208e-17  -6.5427e-17    7.163e-20  -6.5499e-17       12.788       11.713       1.0917   1.3025e+05        10185       -25982   1.4687e-11   1.2796e+05       -35336   3.5913e-12   1.2742e+05            0            0            0       99.455            0       99.759       4.4714   3.8166e-11        34604  -1.1309e-10     -0.72835   2.6404e-16       0.2321   1.3211e+05            0   1.0161e+06      0.94949     -0.61108            0            0            0            0            0            0            0            0            0            0       -0.385            0  
          0           16            0       0.8644     0.069373    0.0067316     0.062641    8.196e-17     0.074382    0.0006979     0.073684   -1.699e-18  -5.1508e-17  -1.5708e-19  -5.1351e-17        12.46       11.585       1.0756   1.3419e+05        10770       -27640   1.2724e-11   1.3167e+05       -37593  -3.7038e-11    1.311e+05            0            0            0       99.439            0       99.759       4.5884  -2.9368e-12        35320  -8.9034e-11     -0.72916   1.9518e-15      0.23236   1.3593e+05            0   1.0744e+06      0.94921     -0.63029            0            0            0            0            0            0            0            0            0            0       -0.385            0  
          0         16.5            0      0.88965     0.073224    0.0068502     0.066374   3.3499e-17     0.075833   0.00071617     0.075117   3.5855e-17  -1.3721e-17  -1.8284e-19  -1.3538e-17        12.15        11.46       1.0602   1.3811e+05        11367       -29346   5.2005e-12   1.3535e+05       -39912  -5.6817e-12   1.3474e+05            0            0            0       99.423            0       99.759       4.7052   6.1977e-11        36009  -2.3717e-11        -0.73   1.4576e-15      0.23263   1.3971e+05            0    1.134e+06      0.94893     -0.64944            0            0            0            0            0            0            0            0            0            0       -0.385            0  
          0           17            0      0.91474     0.077163    0.0069728      0.07019   5.6287e-17     0.077225   0.00073513      0.07649   1.0635e-16   8.0263e-18   -8.671e-20    8.113e-18       11.855       11.338       1.0456   1.4201e+05        11979       -31098   8.7382e-12   1.3899e+05       -42296   6.4525e-12   1.3834e+05            0            0            0       99.406            0       99.759       4.8218   1.8384e-10        36670   1.3874e-11     -0.73086   5.2334e-16       0.2329   1.4345e+05            0    1.195e+06      0.94867     -0.66855            0            0            0            0            0            0            0            0            0            0       -0.385            0  
          0         17.5            0      0.93967     0.081184    0.0070963     0.074088    1.035e-16     0.078558   0.00075418     0.077804   6.2474e-17  -8.2688e-19  -1.8787e-19  -6.3901e-19       11.575        11.22       1.0316   1.4588e+05        12603       -32897   1.6068e-11   1.4258e+05       -44741  -3.1136e-12    1.419e+05            0            0            0       99.389            0       99.759       4.9379   1.0799e-10        37303  -1.4293e-12     -0.73176  -2.2613e-15      0.23319   1.4714e+05            0   1.2573e+06       0.9484     -0.68761            0            0            0            0            0            0            0            0            0            0       -0.385            0  
          0           18            0      0.96443      0.08529    0.0072256     0.078064   7.9139e-17     0.079831   0.00077373     0.079057   4.6383e-18   3.8442e-17  -5.2466e-20   3.8494e-17       11.308       11.105       1.0183   1.4972e+05        13241       -34740   1.2286e-11   1.4614e+05       -47249   1.5182e-12   1.4542e+05            0            0            0       99.371            0       99.759       5.0538   8.0176e-12        37908   6.6448e-11     -0.73268     1.05e-15      0.23348   1.5079e+05            0   1.3209e+06      0.94815     -0.70661            0            0            0            0            0            0            0            0            0            0       -0.385            0  
          0         18.5            0      0.98901     0.089474    0.0073578     0.082116    6.232e-17     0.081044   0.00079336     0.080251    1.755e-16  -4.7924e-17  -2.3688e-19  -4.7687e-17       11.054       10.993       1.0055   1.5354e+05        13890       -36629   9.6747e-12   1.4965e+05       -49817   -7.916e-12   1.4889e+05            0            0            0       99.353            0       99.759       5.1694   3.0336e-10        38484  -8.2839e-11     -0.73363   1.9952e-15      0.23378   1.5439e+05            0   1.3857e+06       0.9479     -0.72557            0            0            0            0            0            0            0            0            0            0       -0.385            0  
          0           19            0       1.0134     0.093735    0.0074951      0.08624   1.6986e-16     0.082197   0.00081335     0.081384  -1.0278e-16    -2.37e-17  -3.4904e-19  -2.3351e-17       10.811       10.884      0.99336   1.5733e+05        14552       -38561    2.637e-11   1.5311e+05       -52446  -2.2464e-11   1.5231e+05            0            0            0       99.335            0       99.759       5.2845  -1.7766e-10        39031  -4.0966e-11     -0.73461    5.129e-16      0.23409   1.5795e+05            0   1.4517e+06      0.94767     -0.74446            0            0            0            0            0            0            0            0            0            0       -0.385            0  
          0         19.5            0       1.0376     0.098069    0.0076348     0.090434   9.4654e-17     0.083289   0.00083338     0.082455  -1.9806e-17  -7.1645e-18  -2.3405e-19  -6.9305e-18       10.581       10.778      0.98169   1.6109e+05        15225       -40538   1.4694e-11   1.5653e+05       -55134  -4.7748e-11   1.5569e+05            0            0            0       99.316            0       99.759       5.3991  -3.4236e-11        39549  -1.2384e-11     -0.73561   1.1443e-15      0.23441   1.6145e+05            0   1.5188e+06      0.94744      -0.7633            0            0            0            0            0            0            0            0            0            0       -0.385            0  
          0           20            0       1.0617      0.10247    0.0077795     0.094695  -4.3049e-17     0.084319   0.00085381     0.083465  -1.8559e-16   1.2359e-18   -2.884e-19   1.5243e-18        10.36       10.675      0.97052   1.6482e+05        15908       -42557   -6.683e-12   1.5991e+05       -57880  -3.2784e-11   1.5902e+05            0            0            0       99.297            0       99.759       5.5132  -3.2079e-10        40039   2.1364e-12     -0.73664   2.6759e-16      0.23474   1.6491e+05            0    1.587e+06      0.94722     -0.78208            0            0            0            0            0            0            0            0            0            0       -0.385            0  
