V_tail
T5-a0.0°-35.0m/s-TriUniform-ThinSurf-x0.09m-z0.15m


 Ctrl        Alpha        Beta         CL           CD           CD_viscous   CD_induced   CY           Cm           Cm_viscous   Cm_pressure  Cl           Cn           Cn_viscous   Cn_pressure  CL/CD        CL^(3/2)/CD  1/sqrt(CL)   Lift_(N)     Drag_(N)     Fx_FF_(N)    Fy_FF_(N)    Fz_FF_(N)    Fx_sum_(N)   Fy_sum_(N)   Fz_sum_(N)   Extra_drag_(N)  Fuse_drag_(N)  Cf_Fuse      Vx_(m/s)     Vz_(m/s)     V_(m/s)      Gamma        L_(N.m)      M_(N.m)      N_(N.m)      CPx_(m)      CPy_(m)      CPz_(m)      BM_(N.m)     m.g.Vz_(W)   Drag_x_V_(W)  Efficiency   XCp.Cl       XNP_(m)      Phugoid_Freq._(Hz)  Phugoid_Damping  Short_Period_Freq._(Hz)  Short_Period_Damping_Ratio  Dutch_Roll_Freq._(Hz)  Dutch_Roll_Damping  Roll_Damping  Spiral_Damping  Mass_(kg)    CoG_x_(m)    CoG_z_(m)    
          0            0          -15  -0.00019657    -0.022801    0.0093646    -0.032166      0.20824    0.0011683   -0.0020875    0.0032558    -0.059242  -0.00096131  -2.2373e-05  -0.00093893     0.008621   0.00012087            0    -0.023353       3.8246      -3.8214        24.74    -0.023353  -1.6178e-05       19.643      -2.0412            0            0            0      0.30173   2.6313e+05           35       89.506      -5.3162     0.029316    -0.086264       11.365        257.7      -23.787      -5.1727   2.5813e+07       -94.81  -1.0612e-07   -0.0022339            0            0            0            0            0            0            0            0            0           10         0.09         0.15  
          0            0        -14.5  -0.00019749    -0.020819    0.0092833    -0.030102      0.20192   0.00097301   -0.0020784    0.0030514    -0.057442  -0.00093194  -2.1534e-05  -0.00091041    0.0094862   0.00013331            0    -0.023463       3.6468      -3.5763       23.989    -0.023463  -1.5108e-05       19.046      -1.9117            0            0            0        0.332   2.3857e+05           35       89.456      -5.1547     0.024415    -0.083629       10.596        248.7      -22.151      -5.0157   2.3404e+07      -86.569  -1.1447e-07   -0.0020926            0            0            0            0            0            0            0            0            0           10         0.09         0.15  
          0            0          -14  -0.00019839    -0.018901     0.009202    -0.028103      0.19553    0.0007843    -0.002069    0.0028533    -0.055625  -0.00090231  -2.0704e-05   -0.0008816     0.010496   0.00014784            0    -0.023569       3.4734      -3.3387        23.23    -0.023569  -1.4072e-05       18.444      -1.7862            0            0            0      0.36735   2.1513e+05           35       89.399      -4.9916      0.01968     -0.08097       9.8582       239.74      -20.581      -4.8571   2.1104e+07      -78.593  -1.2372e-07   -0.0019557            0            0            0            0            0            0            0            0            0           10         0.09         0.15  
          0            0        -13.5  -0.00019925    -0.017047    0.0091207    -0.026168      0.18908    0.0006023   -0.0020593    0.0026616    -0.053791  -0.00087242  -1.9885e-05  -0.00085253     0.011688   0.00016499            0    -0.023672       3.3047      -3.1089       22.464    -0.023672  -1.3069e-05       17.835      -1.6647            0            0            0      0.40906   1.9277e+05           35        89.33       -4.827     0.015113    -0.078287       9.1505       230.83      -19.076       -4.697    1.891e+07      -70.885  -1.3403e-07   -0.0018233            0            0            0            0            0            0            0            0            0           10         0.09         0.15  
          0            0          -13  -0.00020009    -0.015259    0.0090388    -0.024298      0.18257   0.00042706   -0.0020493    0.0024764     -0.05194  -0.00084228  -1.9073e-05   -0.0008232     0.013113   0.00018548            0    -0.023772       3.1405      -2.8868       21.691    -0.023772    -1.21e-05       17.222      -1.5474            0            0            0       0.4589   1.7147e+05           35       89.249      -4.6609     0.010716    -0.075583       8.4725       221.96      -17.633      -4.5355   1.6821e+07      -63.451  -1.4556e-07   -0.0016952            0            0            0            0            0            0            0            0            0           10         0.09         0.15  
          0            0        -12.5   -0.0002009    -0.013538    0.0089564    -0.022494      0.17601   0.00025868    -0.002039    0.0022977    -0.050074  -0.00081189  -1.8265e-05  -0.00079362      0.01484   0.00021033            0    -0.023867        2.981      -2.6724       20.911    -0.023867  -1.1165e-05       16.603      -1.4342            0            0            0      0.51933   1.5121e+05           35        89.15      -4.4934    0.0064908    -0.072855       7.8236       213.12      -16.252      -4.3726   1.4834e+07      -56.293  -1.5851e-07   -0.0015717            0            0            0            0            0            0            0            0            0           10         0.09         0.15  
          0            0          -12  -0.00020167    -0.011883    0.0088737    -0.020757       0.1694   9.6932e-05   -0.0020286    0.0021255    -0.048192  -0.00078126  -1.7465e-05   -0.0007638     0.016972   0.00024102            0     -0.02396       2.8265       -2.466       20.126     -0.02396  -1.0264e-05       15.979      -1.3251            0            0            0      0.59393   1.3196e+05           35       89.028      -4.3246    0.0024322    -0.070107       7.2035       204.32      -14.933      -4.2084   1.2945e+07      -49.411  -1.7311e-07   -0.0014528            0            0            0            0            0            0            0            0            0           10         0.09         0.15  
          0            0        -11.5  -0.00020242    -0.010295    0.0087907    -0.019086      0.16273  -5.7882e-05   -0.0020179      0.00196    -0.046296  -0.00075041  -1.6669e-05  -0.00073374     0.019662   0.00027974            0    -0.024049       2.6769      -2.2675       19.334    -0.024049  -9.3982e-06        15.35      -1.2202            0            0            0      0.68804   1.1369e+05           35       88.874      -4.1544   -0.0014524    -0.067339       6.6117       195.56      -13.674       -4.043   1.1153e+07      -42.808  -1.8966e-07   -0.0013383            0            0            0            0            0            0            0            0            0           10         0.09         0.15  
          0            0          -11  -0.00020314    -0.008774    0.0087082    -0.017482      0.15602  -0.00020623   -0.0020074    0.0018012    -0.044385  -0.00071934  -1.5878e-05  -0.00070346     0.023152   0.00032998            0    -0.024134       2.5326       -2.077       18.536    -0.024134  -8.5671e-06       14.717      -1.1196            0            0            0      0.81011        96382           35       88.674      -3.9829   -0.0051748    -0.064551       6.0479       186.82      -12.474      -3.8762    9.455e+06      -36.484  -2.0853e-07   -0.0012286            0            0            0            0            0            0            0            0            0           10         0.09         0.15  
          0            0        -10.5  -0.00020383    -0.007319    0.0086275    -0.015946      0.14925  -0.00034846   -0.0019975     0.001649    -0.042461  -0.00068807  -1.5101e-05  -0.00067297     0.027849   0.00039759            0    -0.024216       2.3936      -1.8945       17.732    -0.024216  -7.7711e-06       14.079      -1.0232            0            0            0      0.97434        79992           35       88.405      -3.8103   -0.0087438    -0.061745       5.5116       178.12      -11.333      -3.7083   7.8472e+06      -30.434  -2.3016e-07   -0.0011234            0            0            0            0            0            0            0            0            0           10         0.09         0.15  
          0            0          -10  -0.00020448   -0.0059323    0.0085467    -0.014479      0.14245  -0.00048371   -0.0019874    0.0015037    -0.040524   -0.0006566  -1.4333e-05  -0.00064227     0.034469    0.0004929            0    -0.024294       2.2601      -1.7202       16.923    -0.024294  -7.0105e-06       13.437     -0.93111            0            0            0       1.2057        64524           35       88.026      -3.6365    -0.012137    -0.058921       5.0026       169.45       -10.25      -3.5393   6.3298e+06      -24.667  -2.5512e-07   -0.0010229            0            0            0            0            0            0            0            0            0           10         0.09         0.15  
          0            0         -9.5  -0.00020511   -0.0046138    0.0084664     -0.01308      0.13559  -0.00061209   -0.0019772    0.0013651    -0.038575  -0.00062494  -1.3568e-05  -0.00061137     0.044455   0.00063667            0    -0.024368        2.132       -1.554       16.109    -0.024368  -6.2856e-06        12.79     -0.84332            0            0            0       1.5544        49954           35       87.455      -3.4615    -0.015359     -0.05608       4.5204       160.81      -9.2237      -3.3692   4.9005e+06      -19.185  -2.8414e-07  -0.00092717            0            0            0            0            0            0            0            0            0           10         0.09         0.15  
          0            0           -9   -0.0002057   -0.0033633    0.0083874    -0.011751       0.1287  -0.00073377   -0.0019671    0.0012334    -0.036614   -0.0005931   -1.281e-05  -0.00058029     0.061161   0.00087719            0    -0.024439       2.0095       -1.396        15.29    -0.024439  -5.5964e-06        12.14     -0.75987            0            0            0       2.1366        36257           35         86.5      -3.2856    -0.018412    -0.053223       4.0647       152.19      -8.2543      -3.1981   3.5568e+06      -13.985  -3.1813e-07  -0.00083613            0            0            0            0            0            0            0            0            0           10         0.09         0.15  
          0            0         -8.5  -0.00020627   -0.0021815    0.0083091    -0.010491      0.12177  -0.00084842    -0.001957    0.0011085    -0.034641   -0.0005611  -1.2063e-05  -0.00054903     0.094553     0.001358            0    -0.024506       1.8928      -1.2463       14.467    -0.024506  -4.9434e-06       11.486     -0.68079            0            0            0       3.2947        23420           35       84.599      -3.1086    -0.021289    -0.050351       3.6354        143.6      -7.3407       -3.026   2.2975e+06      -9.0711  -3.5829e-07  -0.00074986            0            0            0            0            0            0            0            0            0           10         0.09         0.15  
          0            0           -8   -0.0002068   -0.0010681    0.0082325   -0.0093005       0.1148  -0.00095691   -0.0019476   0.00099065    -0.032659  -0.00052894  -1.1327e-05  -0.00051761      0.19362    0.0027844            0    -0.024569        1.782       -1.105       13.639    -0.024569  -4.3265e-06       10.829     -0.60609            0            0            0       6.6531        11422           35       79.042      -2.9307    -0.024011    -0.047465        3.232       135.03      -6.4823      -2.8529   1.1205e+06      -4.4412  -4.0623e-07  -0.00066837            0            0            0            0            0            0            0            0            0           10         0.09         0.15  
          0            0         -7.5   -0.0002073  -2.4467e-05    0.0081563   -0.0081808      0.10779   -0.0010584   -0.0019382   0.00087971    -0.030666  -0.00049663  -1.0599e-05  -0.00048603       8.4727      0.12199            0    -0.024628        1.677     -0.97192       12.807    -0.024628  -3.7461e-06       10.168     -0.53581            0            0            0       34.759       260.71           35       6.7312      -2.7518    -0.026559    -0.044565       2.8543       126.49      -5.6787       -2.679        25576     -0.10174  -4.6407e-07   -0.0005917            0            0            0            0            0            0            0            0            0           10         0.09         0.15  
          0            0           -7  -0.00020777    0.0009508    0.0080824   -0.0071316      0.10076   -0.0011534   -0.0019292   0.00077578    -0.028664  -0.00046415  -9.8562e-06   -0.0004543     -0.21852   -0.0031498            0    -0.024684       1.5781     -0.84727        11.97    -0.024684  -3.2024e-06       9.5041     -0.46997            0            0            0       7.4719       -10097           35      -77.673      -2.5722    -0.028941    -0.041651       2.5021       117.96      -4.9294      -2.5043  -9.9054e+05       3.9536  -5.3476e-07  -0.00051987            0            0            0            0            0            0            0            0            0           10         0.09         0.15  
          0            0         -6.5  -0.00020821    0.0018595    0.0080129   -0.0061534     0.093689   -0.0012421    -0.001921   0.00067887    -0.026653  -0.00043157  -9.1434e-06  -0.00042243     -0.11197   -0.0016157            0    -0.024736       1.4856     -0.73106       11.131    -0.024736  -2.6954e-06       8.8374     -0.40857            0            0            0       3.8947       -19685           35      -83.611      -2.3918    -0.031168    -0.038728       2.1752       109.46      -4.2337      -2.3288  -1.9311e+06        7.732  -6.2238e-07  -0.00045289            0            0            0            0            0            0            0            0            0           10         0.09         0.15  
          0            0           -6  -0.00020861    0.0026982    0.0079446   -0.0052465     0.086592    -0.001324    -0.001913   0.00058903    -0.024634  -0.00039886  -8.4312e-06  -0.00039043    -0.077317   -0.0011167            0    -0.024784       1.3993     -0.62331       10.288    -0.024784  -2.2253e-06        8.168     -0.35165            0            0            0        2.698       -28480           35      -85.579      -2.2106    -0.033222    -0.035792       1.8733       100.97      -3.5913      -2.1527  -2.7939e+06       11.219  -7.3282e-07   -0.0003908            0            0            0            0            0            0            0            0            0           10         0.09         0.15  
          0            0         -5.5  -0.00020899    0.0034678    0.0078788   -0.0044111     0.079469   -0.0013991   -0.0019054   0.00050627    -0.022608  -0.00036603  -7.7119e-06  -0.00035831    -0.060266  -0.00087123            0    -0.024829       1.3193     -0.52406       9.4413    -0.024829  -1.7923e-06       7.4961     -0.29922            0            0            0       2.1055       -36505           35      -86.551      -2.0287    -0.035106    -0.032846       1.5963       92.497      -3.0019      -1.9758  -3.5812e+06        14.42  -8.7473e-07   -0.0003336            0            0            0            0            0            0            0            0            0           10         0.09         0.15  
          0            0           -5  -0.00020933     0.004173    0.0078204   -0.0036475     0.072322   -0.0014681   -0.0018987   0.00043062    -0.020575  -0.00033308  -6.9892e-06  -0.00032609    -0.050163  -0.00072577            0    -0.024869       1.2463     -0.43334       8.5922    -0.024869  -1.3965e-06       6.8219     -0.25129            0            0            0       1.7535       -43821           35      -87.128      -1.8463    -0.036838    -0.029889       1.3439       84.041      -2.4649      -1.7984  -4.2989e+06       17.352  -1.0613e-06  -0.00028132            0            0            0            0            0            0            0            0            0           10         0.09         0.15  
          0            0         -4.5  -0.00020964    0.0048096    0.0077654   -0.0029559     0.065153   -0.0015301   -0.0018922   0.00036211    -0.018535  -0.00030006  -6.2925e-06  -0.00029376    -0.043588   -0.0006311            0    -0.024906       1.1798     -0.35117       7.7405    -0.024906  -1.0381e-06       6.1456     -0.20789            0            0            0       1.5241       -50395           35      -87.504      -1.6633    -0.038395    -0.026926        1.116       75.598        -1.98      -1.6204  -4.9437e+06       19.999  -1.3135e-06  -0.00023396            0            0            0            0            0            0            0            0            0           10         0.09         0.15  
          0            0           -4  -0.00020992    0.0053763    0.0077128   -0.0023365     0.057963   -0.0015854   -0.0018862   0.00030075     -0.01649  -0.00026695   -5.598e-06  -0.00026135    -0.039045   -0.0005657            0    -0.024939       1.1198     -0.27759       6.8864    -0.024939  -7.1704e-07       5.4675     -0.16901            0            0            0       1.3655       -56221           35      -87.764      -1.4797    -0.039782    -0.023955      0.91254       67.168       -1.547      -1.4419  -5.5153e+06       22.356  -1.6661e-06  -0.00019156            0            0            0            0            0            0            0            0            0           10         0.09         0.15  
          0            0         -3.5  -0.00021016    0.0058756    0.0076651   -0.0017896     0.050757   -0.0016342   -0.0018808   0.00024657     -0.01444  -0.00023373  -4.8756e-06  -0.00022885    -0.035769  -0.00051853            0    -0.024968       1.0666     -0.21261       6.0302    -0.024968  -4.3356e-07       4.7877     -0.13469            0            0            0       1.2511       -61335           35      -87.951      -1.2958    -0.041006    -0.020974      0.73329       58.748      -1.1656       -1.263  -6.0169e+06       24.432  -2.1804e-06  -0.00015411            0            0            0            0            0            0            0            0            0           10         0.09         0.15  
          0            0           -3  -0.00021037    0.0063127    0.0076279   -0.0013152     0.043535   -0.0016768   -0.0018764   0.00019958    -0.012385  -0.00020047  -4.1789e-06  -0.00019629    -0.033325  -0.00048336            0    -0.024993       1.0209     -0.15625       5.1721    -0.024993   -1.877e-07       4.1065     -0.10492            0            0            0       1.1657       -65799           35      -88.091      -1.1114    -0.042076    -0.017989      0.57817       50.338     -0.83557      -1.0837  -6.4549e+06       26.249  -2.9728e-06  -0.00012163            0            0            0            0            0            0            0            0            0           10         0.09         0.15  
          0            0         -2.5  -0.00021055    0.0066785    0.0075921   -0.0009136     0.036299   -0.0017125   -0.0018723   0.00015979    -0.010327  -0.00016716  -3.4973e-06  -0.00016367    -0.031527  -0.00045747            0    -0.025015      0.98165     -0.10854       4.3125    -0.025015    2.046e-08        3.424     -0.07971            0            0            0       1.1029       -69522           35      -88.194     -0.92667    -0.042971    -0.015001      0.44707       41.936     -0.55663     -0.90406  -6.8201e+06        27.77  -4.2869e-06  -9.4133e-05            0            0            0            0            0            0            0            0            0           10         0.09         0.15  
          0            0           -2   -0.0002107    0.0069744    0.0075593  -0.00058484     0.029053   -0.0017416   -0.0018688   0.00012722    -0.008265   -0.0001338  -2.8034e-06  -0.00013099     -0.03021  -0.00043852            0    -0.025032       0.9491    -0.069481       3.4516    -0.025032   1.9086e-07       2.7404    -0.059076            0            0            0       1.0569       -72527           35       -88.27     -0.74167    -0.043701    -0.012006      0.33993       33.541     -0.32865     -0.72415  -7.1149e+06       29.001  -6.7061e-06  -7.1623e-05            0            0            0            0            0            0            0            0            0           10         0.09         0.15  
          0            0         -1.5  -0.00021081    0.0072086    0.0075377  -0.00032903     0.021797   -0.0017645   -0.0018664   0.00010188    -0.006201  -0.00010035   -2.072e-06   -9.828e-05    -0.029245  -0.00042462            0    -0.025046      0.92422     -0.03909       2.5896    -0.025046   3.2345e-07       2.0561    -0.043021            0            0            0       1.0231       -74901           35      -88.325     -0.55645    -0.044275   -0.0090052      0.25666       25.151     -0.15148     -0.54402  -7.3478e+06       29.975  -1.1933e-05  -5.4108e-05            0            0            0            0            0            0            0            0            0           10         0.09         0.15  
          0            0           -1   -0.0002109    0.0073753    0.0075215  -0.00014625     0.014535   -0.0017803   -0.0018641   8.3773e-05    -0.004135  -6.6941e-05  -1.4044e-06  -6.5537e-05    -0.028595  -0.00041526            0    -0.025056      0.90636    -0.017375       1.7268    -0.025056   4.1818e-07       1.3711    -0.031549            0            0            0       1.0004       -76588           35      -88.362     -0.37106    -0.044672    -0.006007      0.19722       16.765    -0.025005     -0.36373  -7.5133e+06       30.668  -2.6867e-05  -4.1593e-05            0            0            0            0            0            0            0            0            0           10         0.09         0.15  
          0            0         -0.5  -0.00021094    0.0074688    0.0075054  -3.6563e-05    0.0072687   -0.0017888   -0.0018617   7.2907e-05   -0.0020678  -3.3511e-05  -7.3796e-07  -3.2773e-05    -0.028243  -0.00041021            0    -0.025061      0.89487   -0.0043438      0.86355    -0.025061   4.7503e-07      0.68563    -0.024665            0            0            0      0.98813       -77532           35      -88.382     -0.18556    -0.044884   -0.0030072      0.16157       8.3818     0.050848     -0.18332  -7.6059e+06       31.057  -0.00010752  -3.4083e-05            0            0            0            0            0            0            0            0            0           10         0.09         0.15  
          0            0            0  -0.00021096    0.0074895    0.0074895   3.7108e-09  -4.3021e-17   -0.0017899   -0.0018592   6.9285e-05   2.7703e-17  -4.4531e-18    2.585e-19  -4.7117e-18    -0.028167  -0.00040912            0    -0.025063       0.8898   4.4087e-07  -5.1111e-15    -0.025063   4.9398e-07  -4.8009e-15     -0.02237            0            0            0      0.98547       -77738           35      -88.387   2.4859e-15    -0.044912  -3.9961e-16      0.14969  -9.0341e-14     0.076126   -0.0028645  -7.6261e+06       31.143       1.0595   -3.158e-05            0            0            0            0            0            0            0            0            0           10         0.09         0.15  
          0            0          0.5  -0.00021094    0.0074688    0.0075054  -3.6563e-05   -0.0072687   -0.0017888   -0.0018617   7.2907e-05    0.0020678   3.3511e-05   7.3796e-07   3.2773e-05    -0.028243  -0.00041021            0    -0.025061      0.89487   -0.0043438     -0.86355    -0.025061   4.7503e-07     -0.68563    -0.024665            0            0            0      0.98813       -77532           35      -88.382      0.18556    -0.044884    0.0030072      0.16157      -8.3818     0.050848     -0.18332  -7.6059e+06       31.057  -0.00010752  -3.4083e-05            0            0            0            0            0            0            0            0            0           10         0.09         0.15  
          0            0            1   -0.0002109    0.0073753    0.0075215  -0.00014625    -0.014535   -0.0017803   -0.0018641   8.3773e-05     0.004135   6.6941e-05   1.4044e-06   6.5537e-05    -0.028595  -0.00041526            0    -0.025056      0.90636    -0.017375      -1.7268    -0.025056   4.1818e-07      -1.3711    -0.031549            0            0            0       1.0004       -76588           35      -88.362      0.37106    -0.044672     0.006007      0.19722      -16.765    -0.025005     -0.36373  -7.5133e+06       30.668  -2.6867e-05  -4.1593e-05            0            0            0            0            0            0            0            0            0           10         0.09         0.15  
          0            0          1.5  -0.00021081    0.0072086    0.0075377  -0.00032903    -0.021797   -0.0017645   -0.0018664   0.00010188     0.006201   0.00010035    2.072e-06    9.828e-05    -0.029245  -0.00042462            0    -0.025046      0.92422     -0.03909      -2.5896    -0.025046   3.2345e-07      -2.0561    -0.043021            0            0            0       1.0231       -74901           35      -88.325      0.55645    -0.044275    0.0090052      0.25666      -25.151     -0.15148     -0.54402  -7.3478e+06       29.975  -1.1933e-05  -5.4108e-05            0            0            0            0            0            0            0            0            0           10         0.09         0.15  
          0            0            2   -0.0002107    0.0069744    0.0075593  -0.00058484    -0.029053   -0.0017416   -0.0018688   0.00012722     0.008265    0.0001338   2.8034e-06   0.00013099     -0.03021  -0.00043852            0    -0.025032       0.9491    -0.069481      -3.4516    -0.025032   1.9086e-07      -2.7404    -0.059076            0            0            0       1.0569       -72527           35       -88.27      0.74167    -0.043701     0.012006      0.33993      -33.541     -0.32865     -0.72415  -7.1149e+06       29.001  -6.7061e-06  -7.1623e-05            0            0            0            0            0            0            0            0            0           10         0.09         0.15  
          0            0          2.5  -0.00021055    0.0066785    0.0075921   -0.0009136    -0.036299   -0.0017125   -0.0018723   0.00015979     0.010327   0.00016716   3.4973e-06   0.00016367    -0.031527  -0.00045747            0    -0.025015      0.98165     -0.10854      -4.3125    -0.025015    2.046e-08       -3.424     -0.07971            0            0            0       1.1029       -69522           35      -88.194      0.92667    -0.042971     0.015001      0.44707      -41.936     -0.55663     -0.90406  -6.8201e+06        27.77  -4.2869e-06  -9.4133e-05            0            0            0            0            0            0            0            0            0           10         0.09         0.15  
          0            0            3  -0.00021037    0.0063127    0.0076279   -0.0013152    -0.043535   -0.0016768   -0.0018764   0.00019958     0.012385   0.00020047   4.1789e-06   0.00019629    -0.033325  -0.00048336            0    -0.024993       1.0209     -0.15625      -5.1721    -0.024993   -1.877e-07      -4.1065     -0.10492            0            0            0       1.1657       -65799           35      -88.091       1.1114    -0.042076     0.017989      0.57817      -50.338     -0.83557      -1.0837  -6.4549e+06       26.249  -2.9728e-06  -0.00012163            0            0            0            0            0            0            0            0            0           10         0.09         0.15  
          0            0          3.5  -0.00021016    0.0058756    0.0076651   -0.0017896    -0.050757   -0.0016342   -0.0018808   0.00024657      0.01444   0.00023373   4.8756e-06   0.00022885    -0.035769  -0.00051853            0    -0.024968       1.0666     -0.21261      -6.0302    -0.024968  -4.3356e-07      -4.7877     -0.13469            0            0            0       1.2511       -61335           35      -87.951       1.2958    -0.041006     0.020974      0.73329      -58.748      -1.1656       -1.263  -6.0169e+06       24.432  -2.1804e-06  -0.00015411            0            0            0            0            0            0            0            0            0           10         0.09         0.15  
          0            0            4  -0.00020992    0.0053763    0.0077128   -0.0023365    -0.057963   -0.0015854   -0.0018862   0.00030075      0.01649   0.00026695    5.598e-06   0.00026135    -0.039045   -0.0005657            0    -0.024939       1.1198     -0.27759      -6.8864    -0.024939  -7.1704e-07      -5.4675     -0.16901            0            0            0       1.3655       -56221           35      -87.764       1.4797    -0.039782     0.023955      0.91254      -67.168       -1.547      -1.4419  -5.5153e+06       22.356  -1.6661e-06  -0.00019156            0            0            0            0            0            0            0            0            0           10         0.09         0.15  
          0            0          4.5  -0.00020964    0.0048096    0.0077654   -0.0029559    -0.065153   -0.0015301   -0.0018922   0.00036211     0.018535   0.00030006   6.2925e-06   0.00029376    -0.043588   -0.0006311            0    -0.024906       1.1798     -0.35117      -7.7405    -0.024906  -1.0381e-06      -6.1456     -0.20789            0            0            0       1.5241       -50395           35      -87.504       1.6633    -0.038395     0.026926        1.116      -75.598        -1.98      -1.6204  -4.9437e+06       19.999  -1.3135e-06  -0.00023396            0            0            0            0            0            0            0            0            0           10         0.09         0.15  
          0            0            5  -0.00020933     0.004173    0.0078204   -0.0036475    -0.072322   -0.0014681   -0.0018987   0.00043062     0.020575   0.00033308   6.9892e-06   0.00032609    -0.050163  -0.00072577            0    -0.024869       1.2463     -0.43334      -8.5922    -0.024869  -1.3965e-06      -6.8219     -0.25129            0            0            0       1.7535       -43821           35      -87.128       1.8463    -0.036838     0.029889       1.3439      -84.041      -2.4649      -1.7984  -4.2989e+06       17.352  -1.0613e-06  -0.00028132            0            0            0            0            0            0            0            0            0           10         0.09         0.15  
          0            0          5.5  -0.00020899    0.0034678    0.0078788   -0.0044111    -0.079469   -0.0013991   -0.0019054   0.00050627     0.022608   0.00036603   7.7119e-06   0.00035831    -0.060266  -0.00087123            0    -0.024829       1.3193     -0.52406      -9.4413    -0.024829  -1.7923e-06      -7.4961     -0.29922            0            0            0       2.1055       -36505           35      -86.551       2.0287    -0.035106     0.032846       1.5963      -92.497      -3.0019      -1.9758  -3.5812e+06        14.42  -8.7473e-07   -0.0003336            0            0            0            0            0            0            0            0            0           10         0.09         0.15  
          0            0            6  -0.00020861    0.0026982    0.0079446   -0.0052465    -0.086592    -0.001324    -0.001913   0.00058903     0.024634   0.00039886   8.4312e-06   0.00039043    -0.077317   -0.0011167            0    -0.024784       1.3993     -0.62331      -10.288    -0.024784  -2.2253e-06       -8.168     -0.35165            0            0            0        2.698       -28480           35      -85.579       2.2106    -0.033222     0.035792       1.8733      -100.97      -3.5913      -2.1527  -2.7939e+06       11.219  -7.3282e-07   -0.0003908            0            0            0            0            0            0            0            0            0           10         0.09         0.15  
          0            0          6.5  -0.00020821    0.0018595    0.0080129   -0.0061534    -0.093689   -0.0012421    -0.001921   0.00067887     0.026653   0.00043157   9.1434e-06   0.00042243     -0.11197   -0.0016157            0    -0.024736       1.4856     -0.73106      -11.131    -0.024736  -2.6954e-06      -8.8374     -0.40857            0            0            0       3.8947       -19685           35      -83.611       2.3918    -0.031168     0.038728       2.1752      -109.46      -4.2337      -2.3288  -1.9311e+06        7.732  -6.2238e-07  -0.00045289            0            0            0            0            0            0            0            0            0           10         0.09         0.15  
          0            0            7  -0.00020777    0.0009508    0.0080824   -0.0071316     -0.10076   -0.0011534   -0.0019292   0.00077578     0.028664   0.00046415   9.8562e-06    0.0004543     -0.21852   -0.0031498            0    -0.024684       1.5781     -0.84727       -11.97    -0.024684  -3.2024e-06      -9.5041     -0.46997            0            0            0       7.4719       -10097           35      -77.673       2.5722    -0.028941     0.041651       2.5021      -117.96      -4.9294      -2.5043  -9.9054e+05       3.9536  -5.3476e-07  -0.00051987            0            0            0            0            0            0            0            0            0           10         0.09         0.15  
          0            0          7.5   -0.0002073  -2.4467e-05    0.0081563   -0.0081808     -0.10779   -0.0010584   -0.0019382   0.00087971     0.030666   0.00049663   1.0599e-05   0.00048603       8.4727      0.12199            0    -0.024628        1.677     -0.97192      -12.807    -0.024628  -3.7461e-06      -10.168     -0.53581            0            0            0       34.759       260.71           35       6.7312       2.7518    -0.026559     0.044565       2.8543      -126.49      -5.6787       -2.679        25576     -0.10174  -4.6407e-07   -0.0005917            0            0            0            0            0            0            0            0            0           10         0.09         0.15  
          0            0            8   -0.0002068   -0.0010681    0.0082325   -0.0093005      -0.1148  -0.00095691   -0.0019476   0.00099065     0.032659   0.00052894   1.1327e-05   0.00051761      0.19362    0.0027844            0    -0.024569        1.782       -1.105      -13.639    -0.024569  -4.3265e-06      -10.829     -0.60609            0            0            0       6.6531        11422           35       79.042       2.9307    -0.024011     0.047465        3.232      -135.03      -6.4823      -2.8529   1.1205e+06      -4.4412  -4.0623e-07  -0.00066837            0            0            0            0            0            0            0            0            0           10         0.09         0.15  
          0            0          8.5  -0.00020627   -0.0021815    0.0083091    -0.010491     -0.12177  -0.00084842    -0.001957    0.0011085     0.034641    0.0005611   1.2063e-05   0.00054903     0.094553     0.001358            0    -0.024506       1.8928      -1.2463      -14.467    -0.024506  -4.9434e-06      -11.486     -0.68079            0            0            0       3.2947        23420           35       84.599       3.1086    -0.021289     0.050351       3.6354       -143.6      -7.3407       -3.026   2.2975e+06      -9.0711  -3.5829e-07  -0.00074986            0            0            0            0            0            0            0            0            0           10         0.09         0.15  
          0            0            9   -0.0002057   -0.0033633    0.0083874    -0.011751      -0.1287  -0.00073377   -0.0019671    0.0012334     0.036614    0.0005931    1.281e-05   0.00058029     0.061161   0.00087719            0    -0.024439       2.0095       -1.396       -15.29    -0.024439  -5.5964e-06       -12.14     -0.75987            0            0            0       2.1366        36257           35         86.5       3.2856    -0.018412     0.053223       4.0647      -152.19      -8.2543      -3.1981   3.5568e+06      -13.985  -3.1813e-07  -0.00083613            0            0            0            0            0            0            0            0            0           10         0.09         0.15  
          0            0          9.5  -0.00020511   -0.0046138    0.0084664     -0.01308     -0.13559  -0.00061209   -0.0019772    0.0013651     0.038575   0.00062494   1.3568e-05   0.00061137     0.044455   0.00063667            0    -0.024368        2.132       -1.554      -16.109    -0.024368  -6.2856e-06       -12.79     -0.84332            0            0            0       1.5544        49954           35       87.455       3.4615    -0.015359      0.05608       4.5204      -160.81      -9.2237      -3.3692   4.9005e+06      -19.185  -2.8414e-07  -0.00092717            0            0            0            0            0            0            0            0            0           10         0.09         0.15  
          0            0           10  -0.00020448   -0.0059323    0.0085467    -0.014479     -0.14245  -0.00048371   -0.0019874    0.0015037     0.040524    0.0006566   1.4333e-05   0.00064227     0.034469    0.0004929            0    -0.024294       2.2601      -1.7202      -16.923    -0.024294  -7.0105e-06      -13.437     -0.93111            0            0            0       1.2057        64524           35       88.026       3.6365    -0.012137     0.058921       5.0026      -169.45       -10.25      -3.5393   6.3298e+06      -24.667  -2.5512e-07   -0.0010229            0            0            0            0            0            0            0            0            0           10         0.09         0.15  
          0            0         10.5  -0.00020383    -0.007319    0.0086275    -0.015946     -0.14925  -0.00034846   -0.0019975     0.001649     0.042461   0.00068807   1.5101e-05   0.00067297     0.027849   0.00039759            0    -0.024216       2.3936      -1.8945      -17.732    -0.024216  -7.7711e-06      -14.079      -1.0232            0            0            0      0.97434        79992           35       88.405       3.8103   -0.0087438     0.061745       5.5116      -178.12      -11.333      -3.7083   7.8472e+06      -30.434  -2.3016e-07   -0.0011234            0            0            0            0            0            0            0            0            0           10         0.09         0.15  
          0            0           11  -0.00020314    -0.008774    0.0087082    -0.017482     -0.15602  -0.00020623   -0.0020074    0.0018012     0.044385   0.00071934   1.5878e-05   0.00070346     0.023152   0.00032998            0    -0.024134       2.5326       -2.077      -18.536    -0.024134  -8.5671e-06      -14.717      -1.1196            0            0            0      0.81011        96382           35       88.674       3.9829   -0.0051748     0.064551       6.0479      -186.82      -12.474      -3.8762    9.455e+06      -36.484  -2.0853e-07   -0.0012286            0            0            0            0            0            0            0            0            0           10         0.09         0.15  
          0            0         11.5  -0.00020242    -0.010295    0.0087907    -0.019086     -0.16273  -5.7882e-05   -0.0020179      0.00196     0.046296   0.00075041   1.6669e-05   0.00073374     0.019662   0.00027974            0    -0.024049       2.6769      -2.2675      -19.334    -0.024049  -9.3982e-06       -15.35      -1.2202            0            0            0      0.68804   1.1369e+05           35       88.874       4.1544   -0.0014524     0.067339       6.6117      -195.56      -13.674       -4.043   1.1153e+07      -42.808  -1.8966e-07   -0.0013383            0            0            0            0            0            0            0            0            0           10         0.09         0.15  
          0            0           12  -0.00020167    -0.011883    0.0088737    -0.020757      -0.1694   9.6932e-05   -0.0020286    0.0021255     0.048192   0.00078126   1.7465e-05    0.0007638     0.016972   0.00024102            0     -0.02396       2.8265       -2.466      -20.126     -0.02396  -1.0264e-05      -15.979      -1.3251            0            0            0      0.59393   1.3196e+05           35       89.028       4.3246    0.0024322     0.070107       7.2035      -204.32      -14.933      -4.2084   1.2945e+07      -49.411  -1.7311e-07   -0.0014528            0            0            0            0            0            0            0            0            0           10         0.09         0.15  
          0            0         12.5   -0.0002009    -0.013538    0.0089564    -0.022494     -0.17601   0.00025868    -0.002039    0.0022977     0.050074   0.00081189   1.8265e-05   0.00079362      0.01484   0.00021033            0    -0.023867        2.981      -2.6724      -20.911    -0.023867  -1.1165e-05      -16.603      -1.4342            0            0            0      0.51933   1.5121e+05           35        89.15       4.4934    0.0064908     0.072855       7.8236      -213.12      -16.252      -4.3726   1.4834e+07      -56.293  -1.5851e-07   -0.0015717            0            0            0            0            0            0            0            0            0           10         0.09         0.15  
          0            0           13  -0.00020009    -0.015259    0.0090388    -0.024298     -0.18257   0.00042706   -0.0020493    0.0024764      0.05194   0.00084228   1.9073e-05    0.0008232     0.013113   0.00018548            0    -0.023772       3.1405      -2.8868      -21.691    -0.023772    -1.21e-05      -17.222      -1.5474            0            0            0       0.4589   1.7147e+05           35       89.249       4.6609     0.010716     0.075583       8.4725      -221.96      -17.633      -4.5355   1.6821e+07      -63.451  -1.4556e-07   -0.0016952            0            0            0            0            0            0            0            0            0           10         0.09         0.15  
          0            0         13.5  -0.00019925    -0.017047    0.0091207    -0.026168     -0.18908    0.0006023   -0.0020593    0.0026616     0.053791   0.00087242   1.9885e-05   0.00085253     0.011688   0.00016499            0    -0.023672       3.3047      -3.1089      -22.464    -0.023672  -1.3069e-05      -17.835      -1.6647            0            0            0      0.40906   1.9277e+05           35        89.33        4.827     0.015113     0.078287       9.1505      -230.83      -19.076       -4.697    1.891e+07      -70.885  -1.3403e-07   -0.0018233            0            0            0            0            0            0            0            0            0           10         0.09         0.15  
          0            0           14  -0.00019839    -0.018901     0.009202    -0.028103     -0.19553    0.0007843    -0.002069    0.0028533     0.055625   0.00090231   2.0704e-05    0.0008816     0.010496   0.00014784            0    -0.023569       3.4734      -3.3387       -23.23    -0.023569  -1.4072e-05      -18.444      -1.7862            0            0            0      0.36735   2.1513e+05           35       89.399       4.9916      0.01968      0.08097       9.8582      -239.74      -20.581      -4.8571   2.1104e+07      -78.593  -1.2372e-07   -0.0019557            0            0            0            0            0            0            0            0            0           10         0.09         0.15  
          0            0         14.5  -0.00019749    -0.020819    0.0092833    -0.030102     -0.20192   0.00097301   -0.0020784    0.0030514     0.057442   0.00093194   2.1534e-05   0.00091041    0.0094862   0.00013331            0    -0.023463       3.6468      -3.5763      -23.989    -0.023463  -1.5108e-05      -19.046      -1.9117            0            0            0        0.332   2.3857e+05           35       89.456       5.1547     0.024415     0.083629       10.596       -248.7      -22.151      -5.0157   2.3404e+07      -86.569  -1.1447e-07   -0.0020926            0            0            0            0            0            0            0            0            0           10         0.09         0.15  
          0            0           15  -0.00019657    -0.022801    0.0093646    -0.032166     -0.20824    0.0011683   -0.0020875    0.0032558     0.059242   0.00096131   2.2373e-05   0.00093893     0.008621   0.00012087            0    -0.023353       3.8246      -3.8214       -24.74    -0.023353  -1.6178e-05      -19.643      -2.0412            0            0            0      0.30173   2.6313e+05           35       89.506       5.3162     0.029316     0.086264       11.365       -257.7      -23.787      -5.1727   2.5813e+07       -94.81  -1.0612e-07   -0.0022339            0            0            0            0            0            0            0            0            0           10         0.09         0.15  
