KingAir200B_W1
T1-100.3 m/s-TriUniform-ThickSurf-x0.8m
Freestream speed = 100.310 m/s


 Ctrl        Alpha        Beta         CL           CD           CD_viscous   CD_induced   CY           Cm           Cm_viscous   Cm_pressure  Cl           Cn           Cn_viscous   Cn_pressure  CL/CD        CL^(3/2)/CD  1/sqrt(CL)   Lift_(N)     Drag_(N)     Fx_FF_(N)    Fy_FF_(N)    Fz_FF_(N)    Fx_sum_(N)   Fy_sum_(N)   Fz_sum_(N)   Extra_drag_(N)  Fuse_drag_(N)  Cf_Fuse      Vx_(m/s)     Vz_(m/s)     V_(m/s)      Gamma        L_(N.m)      M_(N.m)      N_(N.m)      CPx_(m)      CPy_(m)      CPz_(m)      BM_(N.m)     m.g.Vz_(W)   Drag_x_V_(W)  Efficiency   XCp.Cl       XNP_(m)      Phugoid_Freq._(Hz)  Phugoid_Damping  Short_Period_Freq._(Hz)  Short_Period_Damping_Ratio  Dutch_Roll_Freq._(Hz)  Dutch_Roll_Damping  Roll_Damping  Spiral_Damping  Mass_(kg)    CoG_x_(m)    CoG_z_(m)    
          0        -12.5            0      -1.0718     0.070407     0.010451     0.059956  -2.1719e-15     -0.03314    0.0013498     -0.03449    3.674e-05   2.0924e-06   3.6803e-07   1.7244e-06      -15.222      -15.759            0       -82983       5451.4       -13429  -1.6816e-10       -82021       -13783  -6.7476e-10       -79690            0            0            0       100.09       -5.395       100.31      -3.7585       47.283        -4813      -7.7094      0.73267  -2.6484e-14      0.17553  -1.4832e+05  -3.0009e+05   5.4683e+05      0.62871     -0.78524            0            0            0            0            0            0            0            0            0         5670          0.8            0  
          0          -12            0      -1.0259     0.065072     0.010138     0.054934  -4.7011e-16    -0.031182    0.0013091    -0.032491   3.5169e-05   1.9612e-06     3.57e-07   1.6042e-06      -15.766      -15.968            0       -79433       5038.4       -12355  -3.6399e-11       -78581       -12628  -5.1987e-10       -76373            0            0            0       100.11      -5.3243       100.31      -3.6294       45.316      -4528.5      -7.0369      0.73278   7.1693e-14      0.17284  -1.4211e+05  -2.9615e+05    5.054e+05      0.62872     -0.75175            0            0            0            0            0            0            0            0            0         5670          0.8            0  
          0        -11.5            0     -0.97983      0.05997     0.009859     0.050111   1.2491e-15    -0.029298    0.0012715     -0.03057   3.3592e-05   1.8352e-06   3.4717e-07    1.488e-06      -16.339      -16.173            0       -75865       4643.3       -11323   9.6714e-11       -75116       -11519    -3.76e-10       -73030            0            0            0       100.12      -5.2569       100.31      -3.5024       43.332        -4255       -6.391      0.73278   1.7825e-13      0.16985  -1.3586e+05   -2.924e+05   4.6577e+05      0.62872     -0.71799            0            0            0            0            0            0            0            0            0         5670          0.8            0  
          0          -11            0     -0.93355     0.055083    0.0095941     0.045489   2.9256e-15    -0.027493     0.001235    -0.028728   3.2008e-05   1.7139e-06   3.3784e-07   1.3761e-06      -16.948      -16.375            0       -72282         4265       -10335   2.2652e-10       -71626       -10459    -2.11e-10       -69662            0            0            0       100.14      -5.1921       100.31      -3.3768       41.333      -3992.8      -5.7729      0.73266   2.9683e-13       0.1665  -1.2957e+05   -2.888e+05   4.2782e+05      0.62871     -0.68397            0            0            0            0            0            0            0            0            0         5670          0.8            0  
          0        -10.5            0     -0.88707     0.050417    0.0093433     0.041074   4.5847e-15    -0.025766    0.0011995    -0.026966   3.0417e-05   1.5974e-06   3.2901e-07   1.2683e-06      -17.595      -16.571            0       -68683       3903.7      -9389.6   3.5498e-10       -68113      -9445.9  -4.8733e-11       -66269            0            0            0       100.15      -5.1306       100.31      -3.2529        39.32        -3742      -5.1826       0.7324   4.0176e-13      0.16275  -1.2323e+05  -2.8538e+05   3.9158e+05      0.62869      -0.6497            0            0            0            0            0            0            0            0            0         5670          0.8            0  
          0          -10            0     -0.84041      0.04598    0.0091122     0.036868   6.2486e-15    -0.024118     0.001166    -0.025284   2.8821e-05   1.4859e-06   3.2087e-07    1.165e-06      -18.278      -16.756            0       -65070       3560.1      -8488.1   4.8381e-10       -64577      -8481.6   1.0401e-10       -62853            0            0            0       100.16      -5.0741       100.31      -3.1316       37.293      -3502.7      -4.6202        0.732   5.4113e-13      0.15851  -1.1685e+05  -2.8223e+05   3.5711e+05      0.62866     -0.61518            0            0            0            0            0            0            0            0            0         5670          0.8            0  
          0         -9.5            0     -0.79356     0.041776    0.0089019     0.032874   7.8674e-15    -0.022548    0.0011342    -0.023683   2.7219e-05   1.3796e-06   3.1347e-07   1.0661e-06      -18.995      -16.922            0       -61443       3234.6      -7630.6   6.0915e-10       -61021      -7565.8    2.525e-10       -59414            0            0            0       100.17      -5.0244       100.31      -3.0135       35.253      -3274.7      -4.0857      0.73142   7.1607e-13       0.1537  -1.1043e+05  -2.7947e+05   3.2447e+05      0.62862     -0.58043            0            0            0            0            0            0            0            0            0         5670          0.8            0  
          0           -9            0     -0.74655      0.03781    0.0087131     0.029097   9.4697e-15    -0.021059    0.0011041    -0.022163   2.5611e-05   1.2786e-06   3.0682e-07   9.7181e-07      -19.745       -17.06            0       -57803       2927.6      -6817.2   7.3321e-10       -57444      -6698.8   4.1553e-10       -55954            0            0            0       100.18      -4.9836       100.31      -2.8994         33.2      -3058.3      -3.5793      0.73065    8.885e-13      0.14821  -1.0398e+05   -2.772e+05   2.9366e+05      0.62857     -0.54546            0            0            0            0            0            0            0            0            0         5670          0.8            0  
          0         -8.5            0     -0.69938     0.034077    0.0085378     0.025539    1.105e-14    -0.019649    0.0010754    -0.020724   2.3998e-05   1.1828e-06   3.0065e-07   8.8217e-07      -20.523      -17.163            0       -54151       2638.5      -6048.3    8.556e-10       -53848        -5881   5.4876e-10       -52474            0            0            0       100.19      -4.9536       100.31      -2.7895       31.135      -2853.6      -3.1015      0.72964   1.0784e-12       0.1419       -97489  -2.7553e+05   2.6467e+05      0.62849     -0.51029            0            0            0            0            0            0            0            0            0         5670          0.8            0  
          0           -8            0     -0.65205     0.030546    0.0083429     0.022203   1.2616e-14    -0.018322    0.0010465    -0.019368    2.238e-05   1.0911e-06   2.9378e-07   7.9729e-07      -21.346      -17.237            0       -50487       2365.1        -5324   9.7681e-10       -50234      -5112.6     6.99e-10       -48975            0            0            0        100.2      -4.9324       100.31      -2.6821       29.059      -2660.9       -2.654      0.72835   1.3212e-12      0.13458       -90966  -2.7435e+05   2.3724e+05       0.6284     -0.47492            0            0            0            0            0            0            0            0            0         5670          0.8            0  
          0         -7.5            0     -0.60459     0.027249    0.0081571     0.019092   1.4167e-14    -0.017075    0.0010196    -0.018095   2.0758e-05   1.0045e-06   2.8724e-07   7.1725e-07      -22.187      -17.252            0       -46811       2109.8      -4644.5   1.0969e-09       -46604      -4393.9   8.3266e-10       -45457            0            0            0       100.21      -4.9282       100.31      -2.5806       26.972      -2479.8      -2.2355      0.72672   1.5827e-12      0.12602       -84411  -2.7412e+05   2.1164e+05      0.62828     -0.43937            0            0            0            0            0            0            0            0            0         5670          0.8            0  
          0           -7            0     -0.55699     0.024208    0.0080003     0.016208   1.5669e-14    -0.015906   0.00099749    -0.016904   1.9131e-05   9.2386e-07   2.8172e-07   6.4214e-07      -23.008      -17.171            0       -43126       1874.4      -4010.2   1.2132e-09       -42958      -3724.9   9.9878e-10       -41922            0            0            0       100.22      -4.9513       100.31      -2.4887       24.874      -2310.1      -1.8453      0.72468    1.898e-12      0.11588       -77828   -2.754e+05   1.8802e+05      0.62813     -0.40364            0            0            0            0            0            0            0            0            0         5670          0.8            0  
          0         -6.5            0     -0.50927     0.021419    0.0078654     0.013554   1.7172e-14    -0.014819    0.0009771    -0.015796   1.7499e-05     8.49e-07   2.7697e-07   5.7204e-07      -23.776      -16.968            0       -39431       1658.4      -3421.1   1.3296e-09       -39297        -3106    1.134e-09       -38372            0            0            0       100.22      -5.0108       100.31      -2.4084       22.768      -2152.2      -1.4839      0.72212   2.2742e-12      0.10373       -71217  -2.7871e+05   1.6636e+05      0.62795     -0.36775            0            0            0            0            0            0            0            0            0         5670          0.8            0  
          0           -6            0     -0.46144     0.018857    0.0077258     0.011131   1.8652e-14    -0.013819   0.00095368    -0.014773   1.5864e-05   7.7908e-07   2.7206e-07   5.0702e-07       -24.47      -16.622            0       -35728       1460.1      -2877.4   1.4442e-09       -35622      -2537.3   1.2795e-09       -34806            0            0            0       100.23      -5.1149       100.31      -2.3402       20.652      -2006.9      -1.1525      0.71888   2.7289e-12      0.08892       -64580   -2.845e+05   1.4646e+05      0.62771     -0.33172            0            0            0            0            0            0            0            0            0         5670          0.8            0  
          0         -5.5            0      -0.4135     0.016561    0.0076179     0.008943   2.0096e-14    -0.012896   0.00093697    -0.013833   1.4225e-05   7.1542e-07   2.6825e-07   4.4717e-07      -24.969      -16.056            0       -32016       1282.3      -2379.4    1.556e-09       -31935      -2019.1   1.4247e-09       -31227            0            0            0       100.23      -5.2953       100.31      -2.2935       18.528      -1872.8     -0.84963      0.71474   3.2779e-12     0.070524       -57921  -2.9454e+05   1.2862e+05      0.62742     -0.29555            0            0            0            0            0            0            0            0            0         5670          0.8            0  
          0           -5            0     -0.36547     0.014521    0.0075308    0.0069905   2.1526e-14     -0.01205   0.00092722    -0.012977   1.2582e-05   6.5773e-07   2.6519e-07   3.9255e-07      -25.168      -15.215            0       -28298       1124.3      -1927.1   1.6667e-09       -28237      -1551.3   1.5646e-09       -27635            0            0            0       100.23      -5.5879       100.31      -2.2753       16.397        -1750     -0.57582      0.70935    3.977e-12      0.04712       -51240  -3.1081e+05   1.1278e+05      0.62703     -0.25925            0            0            0            0            0            0            0            0            0         5670          0.8            0  
          0         -4.5            0     -0.31736     0.012722    0.0074469    0.0052754   2.2934e-14    -0.011288    0.0009173    -0.012206   1.0936e-05   6.0545e-07   2.6223e-07   3.4321e-07      -24.945      -14.053            0       -24573       985.05      -1520.7   1.7757e-09       -24529      -1134.3   1.6967e-09       -24031            0            0            0       100.23        -6.05       100.31      -2.2956       14.259      -1639.4     -0.33198      0.70216   4.8897e-12     0.016416       -44540  -3.3652e+05        98811      0.62653     -0.22284            0            0            0            0            0            0            0            0            0         5670          0.8            0  
          0           -4            0     -0.26918     0.011177    0.0073779    0.0037994   2.4306e-14    -0.010611     0.000908    -0.011519   9.2875e-06   5.5904e-07    2.598e-07   2.9924e-07      -24.083      -12.495            0       -20842       865.43      -1160.4   1.8819e-09       -20812      -768.15   1.8312e-09       -20417            0            0            0       100.22      -6.8045       100.31      -2.3778       12.114      -1541.1     -0.11765      0.69222   6.1227e-12    -0.025521       -37823  -3.7849e+05        86811      0.62583     -0.18633            0            0            0            0            0            0            0            0            0         5670          0.8            0  
          0         -3.5            0     -0.22093    0.0098862    0.0073226    0.0025636   2.5653e-14    -0.010013   0.00090486    -0.010918   7.6361e-06   5.1853e-07   2.5785e-07   2.6067e-07      -22.348      -10.504            0       -17106       765.46      -846.18   1.9862e-09       -17086      -452.91   1.9581e-09       -16794            0            0            0       100.21       -8.094       100.31      -2.5621       9.9644      -1454.2     0.067044      0.67775   7.9147e-12    -0.086074       -31092  -4.5021e+05        76783      0.62482     -0.14974            0            0            0            0            0            0            0            0            0         5670          0.8            0  
          0           -3            0     -0.17263    0.0088556    0.0072863    0.0015692   2.6978e-14   -0.0095006   0.00090059    -0.010401   5.9822e-06   4.8415e-07   2.5658e-07   2.2757e-07      -19.494      -8.0996            0       -13366       685.66      -578.21   2.0888e-09       -13354      -188.71   2.0928e-09       -13162            0            0            0       100.18      -10.497       100.31      -2.9366       7.8094      -1379.8      0.22231      0.65495   1.0694e-11     -0.18089       -24347  -5.8386e+05        68779      0.62322     -0.11307            0            0            0            0            0            0            0            0            0         5670          0.8            0  
          0         -2.5            0     -0.12429    0.0080774    0.0072602   0.00081724   2.8276e-14   -0.0090723   0.00089766   -0.0099699   4.3263e-06   4.5564e-07   2.5566e-07   1.9998e-07      -15.387      -5.4246            0      -9623.2       625.41      -356.54   2.1893e-09      -9616.8       24.367   2.2236e-09      -9522.7            0            0            0        100.1      -15.673       100.31      -3.7184       5.6502      -1317.6      0.34768      0.61415    1.563e-11     -0.35002       -17591  -8.7178e+05        62735      0.62029    -0.076332            0            0            0            0            0            0            0            0            0         5670          0.8            0  
          0           -2            0    -0.075911    0.0075384      0.00723   0.00030838   2.9549e-14   -0.0087282   0.00089595   -0.0096241   2.6685e-06   4.3254e-07    2.546e-07   1.7795e-07       -10.07      -2.7745            0      -5877.6       583.68      -181.26   2.2879e-09      -5874.8       186.26   2.3511e-09      -5877.4            0            0            0       99.819      -30.644       100.31      -5.6712       3.4873      -1267.6      0.44247      0.52098    2.688e-11     -0.73558       -10826  -1.7045e+06        58549      0.61322    -0.039548            0            0            0            0            0            0            0            0            0         5670          0.8            0  
          0         -1.5            0    -0.027511    0.0071666    0.0071234   4.3215e-05   3.0794e-14   -0.0084736   0.00089015   -0.0093638    1.009e-06   4.1235e-07   2.5084e-07   1.6151e-07      -3.8388     -0.63672            0      -2130.1       554.89      -52.415   2.3843e-09      -2129.5       296.93   2.4727e-09      -2227.2            0            0            0       97.071      -133.53       100.31      -14.601       1.3215      -1230.6      0.50332     0.099154   7.7744e-11      -2.4802      -4054.6  -7.4272e+06        55661      0.57474   -0.0027278            0            0            0            0            0            0            0            0            0         5670          0.8            0  
          0           -1            0     0.020902    0.0067383    0.0067161   2.2147e-05    3.201e-14   -0.0083304   0.00085859    -0.009189  -6.5171e-07   3.8721e-07    2.365e-07   1.5071e-07       3.1019      0.44845       6.9169       1618.3       521.73       29.959   2.4785e-09       1618.1       356.33   2.5956e-09         1427            0            0            0       95.471       189.59       100.31       17.868     -0.84668      -1209.8      0.51992       1.6323    -1.07e-10       3.8603       2721.7   1.0545e+07        52334      0.64733     0.034118            0            0            0            0            0            0            0            0            0         5670          0.8            0  
          0         -0.5            0     0.069317    0.0065493    0.0063039   0.00024537   3.3201e-14   -0.0083174   0.00078249   -0.0090999  -2.3135e-06   3.6755e-07   2.2198e-07   1.4557e-07       10.584       2.7866       3.7982         5367       507.09       65.834   2.5707e-09       5366.7       364.45   2.7171e-09       5083.9            0            0            0       99.865       30.511       100.31       5.3975      -3.0165      -1207.9      0.50584       1.0239  -3.3666e-11       1.3445       9500.7   1.6971e+06        50867       0.6426     0.070975            0            0            0            0            0            0            0            0            0         5670          0.8            0  
          0            0            0      0.11773    0.0069003    0.0061874   0.00071291   3.4362e-14   -0.0083322   0.00076426   -0.0090964   -3.976e-06     3.64e-07   2.1788e-07   1.4611e-07       17.061       5.8538       2.9145       9115.2       534.27       55.199   2.6605e-09       9115.2       321.27   2.8355e-09       8742.5            0            0            0       100.14       14.524       100.31       3.3545      -5.1873      -1210.1      0.47488      0.91596  -2.0641e-11      0.89832        16280   8.0786e+05        53593      0.63796      0.10783            0            0            0            0            0            0            0            0            0         5670          0.8            0  
          0          0.5            0      0.16612    0.0075734    0.0061488    0.0014246   3.5496e-14   -0.0084186   0.00076008   -0.0091786  -5.6391e-06    3.689e-07   2.1652e-07   1.5238e-07       21.934       8.9399       2.4535        12862       586.39      -1.9423   2.7484e-09        12862       226.83   2.9521e-09        12402            0            0            0       100.21       9.5102       100.31       2.6103      -7.3584      -1222.6      0.41706      0.87093  -1.5203e-11      0.71256        23059   5.2899e+05        58820      0.63566      0.14468            0            0            0            0            0            0            0            0            0         5670          0.8            0  
          0            1            0      0.21448       0.0085    0.0061199    0.0023801   3.6598e-14   -0.0085901   0.00075637   -0.0093465  -7.3023e-06   3.7988e-07   2.1551e-07   1.6437e-07       25.233       11.686       2.1593        16607       658.13      -105.57   2.8337e-09        16607       81.138   3.0667e-09        16060            0            0            0       100.23       7.2755       100.31       2.2695      -9.5291      -1247.5      0.32925       0.8462   -1.223e-11      0.61091        29833   4.0468e+05        66017      0.63427      0.18149            0            0            0            0            0            0            0            0            0         5670          0.8            0  
          0          1.5            0      0.26281    0.0096652    0.0060864    0.0035788   3.7668e-14   -0.0088495   0.00075032   -0.0095999  -8.9655e-06   3.9643e-07   2.1432e-07   1.8211e-07       27.191        13.94       1.9507        20348       748.35      -255.66   2.9165e-09        20349      -115.75   3.1782e-09        19717            0            0            0       100.24       6.0992       100.31       2.1062      -11.699      -1285.2      0.21084      0.83055  -1.0331e-11      0.54693        36602   3.3926e+05        75067      0.63332      0.21827            0            0            0            0            0            0            0            0            0         5670          0.8            0  
          0            2            0      0.31109     0.011046    0.0060257      0.00502   3.8723e-14    -0.009195   0.00074372   -0.0099388  -1.0628e-05   4.1779e-07   2.1219e-07    2.056e-07       28.163       15.708       1.7929        24087       855.24      -452.16   2.9982e-09        24085      -363.78   3.2882e-09        23371            0            0            0       100.25       5.4125       100.31       2.0335      -13.867      -1335.4      0.06081      0.81972  -9.0356e-12      0.50304        43364   3.0106e+05        85789      0.63262        0.255            0            0            0            0            0            0            0            0            0         5670          0.8            0  
          0          2.5            0      0.35931     0.012688    0.0059849    0.0067029   3.9733e-14   -0.0096218   0.00074127    -0.010363  -1.2291e-05   4.4561e-07   2.1075e-07   2.3486e-07       28.319       16.975       1.6683        27820       982.38      -695.01   3.0764e-09        27816      -662.88   3.3936e-09        27021            0            0            0       100.25       5.0085       100.31       2.0224      -16.033      -1397.4     -0.11863      0.81175  -8.0957e-12      0.47113        50116   2.7859e+05        98542      0.63206      0.29167            0            0            0            0            0            0            0            0            0         5670          0.8            0  
          0            3            0      0.40746      0.01465     0.006024    0.0086263   4.0727e-14    -0.010126   0.00074663    -0.010873  -1.3952e-05     4.82e-07   2.1213e-07   2.6987e-07       27.813       17.754       1.5666        31549       1134.3      -984.14   3.1534e-09        31540        -1013   3.5033e-09        30666            0            0            0       100.25       4.7889       100.31       2.0592      -18.196      -1470.6     -0.32466      0.80561  -7.3575e-12      0.44695        56856   2.6637e+05   1.1378e+05       0.6316      0.32826            0            0            0            0            0            0            0            0            0         5670          0.8            0  
          0          3.5            0      0.45554     0.016887    0.0060979     0.010789   4.1679e-14    -0.010711    0.0007563    -0.011467  -1.5612e-05   5.2538e-07   2.1473e-07   3.1065e-07       26.976       18.207       1.4816        35271       1307.5      -1319.5   3.2271e-09        35256      -1413.9    3.599e-09        34305            0            0            0       100.24       4.6696       100.31        2.123      -20.355      -1555.6      -0.5593      0.80072  -6.7903e-12      0.42803        63582   2.5974e+05   1.3116e+05      0.63119      0.36476            0            0            0            0            0            0            0            0            0         5670          0.8            0  
          0            4            0      0.50353     0.019346    0.0061571     0.013189   4.2608e-14    -0.011383   0.00076405    -0.012147  -1.7271e-05   5.7399e-07   2.1681e-07   3.5717e-07       26.027       18.469       1.4092        38987       1497.9      -1700.9    3.299e-09        38963      -1865.6   3.7072e-09        37937            0            0            0       100.24       4.6035       100.31       2.2003       -22.51      -1653.2     -0.82475      0.79669  -6.3248e-12      0.41287        70292   2.5606e+05   1.5026e+05      0.63083      0.40116            0            0            0            0            0            0            0            0            0         5670          0.8            0  
          0          4.5            0      0.55142     0.022016    0.0061901     0.015826   4.3499e-14    -0.012142   0.00076918    -0.012911  -1.8928e-05   6.2741e-07   2.1798e-07   4.0943e-07       25.046       18.599       1.3467        42695       1704.6      -2128.2    3.368e-09        42660      -2367.9   3.7977e-09        41561            0            0            0       100.23       4.5713       100.31       2.2864       -24.66      -1763.4      -1.1214       0.7933  -5.9445e-12      0.40047        76985   2.5427e+05   1.7099e+05       0.6305      0.43744            0            0            0            0            0            0            0            0            0         5670          0.8            0  
          0            5            0      0.59921     0.024932    0.0062352     0.018697   4.4359e-14    -0.012984   0.00077617     -0.01376  -2.0583e-05   6.8698e-07   2.1957e-07   4.6741e-07       24.034       18.604       1.2918        46395       1930.4      -2601.5   3.4346e-09        46344      -2920.6   3.8969e-09        45175            0            0            0       100.22         4.57       100.31       2.3826      -26.804      -1885.7      -1.4476      0.79039  -5.6206e-12      0.39018        83658   2.5419e+05   1.9364e+05       0.6302      0.47361            0            0            0            0            0            0            0            0            0         5670          0.8            0  
          0          5.5            0      0.64687     0.028117    0.0063169       0.0218   4.5183e-14    -0.013904   0.00078914    -0.014693  -2.2236e-05   7.5353e-07   2.2244e-07   5.3109e-07       23.007       18.504       1.2433        50086         2177      -3120.4   3.4984e-09        50017      -3523.6   3.9857e-09        48778            0            0            0       100.22       4.5947       100.31       2.4888      -28.942      -2019.3      -1.8019      0.78783  -5.3497e-12      0.38152        90308   2.5557e+05   2.1837e+05       0.6299      0.50963            0            0            0            0            0            0            0            0            0         5670          0.8            0  
          0            6            0      0.69442     0.031564    0.0064307     0.025133   4.5977e-14    -0.014904   0.00080645     -0.01571  -2.3886e-05   8.2689e-07   2.2645e-07   6.0045e-07           22       18.333          1.2        53767       2443.9      -3684.8   3.5599e-09        53676      -4176.8   4.0743e-09        52370            0            0            0       100.21       4.6375       100.31       2.6025      -31.073      -2164.5      -2.1844      0.78555  -5.1007e-12      0.37415        96935   2.5795e+05   2.4515e+05      0.62962       0.5455            0            0            0            0            0            0            0            0            0         5670          0.8            0  
          0          6.5            0      0.74182     0.035238    0.0065439     0.028694    4.676e-14     -0.01599   0.00082104    -0.016811  -2.5533e-05   9.0588e-07   2.3044e-07   6.7545e-07       21.052       18.132        1.161        57437       2728.4      -4294.7   3.6205e-09        57319      -4879.8   4.1592e-09        55949            0            0            0        100.2       4.6891       100.31       2.7196      -33.197      -2322.2      -2.5967      0.78349  -4.8998e-12      0.36782   1.0354e+05   2.6082e+05   2.7368e+05      0.62935      0.58121            0            0            0            0            0            0            0            0            0         5670          0.8            0  
          0            7            0      0.78908     0.039131    0.0066505      0.03248   4.7492e-14     -0.01716   0.00083546    -0.017995  -2.7177e-05   9.9024e-07   2.3419e-07   7.5605e-07       20.165       17.913       1.1257        61096       3029.8      -4949.7   3.6772e-09        60947      -5632.5   4.2543e-09        59514            0            0            0       100.19       4.7463       100.31        2.839      -35.312      -2492.1      -3.0388       0.7816  -4.7324e-12      0.36234   1.1011e+05     2.64e+05   3.0392e+05      0.62908      0.61675            0            0            0            0            0            0            0            0            0         5670          0.8            0  
          0          7.5            0      0.83619     0.043256    0.0067663     0.036489   4.8189e-14    -0.018407   0.00085457    -0.019262  -2.8818e-05   1.0805e-06   2.3827e-07   8.4223e-07       19.331       17.677       1.0936        64744       3349.2      -5649.6   3.7311e-09        64558      -6434.7   4.3335e-09        63064            0            0            0       100.18       4.8096       100.31       2.9612      -37.419      -2673.3      -3.5098      0.77985  -4.5611e-12      0.35757   1.1665e+05   2.6752e+05   3.3595e+05      0.62882       0.6521            0            0            0            0            0            0            0            0            0         5670          0.8            0  
          0            8            0      0.88313     0.047616    0.0068987     0.040718   4.8874e-14    -0.019734   0.00087753    -0.020612  -3.0455e-05   1.1769e-06   2.4293e-07   9.3394e-07       18.547       17.429       1.0641        68378       3686.8      -6394.4   3.7842e-09        68151      -7286.1   4.4197e-09        66599            0            0            0       100.16        4.878       100.31       3.0863      -39.516        -2866      -4.0093       0.7782  -4.4156e-12      0.35339   1.2316e+05   2.7133e+05   3.6982e+05      0.62856      0.68725            0            0            0            0            0            0            0            0            0         5670          0.8            0  
          0          8.5            0      0.92989     0.052194    0.0070317     0.045163    4.949e-14    -0.021144     0.000899    -0.022043  -3.2089e-05   1.2787e-06   2.4761e-07   1.0311e-06       17.816        17.18        1.037        71999       4041.3      -7183.7   3.8319e-09        71725      -8186.5   4.4933e-09        70116            0            0            0       100.15       4.9488       100.31       3.2126      -41.603      -3070.8      -4.5379      0.77664  -4.2872e-12      0.34971   1.2964e+05   2.7527e+05   4.0538e+05       0.6283       0.7222            0            0            0            0            0            0            0            0            0         5670          0.8            0  
          0            9            0      0.97647     0.056992    0.0071709     0.049821   5.0087e-14    -0.022638   0.00091872    -0.023557  -3.3718e-05   1.3863e-06   2.5252e-07   1.1338e-06       17.133       16.931        1.012        75606       4412.7      -8017.3   3.8781e-09        75278      -9135.5   4.5713e-09        73615            0            0            0       100.14       5.0217       100.31       3.3403      -43.679      -3287.7      -5.0951      0.77515  -4.1743e-12      0.34645   1.3608e+05   2.7932e+05   4.4264e+05      0.62805      0.75692            0            0            0            0            0            0            0            0            0         5670          0.8            0  
          0          9.5            0       1.0229     0.062045    0.0073551      0.05469   5.0672e-14    -0.024208   0.00094355    -0.025151  -3.5342e-05   1.5007e-06     2.59e-07   1.2417e-06       16.486       16.673      0.98876        79197         4804      -8894.9   3.9234e-09        78810       -10133   4.6403e-09        77095            0            0            0       100.13       5.0992       100.31       3.4712      -45.744      -3515.7       -5.679      0.77372  -4.0711e-12      0.34357   1.4248e+05   2.8363e+05   4.8189e+05      0.62779      0.79141            0            0            0            0            0            0            0            0            0         5670          0.8            0  
          0           10            0       1.0691     0.067339    0.0075741     0.059765   5.1209e-14    -0.025852   0.00097456    -0.026827  -3.6962e-05   1.6218e-06   2.6671e-07   1.3551e-06       15.876       16.415      0.96717        82774       5213.9      -9816.4    3.965e-09        82320       -11178   4.7016e-09        80554            0            0            0       100.11       5.1796       100.31       3.6043      -47.796      -3754.5        -6.29      0.77232  -3.9606e-12        0.341   1.4884e+05    2.881e+05     5.23e+05      0.62753      0.82565            0            0            0            0            0            0            0            0            0         5670          0.8            0  
          0         10.5            0        1.115     0.072831    0.0077884     0.065043    5.172e-14    -0.027577    0.0010048    -0.028582  -3.8577e-05   1.7479e-06   2.7426e-07   1.4736e-06        15.31       16.166      0.94702        86333       5639.1       -10781   4.0045e-09        85806       -12272   4.7681e-09        83993            0            0            0        100.1       5.2591       100.31       3.7371      -49.836      -4005.1      -6.9295      0.77096  -3.8854e-12      0.33871   1.5517e+05   2.9253e+05   5.6566e+05      0.62728      0.85965            0            0            0            0            0            0            0            0            0         5670          0.8            0  
          0           11            0       1.1608     0.078491    0.0079714     0.070519   5.2179e-14    -0.029387    0.0010311    -0.030418  -4.0187e-05   1.8781e-06    2.807e-07   1.5974e-06       14.789       15.933      0.92816        89876       6077.3       -11789     4.04e-09        89267       -13413   4.8331e-09        87409            0            0            0       100.08        5.336       100.31       3.8684      -51.863      -4267.8      -7.5987      0.76963  -3.7914e-12      0.33666   1.6144e+05    2.968e+05   6.0962e+05      0.62702      0.89337            0            0            0            0            0            0            0            0            0         5670          0.8            0  
          0         11.5            0       1.2063     0.084357    0.0081661     0.076191   5.2644e-14    -0.031273    0.0010592    -0.032332  -4.1791e-05   2.0138e-06   2.8756e-07   1.7262e-06         14.3       15.706      0.91048        93402       6531.5       -12840   4.0761e-09        92703       -14600   4.8954e-09        90801            0            0            0       100.07       5.4132       100.31       4.0002      -53.876      -4541.8      -8.2953      0.76831  -3.7205e-12      0.33482   1.6767e+05    3.011e+05   6.5518e+05      0.62676      0.92682            0            0            0            0            0            0            0            0            0         5670          0.8            0  
          0           12            0       1.2516     0.090479    0.0084252     0.082053   5.2998e-14    -0.033225    0.0011006    -0.034325  -4.3389e-05   2.1568e-06   2.9668e-07   1.8601e-06       13.833       15.476      0.89385        96908       7005.5       -13934   4.1035e-09        96112       -15835   4.9635e-09        94169            0            0            0       100.05       5.4937       100.31       4.1347      -55.874      -4825.2      -9.0169        0.767  -3.6542e-12      0.33318   1.7386e+05   3.0558e+05   7.0272e+05      0.62651      0.95998            0            0            0            0            0            0            0            0            0         5670          0.8            0  
          0         12.5            0       1.2967     0.096806    0.0087035     0.088102   5.3384e-14    -0.035257    0.0011395    -0.036396  -4.4982e-05   2.3055e-06   3.0648e-07    1.999e-06       13.394       15.252      0.87819    1.004e+05       7495.4       -15070   4.1334e-09        99493       -17116   5.0166e-09        97512            0            0            0       100.03       5.5743       100.31       4.2697      -57.858      -5120.4      -9.7651       0.7657  -3.5764e-12       0.3317   1.7999e+05   3.1006e+05   7.5186e+05      0.62625      0.99285            0            0            0            0            0            0            0            0            0         5670          0.8            0  
          0           13            0       1.3414      0.10342    0.0090906     0.094333   5.3741e-14    -0.037348    0.0011967    -0.038545  -4.6568e-05   2.4628e-06   3.2011e-07   2.1427e-06        12.97       15.022       0.8634   1.0386e+05       8007.8       -16248    4.161e-09   1.0285e+05       -18443   5.0682e-09   1.0083e+05            0            0            0       100.01       5.6596       100.31       4.4087      -59.825      -5424.1      -10.536       0.7644  -3.5264e-12      0.33038   1.8608e+05    3.148e+05   8.0326e+05      0.62599       1.0254            0            0            0            0            0            0            0            0            0         5670          0.8            0  
          0         13.5            0        1.386       0.1102    0.0094558      0.10074   5.4034e-14     -0.03952    0.0012499     -0.04077  -4.8147e-05   2.6242e-06   3.3297e-07   2.2912e-06       12.577       14.807      0.84942   1.0731e+05       8532.3       -17467   4.1837e-09   1.0617e+05       -19815   5.1178e-09   1.0412e+05            0            0            0       99.994        5.742       100.31       4.5459      -61.776      -5739.5      -11.335       0.7631  -3.4634e-12      0.32919   1.9211e+05   3.1938e+05   8.5587e+05      0.62573       1.0576            0            0            0            0            0            0            0            0            0         5670          0.8            0  
