VTAIL-NO_CENTER_SECTION
T6/1-TriUniform-ThickSurf-beta(0.00,1.00)


 Ctrl        Alpha        Beta         CL           CD           CD_viscous   CD_induced   CY           Cm           Cm_viscous   Cm_pressure  Cl           Cn           Cn_viscous   Cn_pressure  CL/CD        CL^(3/2)/CD  1/sqrt(CL)   Lift_(N)     Drag_(N)     Fx_FF_(N)    Fy_FF_(N)    Fz_FF_(N)    Fx_sum_(N)   Fy_sum_(N)   Fz_sum_(N)   Extra_drag_(N)  Fuse_drag_(N)  Cf_Fuse      Vx_(m/s)     Vz_(m/s)     V_(m/s)      Gamma        L_(N.m)      M_(N.m)      N_(N.m)      CPx_(m)      CPy_(m)      CPz_(m)      BM_(N.m)     m.g.Vz_(W)   Drag_x_V_(W)  Efficiency   XCp.Cl       XNP_(m)      Phugoid_Freq._(Hz)  Phugoid_Damping  Short_Period_Freq._(Hz)  Short_Period_Damping_Ratio  Dutch_Roll_Freq._(Hz)  Dutch_Roll_Damping  Roll_Damping  Spiral_Damping  Mass_(kg)    CoG_x_(m)    CoG_z_(m)    
        -15            0          -15     0.040783      0.08458     0.012085     0.072494      0.16606      0.33888    0.0086786       0.3302     0.098048    0.0023586  -6.7477e-05     0.002426      0.48219     0.097377       4.9518       1.0294       2.1348       3.0174       4.1914       1.0294       1.9993       4.6775       1.0982            0            0            0        6.515            0           15       64.257       2.6911       1.4758     0.064734     -0.46945       2.1798       0.1761       1.7603            0       32.022    0.0011312    -0.019146            0            0            0            0            0            0            0            0            0            0          0.1            0  
        -14            0          -14     0.038519     0.076286     0.011924     0.064362      0.16144      0.30187    0.0085745       0.2933     0.094473    0.0022173  -6.0004e-05    0.0022773      0.50493     0.099098       5.0952      0.97223       1.9255       2.6902       4.0747      0.97223       1.7652       4.4767       1.0335            0            0            0       6.7609            0           15        63.21       2.5929       1.3147     0.060858     -0.43435        2.196      0.17908       1.5916            0       28.882    0.0011366    -0.016731            0            0            0            0            0            0            0            0            0            0          0.1            0  
        -13            0          -13     0.036274     0.068425     0.011796     0.056628      0.15594      0.26658    0.0084984      0.25808     0.090561    0.0020706  -5.4016e-05    0.0021246      0.53013      0.10097       5.2505      0.91556       1.7271       2.3756        3.936      0.91556       1.5435       4.2628      0.96967            0            0            0       7.0257            0           15       62.071       2.4856       1.1609     0.056829     -0.39835       2.2098      0.18255       1.5051            0       25.906    0.0011456    -0.014449            0            0            0            0            0            0            0            0            0            0          0.1            0  
        -12            0          -12     0.034164     0.060979     0.011698     0.049281      0.14953      0.23298    0.0084459      0.22453     0.086272    0.0019245  -4.7352e-05    0.0019719      0.56027      0.10356       5.4102      0.86232       1.5391       2.0739       3.7741      0.86232       1.3339       4.0338      0.90914            0            0            0       7.3317            0           15        60.74       2.3679       1.0146     0.052822     -0.35975       2.2119      0.18629       1.4168            0       23.087    0.0011677    -0.012291            0            0            0            0            0            0            0            0            0            0          0.1            0  
        -11            0          -11     0.032104     0.053985     0.011632     0.042353      0.14224      0.20126    0.0084226      0.19284     0.081642    0.0017739  -4.1171e-05    0.0018151      0.59468      0.10655       5.5811      0.81032       1.3626       1.7869       3.5903      0.81032       1.1376       3.7914      0.85023            0            0            0       7.6669            0           15       59.261       2.2408       0.8765     0.048688     -0.31984       2.2066      0.19055       1.3267            0       20.439    0.0011998    -0.010268            0            0            0            0            0            0            0            0            0            0          0.1            0  
        -10            0          -10     0.030109     0.047473     0.011604     0.035869      0.13413      0.17158    0.0084334      0.16314     0.076688    0.0016189  -3.4689e-05    0.0016536      0.63425      0.11005        5.763      0.75998       1.1982       1.5163       3.3855      0.75998      0.95531       3.5363      0.79333            0            0            0        8.034            0           15       57.615       2.1048      0.74722     0.044434     -0.27859       2.1911      0.19519       1.2348            0       17.974    0.0012461   -0.0083882            0            0            0            0            0            0            0            0            0            0          0.1            0  
         -9            0           -9     0.028533      0.04141     0.011613     0.029797      0.12504      0.14384    0.0084798      0.13536     0.071295    0.0014665  -2.8714e-05    0.0014952      0.68905      0.11639         5.92       0.7202       1.0452       1.2613        3.156       0.7202      0.78669        3.264      0.74686            0            0            0       8.5109            0           15       55.431       1.9568      0.62642     0.040251     -0.23171       2.1333      0.19918       1.1405            0       15.678    0.0013472   -0.0066115            0            0            0            0            0            0            0            0            0            0          0.1            0  
         -8            0           -8      0.02703     0.035716     0.011657     0.024059      0.11459      0.11777    0.0085601      0.10921     0.065201    0.0013121  -2.2465e-05    0.0013346      0.75681      0.12443       6.0824      0.68226       0.9015       1.0197       2.8923      0.68226      0.63147       2.9638      0.70203            0            0            0        9.052            0           15       52.881       1.7896      0.51287     0.036014     -0.18287       2.0458       0.2041      0.98828            0       13.522    0.0014973    -0.004943            0            0            0            0            0            0            0            0            0            0          0.1            0  
         -7            0           -7     0.024916     0.030462     0.011725     0.018737      0.10281     0.093619    0.0086637     0.084955     0.058356    0.0011392  -1.8298e-05    0.0011575      0.81796      0.12911       6.3352       0.6289      0.76887       0.7951       2.5949       0.6289      0.49132        2.637      0.64163            0            0            0        9.497            0           15       50.718       1.6017      0.40771     0.031268     -0.13913       1.9748       0.2111      0.88088            0       11.533    0.0016336   -0.0034666            0            0            0            0            0            0            0            0            0            0          0.1            0  
         -6            0           -6     0.023167     0.025749     0.011808     0.013941     0.089865     0.071918     0.008781     0.063137     0.050867   0.00097192  -1.3736e-05   0.00098565       0.8997      0.13694         6.57      0.58474      0.64992      0.59221       2.2682      0.58474      0.36759        2.288       0.5906            0            0            0       10.033            0           15       48.022       1.3961       0.3132     0.026676    -0.091829       1.8423      0.21763      0.76734            0       9.7488    0.0018981   -0.0021274            0            0            0            0            0            0            0            0            0            0          0.1            0  
         -5            0           -5     0.021624     0.021699     0.011894    0.0098055       0.0762     0.053212    0.0088958     0.044316     0.043031   0.00080556   -1.046e-05   0.00081602      0.99655      0.14654       6.8003      0.54581       0.5477      0.41671       1.9233      0.54581      0.26191       1.9279      0.54554            0            0            0       10.588            0           15       45.099       1.1811      0.23174      0.02211    -0.045238       1.6627      0.22399      0.65092            0       8.2155    0.0023512  -0.00097824            0            0            0            0            0            0            0            0            0            0          0.1            0  
         -4            0           -4     0.020352     0.018324     0.011974    0.0063499       0.0618       0.0376    0.0089991     0.028601     0.034829   0.00064197  -7.3694e-06   0.00064934       1.1107      0.15845       7.0097      0.51368       0.4625      0.26974       1.5599      0.51368      0.17461       1.5554      0.50811            0            0            0       11.147            0           15       41.999      0.95595      0.16375      0.01762  -0.00091082       1.4252      0.23005      0.53147            0       6.9375    0.0032159  -1.8537e-05            0            0            0            0            0            0            0            0            0            0          0.1            0  
         -3            0           -3     0.019147     0.015683     0.012051    0.0036326     0.046945     0.025322    0.0090944     0.016227      0.02643   0.00047888  -4.7189e-06    0.0004836       1.2209      0.16893       7.2269      0.48328      0.39585      0.15391       1.1849      0.48328      0.10636       1.1768      0.47345            0            0            0       11.604            0           15       39.321       0.7254      0.11028     0.013144      0.03747       1.1465      0.23659       0.4102            0       5.9378    0.0049758   0.00071744            0            0            0            0            0            0            0            0            0            0          0.1            0  
         -2            0           -2     0.018383      0.01376     0.012102    0.0016584     0.031553     0.016407    0.0091574    0.0072492     0.017746   0.00031765  -3.8358e-06   0.00032148        1.336      0.18114       7.3754      0.46401      0.34731     0.069696      0.79641      0.46401     0.057258      0.78865      0.45101            0            0            0       12.009            0           15       36.815      0.48706      0.07145    0.0087183     0.068654      0.80031      0.24146      0.26474            0       5.2097     0.010047    0.0012621            0            0            0            0            0            0            0            0            0            0          0.1            0  
         -1            0           -1     0.017899     0.012603     0.012139   0.00046424     0.015858     0.011028    0.0092032     0.001825    0.0089078   0.00015974  -8.7892e-07   0.00016062       1.4202         0.19       7.4747      0.45177      0.31811     0.018706      0.40026      0.45177     0.027696      0.39566      0.43684            0            0            0       12.265            0           15       35.151      0.24449     0.048028    0.0043844     0.088722      0.41216      0.24439      0.14873            0       4.7717     0.034023     0.001588            0            0            0            0            0            0            0            0            0            0          0.1            0  
          0            0            0     0.017737     0.012233     0.012169   6.4358e-05   7.1589e-05    0.0092497    0.0092392   1.0517e-05   3.6743e-05   9.5406e-07   4.9538e-08   9.0452e-07       1.4498      0.19309       7.5087      0.44768      0.30878    0.0016244    0.0018069      0.44768      0.01782    0.0017927       0.4321            0            0            0       12.348            0           15       34.595    0.0010085     0.040282   2.6186e-05     0.095678    0.0017137       0.2454     0.033034            0       4.6317        0.241     0.001697            0            0            0            0            0            0            0            0            0            0          0.1            0  
          1            0            1     0.017879     0.012599     0.012139   0.00045951    -0.015715     0.011013    0.0092036    0.0018096   -0.0088343  -0.00015788    8.833e-07  -0.00015877       1.4191      0.18975       7.4787      0.45128        0.318     0.018524     -0.39665      0.45128     0.027645     -0.39207      0.43634            0            0            0       12.262            0           15       35.171     -0.24247     0.047962   -0.0043334     0.088785     -0.40921      0.24454      0.14773            0         4.77     0.034298    0.0015874            0            0            0            0            0            0            0            0            0            0          0.1            0  
          2            0            2     0.018349     0.013751     0.012102    0.0016492    -0.031413     0.016377    0.0091577    0.0072196    -0.017673  -0.00031574   3.8468e-06  -0.00031958       1.3344      0.18075       7.3823      0.46314      0.34709     0.069339     -0.79289      0.46314     0.057158     -0.78514      0.45014            0            0            0       12.003            0           15       36.849     -0.48507     0.071323   -0.0086659     0.068732     -0.79853      0.24169      0.26369            0       5.2063     0.010066    0.0012612            0            0            0            0            0            0            0            0            0            0          0.1            0  
          3            0            3     0.019092     0.015666     0.012051    0.0036147    -0.046766     0.025263    0.0090951     0.016168    -0.026331  -0.00047658   4.7486e-06  -0.00048133       1.2187      0.16839       7.2373      0.48189      0.39541      0.15322      -1.1804      0.48189      0.10618      -1.1723      0.47204            0            0            0       11.596            0           15       39.371     -0.72269      0.11002     -0.01308     0.037548      -1.1455      0.23695      0.40864            0       5.9312    0.0049718   0.00071687            0            0            0            0            0            0            0            0            0            0          0.1            0  
          4            0            4     0.020286     0.018301     0.011975    0.0063265    -0.061626     0.037522        0.009     0.028523    -0.034732  -0.00063959   7.3945e-06  -0.00064698       1.1084      0.15787       7.0211      0.51202      0.46193      0.26884      -1.5555      0.51202      0.17436       -1.551      0.50641            0            0            0       11.137            0           15       42.056     -0.95327      0.16341    -0.017554  -0.00091844      -1.4258      0.23045      0.52991            0       6.9289     0.003207  -1.8631e-05            0            0            0            0            0            0            0            0            0            0          0.1            0  
          5            0            5     0.021538     0.021678     0.011894    0.0097837    -0.076071     0.053137    0.0088964      0.04424    -0.042957  -0.00080326   1.0486e-05  -0.00081375      0.99354      0.14581       6.8139      0.54363      0.54716      0.41587      -1.9201      0.54363      0.26168      -1.9246      0.54332            0            0            0       10.572            0           15       45.186       -1.179      0.23141    -0.022047    -0.045527      -1.6665      0.22441      0.64959            0       8.2074    0.0023377  -0.00098056            0            0            0            0            0            0            0            0            0            0          0.1            0  
          6            0            6     0.023075     0.025708     0.011809     0.013899    -0.089659     0.071772    0.0087819      0.06299    -0.050743  -0.00096907   1.3765e-05  -0.00098283       0.8976      0.13635        6.583      0.58243      0.64888       0.5906       -2.263      0.58243      0.36714      -2.2826      0.58821            0            0            0        10.02            0           15       48.089      -1.3927      0.31257    -0.026598    -0.092078      -1.8451      0.21807      0.76537            0       9.7332    0.0018888   -0.0021247            0            0            0            0            0            0            0            0            0            0          0.1            0  
          7            0            7     0.024837     0.030433     0.011725     0.018708     -0.10269     0.093518    0.0086641     0.084854    -0.058285    -0.001137   1.8308e-05   -0.0011553      0.81611      0.12862       6.3453      0.62689      0.76815        0.794      -2.5919      0.62689      0.49101      -2.6338      0.63957            0            0            0       9.4841            0           15       50.782      -1.5997      0.40727    -0.031208     -0.13957      -1.9788      0.21144      0.87966            0       11.522    0.0016257   -0.0034664            0            0            0            0            0            0            0            0            0            0          0.1            0  
          8            0            8     0.027012     0.035698     0.011657     0.024041     -0.11452      0.11771    0.0085603      0.10915    -0.065167   -0.0013112   2.2468e-05   -0.0013337      0.75669      0.12436       6.0844       0.6818      0.90103        1.019      -2.8906       0.6818      0.63125       -2.962      0.70157            0            0            0       9.0511            0           15       52.886      -1.7886      0.51262    -0.035989     -0.18288      -2.0461      0.20425      0.98781            0       13.515    0.0014964   -0.0049401            0            0            0            0            0            0            0            0            0            0          0.1            0  
          9            0            9     0.028564     0.041428     0.011613     0.029814     -0.12509      0.14392    0.0084797      0.13544    -0.071343   -0.0014671   2.8703e-05   -0.0014958       0.6895      0.11653       5.9168      0.72098       1.0457        1.262      -3.1574      0.72098      0.78689      -3.2656      0.74774            0            0            0       8.5147            0           15       55.414      -1.9581      0.62677    -0.040267     -0.23155      -2.1324      0.19916       1.1413            0       15.685    0.0013493   -0.0066142            0            0            0            0            0            0            0            0            0            0          0.1            0  
         10            0           10     0.030128     0.047501     0.011604     0.035897     -0.13421       0.1717    0.0084332      0.16326    -0.076748   -0.0016194   3.4668e-05    -0.001654      0.63425      0.11009       5.7613      0.76043       1.1989       1.5173      -3.3875      0.76043      0.95565      -3.5386      0.79391            0            0            0       8.0341            0           15       57.615      -2.1065      0.74773    -0.044446     -0.27864      -2.1915      0.19516       1.2357            0       17.984    0.0012467   -0.0083949            0            0            0            0            0            0            0            0            0            0          0.1            0  
         11            0           11     0.032146     0.054043     0.011632     0.042411     -0.14239       0.2015    0.0084223      0.19308    -0.081752   -0.0017752   4.1205e-05   -0.0018164      0.59482      0.10665       5.5775      0.81138       1.3641       1.7891      -3.5941      0.81138       1.1384      -3.7957      0.85154            0            0            0       7.6683            0           15       59.255      -2.2438      0.87755    -0.048722     -0.31983      -2.2066       0.1905       1.3285            0       20.461    0.0012013    -0.010281            0            0            0            0            0            0            0            0            0            0          0.1            0  
         12            0           12     0.034242     0.061046     0.011697     0.049349     -0.14968      0.23325    0.0084455      0.22481    -0.086386   -0.0019268   4.7391e-05   -0.0019742      0.56092       0.1038       5.4041      0.86429       1.5408       2.0764       -3.778      0.86429       1.3348      -4.0384      0.91136            0            0            0       7.3383            0           15       60.711       -2.371       1.0158    -0.052885      -0.3593      -2.2098      0.18617       1.4188            0       23.112    0.0011715    -0.012303            0            0            0            0            0            0            0            0            0            0          0.1            0  
         13            0           13     0.036371     0.068503     0.011796     0.056708      -0.1561       0.2669    0.0084978       0.2584    -0.090681   -0.0020736   5.4079e-05   -0.0021277      0.53094      0.10126       5.2435      0.91803       1.7291       2.3786      -3.9401      0.91803       1.5445      -4.2678       0.9724            0            0            0       7.0341            0           15       62.034      -2.4889       1.1623    -0.056913     -0.39766      -2.2068      0.18238       1.5072            0       25.936    0.0011501    -0.014463            0            0            0            0            0            0            0            0            0            0          0.1            0  
         14            0           14     0.038619     0.076377     0.011923     0.064454     -0.16161      0.30224    0.0085739      0.29367      -0.0946   -0.0022205   6.0018e-05   -0.0022805      0.50564     0.099367       5.0886      0.97477       1.9278       2.6937      -4.0791      0.97477       1.7665      -4.4822       1.0364            0            0            0       6.7685            0           15       63.177      -2.5964       1.3163    -0.060946     -0.43366      -2.1932      0.17892       1.5938            0       28.917    0.0011409    -0.016748            0            0            0            0            0            0            0            0            0            0          0.1            0  
         15            0           15     0.040863     0.084655     0.012085     0.072571     -0.16619      0.33917    0.0086781      0.33049    -0.098142   -0.0023611   6.7489e-05   -0.0024286       0.4827     0.097575       4.9469       1.0314       2.1367       3.0203      -4.1947       1.0314       2.0004      -4.6817       1.1004            0            0            0       6.5206            0           15       64.233      -2.6937       1.4771    -0.064803     -0.46887      -2.1776      0.17597        1.762            0       32.051    0.0011344    -0.019159            0            0            0            0            0            0            0            0            0            0          0.1            0  
