SOLARTII_v1_Mass_Dihedral_0deg_sweep_35deg
T1-20.0 m/s-VLM1-x1.03m-z0.0m
Freestream speed = 20.000 m/s


 Ctrl        Alpha        Beta         CL           CD           CD_viscous   CD_induced   CY           Cm           Cm_viscous   Cm_pressure  Cl           Cn           Cn_viscous   Cn_pressure  CL/CD        CL^(3/2)/CD  1/sqrt(CL)   Lift_(N)     Drag_(N)     Fx_FF_(N)    Fy_FF_(N)    Fz_FF_(N)    Fx_sum_(N)   Fy_sum_(N)   Fz_sum_(N)   Extra_drag_(N)  Fuse_drag_(N)  Cf_Fuse      Vx_(m/s)     Vz_(m/s)     V_(m/s)      Gamma        L_(N.m)      M_(N.m)      N_(N.m)      CPx_(m)      CPy_(m)      CPz_(m)      BM_(N.m)     m.g.Vz_(W)   Drag_x_V_(W)  Efficiency   XCp.Cl       XNP_(m)      Phugoid_Freq._(Hz)  Phugoid_Damping  Short_Period_Freq._(Hz)  Short_Period_Damping_Ratio  Dutch_Roll_Freq._(Hz)  Dutch_Roll_Damping  Roll_Damping  Spiral_Damping  Mass_(kg)    CoG_x_(m)    CoG_z_(m)    
          0           -8            0     -0.64037     0.030103     0.020213    0.0098906  -7.7843e-07     0.023507   0.00068717      0.02282  -3.7169e-07  -2.3613e-07  -7.0419e-08  -1.6571e-07      -21.272      -17.023            0      -165.35        7.773      -20.483    -0.000201       -164.1      -23.003  -0.00018594      -163.67            0            0            0       19.978      -1.0113           20      -2.6915  -0.00060597        3.365  -0.00028212       1.0498   3.8874e-06    0.0037754      -105.76      -193.48       155.46       1.0448     -0.67226            0            0            0            0            0            0            0            0            0       19.502         1.03    0.0018594  
          0         -7.5            0     -0.60096     0.026708      0.01799    0.0087177  -8.5271e-07     0.023364    0.0005151     0.022849  -3.2789e-07  -1.9817e-07  -1.7371e-08   -1.808e-07      -22.501      -17.443            0      -155.17       6.8962      -18.023  -0.00022018      -154.14      -20.244    -0.000206      -153.77            0            0            0        19.98     -0.98693           20      -2.5447   -0.0005402       3.3445  -0.00023808        1.051   3.7181e-06    0.0037177      -99.366      -188.81       137.92        1.044     -0.63159            0            0            0            0            0            0            0            0            0       19.502         1.03    0.0018594  
          0           -7            0     -0.56149     0.024042     0.016425    0.0076172   -9.256e-07      0.02331   0.00043939     0.022871  -2.8436e-07  -2.0764e-07  -1.1969e-08  -1.9567e-07      -23.354        -17.5            0      -144.98        6.208      -15.717    -0.000239      -144.14      -17.658  -0.00022571      -143.81            0            0            0       19.982     -0.98374           20      -2.4518  -0.00047421       3.3368   -0.0002656       1.0523   3.5252e-06    0.0036521      -92.936       -188.2       124.16        1.043     -0.59088            0            0            0            0            0            0            0            0            0       19.502         1.03    0.0018594  
          0         -6.5            0     -0.52196      0.02132     0.014731    0.0065898  -9.9706e-07     0.023234   0.00034821     0.022886  -2.4109e-07  -2.2134e-07  -1.1013e-08  -2.1032e-07      -24.482      -17.687            0      -134.78       5.5051      -13.566  -0.00025745       -134.1      -15.246  -0.00024507      -133.82            0            0            0       19.983     -0.97332           20       -2.339    -0.000408       3.3259  -0.00029842        1.054   3.3033e-06    0.0035767      -86.479      -186.21        110.1       1.0418     -0.55012            0            0            0            0            0            0            0            0            0       19.502         1.03    0.0018594  
          0           -6            0     -0.48238     0.018461     0.012825    0.0056358  -1.0671e-06     0.023143   0.00024928     0.022893  -1.9809e-07  -2.3344e-07  -8.6946e-09  -2.2475e-07       -26.13      -18.148            0      -124.55       4.7667      -11.572  -0.00027553      -124.02       -13.01  -0.00026407      -123.78            0            0            0       19.985     -0.94861           20      -2.1917  -0.00034161       3.3128   -0.0003276       1.0559    3.045e-06     0.003489      -79.995      -181.48       95.335       1.0404     -0.50932            0            0            0            0            0            0            0            0            0       19.502         1.03    0.0018594  
          0         -5.5            0     -0.44274     0.016178     0.011423    0.0047556  -1.1356e-06     0.023084   0.00018967     0.022894  -1.5535e-07  -2.3419e-07   4.7436e-09  -2.3893e-07      -27.367       -18.21            0      -114.32       4.1774      -9.7348  -0.00029323      -113.91      -10.948  -0.00028269       -113.7            0            0            0       19.987     -0.94541           20      -2.0927  -0.00027505       3.3044  -0.00033808       1.0581   2.7406e-06    0.0033858      -73.487      -180.87       83.547       1.0387     -0.46848            0            0            0            0            0            0            0            0            0       19.502         1.03    0.0018594  
          0           -5            0     -0.40307     0.014456     0.010506    0.0039497  -1.2027e-06     0.023057    0.0001689     0.022888  -1.1287e-07  -2.4382e-07   9.0489e-09  -2.5287e-07      -27.883      -17.702            0      -104.08       3.7326      -8.0548  -0.00031055      -103.77      -9.0633  -0.00030095      -103.59            0            0            0       19.987     -0.97252           20       -2.054  -0.00020835       3.3005  -0.00036106       1.0609   2.3764e-06    0.0032623      -66.956      -186.06       74.653       1.0365      -0.4276            0            0            0            0            0            0            0            0            0       19.502         1.03    0.0018594  
          0         -4.5            0     -0.36335     0.013294     0.010075    0.0032183  -1.2683e-06     0.023033   0.00015849     0.022875  -7.0649e-08  -2.5483e-07   1.1722e-08  -2.6655e-07      -27.332      -16.476            0      -93.821       3.4326      -6.5326  -0.00032748      -93.597      -7.3549  -0.00031883      -93.453            0            0            0       19.987      -1.0449           20      -2.0953  -0.00014152       3.2971  -0.00038499       1.0642   1.9326e-06    0.0031118      -60.406      -199.91       68.652       1.0337      -0.3867            0            0            0            0            0            0            0            0            0       19.502         1.03    0.0018594  
          0           -4            0      -0.3236     0.012361    0.0097995    0.0025617  -1.3323e-06     0.023008   0.00015367     0.022854  -2.8678e-08  -2.6772e-07   1.2255e-08  -2.7997e-07      -26.179      -14.892            0      -83.557       3.1918      -5.1688  -0.00034402      -83.399      -5.8238  -0.00033632      -83.284            0            0            0       19.985       -1.156           20      -2.1876  -7.4578e-05       3.2935  -0.00041066       1.0685   1.3799e-06    0.0029245      -53.837      -221.16       63.836       1.0301     -0.34576            0            0            0            0            0            0            0            0            0       19.502         1.03    0.0018594  
          0         -3.5            0     -0.28382     0.011709    0.0097286    0.0019801  -1.3948e-06     0.022974   0.00014711     0.022827   1.3043e-08   -2.808e-07   1.2326e-08  -2.9312e-07       -24.24      -12.914            0      -73.286       3.0233      -3.9637  -0.00036016       -73.18      -4.4704  -0.00035342       -73.09            0            0            0       19.983      -1.3331           20      -2.3623  -7.5537e-06       3.2887  -0.00043545       1.0739   6.7232e-07    0.0026848      -47.252      -255.04       60.466       1.0252     -0.30479            0            0            0            0            0            0            0            0            0       19.502         1.03    0.0018594  
          0           -3            0     -0.24402     0.011259     0.009785    0.0014735  -1.4558e-06     0.022934   0.00014203     0.022792   5.4518e-08  -2.9469e-07   1.1312e-08    -3.06e-07      -21.674      -10.707            0      -63.008       2.9071      -2.9177  -0.00037589      -62.942      -3.2951  -0.00037013      -62.873            0            0            0       19.979      -1.6079           20      -2.6416   5.9536e-05        3.283  -0.00046034       1.0811  -2.6598e-07    0.0023669      -40.652      -307.62       58.141       1.0183     -0.26381            0            0            0            0            0            0            0            0            0       19.502         1.03    0.0018594  
          0         -2.5            0      -0.2042     0.010905    0.0098628    0.0010421  -1.5151e-06     0.022886    0.0001346     0.022751   9.5749e-08  -3.0836e-07   1.0223e-08  -3.1859e-07      -18.725      -8.4617            0      -52.726       2.8158      -2.0311  -0.00039122      -52.688      -2.2982  -0.00038644      -52.638            0            0            0       19.972      -2.0345           20      -3.0569   0.00012667        3.276  -0.00048375       1.0911  -1.5702e-06     0.001925      -34.041      -389.23       56.315       1.0083      -0.2228            0            0            0            0            0            0            0            0            0       19.502         1.03    0.0018594  
          0           -2            0     -0.16436     0.010689     0.010003   0.00068582  -1.5729e-06     0.022829   0.00012586     0.022703   1.3674e-07  -3.2195e-07   8.9329e-09  -3.3088e-07      -15.377      -6.2342            0       -42.44       2.7599      -1.3042  -0.00040613      -42.421      -1.4802  -0.00040235      -42.387            0            0            0       19.958      -2.7614           20      -3.7208   0.00019383       3.2679  -0.00050587       1.1059  -3.5064e-06     0.001269      -27.419       -528.3       55.199      0.99264     -0.18177            0            0            0            0            0            0            0            0            0       19.502         1.03    0.0018594  
          0         -1.5            0     -0.12452     0.010559     0.010154    0.0004047   -1.629e-06     0.022762   0.00011508     0.022647    1.775e-07  -3.3501e-07   7.8698e-09  -3.4288e-07      -11.793      -4.1614            0      -32.152       2.7264     -0.73718  -0.00042063      -32.144     -0.84116  -0.00041785      -32.123            0            0            0       19.928      -4.1369           20      -4.8469   0.00026099       3.2584  -0.00052604       1.1302  -6.6814e-06   0.00019311      -20.789      -791.46       54.528      0.96545     -0.14074            0            0            0            0            0            0            0            0            0       19.502         1.03    0.0018594  
          0           -1            0    -0.084672      0.01052     0.010321   0.00019861  -1.6835e-06     0.022688   0.00010285     0.022585   2.1802e-07  -3.4834e-07   6.2298e-09  -3.5457e-07      -8.0489      -2.3421            0      -21.863       2.7163     -0.33029   -0.0004347      -21.861     -0.38138  -0.00043293      -21.849            0            0            0       19.847      -7.3504           20      -7.0822   0.00032814       3.2477  -0.00054549       1.1773  -1.2844e-05   -0.0018953      -14.153      -1406.2       54.326      0.90962    -0.099687            0            0            0            0            0            0            0            0            0       19.502         1.03    0.0018594  
          0         -0.5            0    -0.044825     0.010554     0.010487   6.7395e-05  -1.7364e-06     0.022605   8.9362e-05     0.022516   2.5832e-07  -3.6261e-07   3.3447e-09  -3.6595e-07      -4.2471     -0.89919            0      -11.574       2.7253    -0.083603  -0.00044835      -11.574     -0.10096  -0.00044759      -11.569            0            0            0       19.468      -19.145           20      -13.249   0.00039525       3.2359  -0.00056525        1.308  -2.9962e-05   -0.0076965      -7.5123      -3662.8       54.505       0.7513     -0.05863            0            0            0            0            0            0            0            0            0       19.502         1.03    0.0018594  
          0            0            0    -0.004985     0.010668     0.010658   1.0832e-05  -1.7876e-06     0.022515   7.5314e-05      0.02244    2.984e-07  -3.8262e-07  -5.6065e-09  -3.7702e-07     -0.46726    -0.032991            0      -1.2872       2.7547    0.0027968  -0.00046157      -1.2872            0  -0.00046183      -1.2858            0            0            0       8.4665      -521.83           20      -64.955    0.0004623        3.223  -0.00059278       3.5245  -0.00032066     -0.10622     -0.86971       -99833       55.094     0.057813    -0.017569            0            0            0            0            0            0            0            0            0       19.502         1.03    0.0018594  
          0          0.5            0     0.034844     0.010867     0.010838   2.8652e-05  -1.8371e-06     0.022418   6.1235e-05     0.022357   3.3826e-07  -3.9662e-07  -8.8634e-09  -3.8775e-07       3.2065      0.59854       5.3572       8.9972        2.806    -0.071116  -0.00047435       8.9969    -0.078522  -0.00047564       8.9977            0            0            0       19.093       28.762           20       17.321   0.00052928       3.2091  -0.00060986      0.67423   5.3201e-05     0.020489       5.7735       5502.7       56.119       1.0678     0.023493            0            0            0            0            0            0            0            0            0       19.502         1.03    0.0018594  
          0            1            0     0.074658     0.011136     0.011015   0.00012053  -1.8849e-06     0.022313   4.6525e-05     0.022267   3.7791e-07  -4.0835e-07  -1.0193e-08  -3.9816e-07       6.7043       1.8319       3.6598       19.277       2.8754     -0.30532  -0.00048669       19.275      -0.3365  -0.00048903       19.278            0            0            0       19.781       9.3978           20       8.4835   0.00059615       3.1941  -0.00062233      0.86466   2.8247e-05     0.012033       12.414       1797.9       57.507       1.1653     0.064553            0            0            0            0            0            0            0            0            0       19.502         1.03    0.0018594  
          0          1.5            0      0.11445     0.011492     0.011206   0.00028608   -1.931e-06     0.022201   3.1447e-05      0.02217   4.1734e-07  -4.1972e-07  -1.1491e-08  -4.0823e-07       9.9594       3.3693       2.9559       29.552       2.9673     -0.69974  -0.00049859       29.544     -0.77387  -0.00050197       29.553            0            0            0         19.9       5.1095           20       5.7337   0.00066291       3.1781  -0.00063311      0.92276   2.0654e-05    0.0094597       19.051       977.52       59.345       1.1538      0.10561            0            0            0            0            0            0            0            0            0       19.502         1.03    0.0018594  
          0            2            0      0.15422     0.011918     0.011393   0.00052486  -1.9753e-06     0.022083   1.6337e-05     0.022066   4.5658e-07   -4.295e-07  -1.1541e-08  -4.1796e-07       12.939       5.0813       2.5465        39.82       3.0774      -1.2543  -0.00051005       39.801      -1.3905  -0.00051448       39.818            0            0            0       19.941        3.388           20       4.4192   0.00072953       3.1611  -0.00064032      0.95098    1.698e-05    0.0082151       25.682       648.17       61.548       1.1418      0.14666            0            0            0            0            0            0            0            0            0       19.502         1.03    0.0018594  
          0          2.5            0      0.19395     0.012414     0.011577   0.00083637   -2.018e-06     0.021957   1.3476e-06     0.021956   4.9562e-07  -4.3938e-07   -1.204e-08  -4.2734e-07       15.624       6.8807       2.2707        50.08       3.2054      -1.9687  -0.00052105       50.042      -2.1862  -0.00052654       50.071            0            0            0       19.959        2.502           20       3.6622   0.00079599       3.1432  -0.00064658      0.96774   1.4814e-05    0.0074815       32.305       478.67       64.108       1.1334      0.18769            0            0            0            0            0            0            0            0            0       19.502         1.03    0.0018594  
          0            3            0      0.23365     0.012963     0.011743    0.0012201  -2.0588e-06     0.021825  -1.3585e-05     0.021839   5.3446e-07  -4.4939e-07  -1.3011e-08  -4.3638e-07       18.024       8.7124       2.0688       60.331       3.3472      -2.8429  -0.00053161       60.265      -3.1606  -0.00053815       60.309            0            0            0       19.969        1.976           20       3.1756   0.00086227       3.1243  -0.00065193      0.97888   1.3386e-05     0.006998       38.919       378.03       66.944       1.1276      0.22872            0            0            0            0            0            0            0            0            0       19.502         1.03    0.0018594  
          0          3.5            0      0.27331     0.013578     0.011903    0.0016753  -2.0979e-06     0.021687  -2.7932e-05     0.021715   5.7312e-07  -4.5803e-07  -1.2978e-08  -4.4505e-07       20.129       10.523       1.9128       70.571       3.5059      -3.8765  -0.00054171       70.466      -4.3137  -0.00054932       70.528            0            0            0       19.975       1.6359           20       2.8441   0.00092835       3.1045  -0.00065408      0.98687   1.2373e-05    0.0066555        45.52       312.98       70.119       1.1236      0.26972            0            0            0            0            0            0            0            0            0       19.502         1.03    0.0018594  
          0            4            0      0.31292     0.014276     0.012075    0.0022015  -2.1353e-06     0.021543  -4.1402e-05     0.021585    6.116e-07  -4.6746e-07  -1.4086e-08  -4.5337e-07       21.919       12.261       1.7876       80.799       3.6863      -5.0692  -0.00055134       80.642      -5.6448  -0.00056003       80.725            0            0            0       19.979       1.4041           20       2.6122   0.00099421       3.0839  -0.00065635      0.99291   1.1618e-05    0.0064002       52.107       268.62       73.726       1.1208       0.3107            0            0            0            0            0            0            0            0            0       19.502         1.03    0.0018594  
          0          4.5            0      0.35248      0.01507     0.012272    0.0027979  -2.1708e-06     0.021393  -5.4494e-05     0.021448    6.499e-07  -4.7589e-07  -1.4564e-08  -4.6132e-07        23.39       13.887       1.6843       91.015       3.8912      -6.4207  -0.00056052       90.791      -7.1538  -0.00057028       90.898            0            0            0       19.982       1.2397           20       2.4481    0.0010598       3.0624    -0.000656      0.99768   1.1034e-05    0.0062028       58.678       237.17       77.824        1.119      0.35166            0            0            0            0            0            0            0            0            0       19.502         1.03    0.0018594  
          0            5            0      0.39199     0.015932     0.012469    0.0034638  -2.2045e-06     0.021237  -6.7273e-05     0.021304   6.8803e-07   -4.849e-07  -1.5992e-08  -4.6891e-07       24.603       15.404       1.5972       101.22       4.1139      -7.9306  -0.00056923       100.91      -8.8401  -0.00058007       101.04            0            0            0       19.984       1.1176           20       2.3275    0.0011252         3.04  -0.00065547       1.0016   1.0568e-05    0.0060457       65.231       213.81       82.278       1.1179       0.3926            0            0            0            0            0            0            0            0            0       19.502         1.03    0.0018594  
          0          5.5            0      0.43144      0.01682     0.012622    0.0041982  -2.2365e-06     0.021074  -7.9274e-05     0.021154     7.26e-07  -4.9266e-07  -1.6545e-08  -4.7612e-07        25.65       16.848       1.5224        111.4       4.3432      -9.5983  -0.00057748       110.99      -10.703   -0.0005894       111.16            0            0            0       19.985       1.0218           20       2.2326    0.0011903       3.0168  -0.00065195       1.0048   1.0188e-05    0.0059177       71.764       195.49       86.863       1.1173       0.4335            0            0            0            0            0            0            0            0            0       19.502         1.03    0.0018594  
          0            6            0      0.47082     0.017764     0.012763    0.0050004  -2.2666e-06     0.020906  -9.1158e-05     0.020997    7.638e-07  -5.0207e-07  -1.9108e-08  -4.8296e-07       26.504       18.186       1.4574       121.57       4.5868      -11.423  -0.00058525       121.04      -12.742  -0.00059827       121.24            0            0            0       19.986      0.94662           20       2.1607    0.0012551       2.9926  -0.00064988       1.0075   9.8727e-06    0.0058116       78.275        181.1       91.736       1.1171      0.47437            0            0            0            0            0            0            0            0            0       19.502         1.03    0.0018594  
          0          6.5            0      0.51013     0.018781     0.012911    0.0058693  -2.2949e-06     0.020729   -0.0001045     0.020834   8.0146e-07  -5.1384e-07  -2.4428e-08  -4.8942e-07       27.162         19.4       1.4001       131.72       4.8494      -13.405  -0.00059256       131.05      -14.957  -0.00060666       131.28            0            0            0       19.986      0.88738           20       2.1084    0.0013195       2.9673   -0.0006504         1.01   9.6065e-06    0.0057222       84.763       169.77       96.988       1.1173      0.51521            0            0            0            0            0            0            0            0            0       19.502         1.03    0.0018594  
          0            7            0      0.54937     0.019893     0.013088    0.0068041  -2.3213e-06     0.020543  -0.00012143     0.020664   8.3897e-07  -5.2444e-07  -2.8946e-08  -4.9549e-07       27.617       20.469       1.3492       141.85       5.1365      -15.544  -0.00059938       141.01      -17.347  -0.00061458       141.28            0            0            0       19.987      0.84104           20       2.0738    0.0013836       2.9406  -0.00064803       1.0121   9.3789e-06     0.005646       91.224        160.9       102.73       1.1178        0.556            0            0            0            0            0            0            0            0            0       19.502         1.03    0.0018594  
          0          7.5            0      0.58853     0.021111     0.013307    0.0078037  -2.3459e-06     0.020349  -0.00013884     0.020488   8.7634e-07  -5.3081e-07   -2.962e-08  -5.0119e-07       27.878       21.387       1.3035       151.96        5.451      -17.837  -0.00060574       150.93      -19.911  -0.00062203       151.24            0            0            0       19.987      0.80495           20       2.0543    0.0014474        2.913  -0.00063811        1.014   9.1823e-06    0.0055803       97.657          154       109.02       1.1185      0.59676            0            0            0            0            0            0            0            0            0       19.502         1.03    0.0018594  
          0            8            0       0.6276       0.0224     0.013533    0.0088671  -2.3687e-06     0.020148  -0.00015765     0.020306   9.1358e-07  -5.4075e-07  -3.4256e-08   -5.065e-07       28.018       22.196       1.2623       162.05       5.7838      -20.286  -0.00061161       160.79      -22.648    -0.000629       161.15            0            0            0       19.987      0.77559           20       2.0441    0.0015108       2.8842  -0.00063263       1.0157   9.0108e-06    0.0055231       104.06       148.38       115.68       1.1194      0.63746            0            0            0            0            0            0            0            0            0       19.502         1.03    0.0018594  
          0          8.5            0      0.66659     0.023783      0.01379     0.009993  -2.3895e-06     0.019936  -0.00018085     0.020117   9.5069e-07  -5.5781e-07   -4.639e-08  -5.1142e-07       28.028       22.884       1.2248       172.12       6.1409      -22.889    -0.000617       170.61      -25.558   -0.0006355       171.02            0            0            0       19.987      0.75231           20       2.0434    0.0015738       2.8539  -0.00063699       1.0173   8.8599e-06     0.005473       110.43       143.93       122.82       1.1205      0.67812            0            0            0            0            0            0            0            0            0       19.502         1.03    0.0018594  
          0            9            0      0.70548     0.025294     0.014113      0.01118  -2.4086e-06     0.019715  -0.00020734     0.019923   9.8767e-07  -5.7414e-07  -5.8196e-08  -5.1595e-07       27.891       23.427       1.1906       182.16       6.5311      -25.645  -0.00062191       180.37       -28.64  -0.00064151       180.83            0            0            0       19.987      0.73486           20       2.0534    0.0016364       2.8222  -0.00063917       1.0188   8.7262e-06    0.0054287       116.77       140.59       130.62       1.1218      0.71873            0            0            0            0            0            0            0            0            0       19.502         1.03    0.0018594  
          0          9.5            0      0.74427      0.02687     0.014442     0.012428  -2.4257e-06     0.019488  -0.00023416     0.019722   1.0245e-06  -5.7544e-07  -5.5358e-08  -5.2009e-07       27.699       23.897       1.1591       192.18        6.938      -28.554  -0.00062634       190.07      -31.893  -0.00064704       190.58            0            0            0       19.987      0.72041           20       2.0676    0.0016985       2.7896  -0.00061731       1.0202   8.6069e-06    0.0053893       123.07       137.83       138.76       1.1232      0.75928            0            0            0            0            0            0            0            0            0       19.502         1.03    0.0018594  
          0           10            0      0.78297     0.028509     0.014774     0.013734   -2.441e-06      0.01925  -0.00026462     0.019515   1.0613e-06  -6.0329e-07  -7.9458e-08  -5.2383e-07       27.464       24.302       1.1301       202.17       7.3613      -31.614  -0.00063029       199.71      -35.315  -0.00065209       200.28            0            0            0       19.987      0.70841           20       2.0853    0.0017602       2.7556  -0.00063493       1.0215      8.5e-06    0.0053542       129.34       135.53       147.23       1.1248      0.79978            0            0            0            0            0            0            0            0            0       19.502         1.03    0.0018594  
          0         10.5            0      0.82155     0.030278      0.01518     0.015099  -2.4544e-06     0.018952  -0.00034988     0.019302    1.098e-06   2.8579e-06   3.3851e-06  -5.2719e-07       27.133       24.593       1.1033       212.13       7.8182      -34.825  -0.00063374       209.29      -38.906  -0.00065665       209.92            0            0            0       19.986          0.7           20       2.1107    0.0018214        2.713    0.0046634       1.0227   8.4036e-06    0.0053227       135.56       133.92       156.36       1.1265      0.84021            0            0            0            0            0            0            0            0            0       19.502         1.03    0.0018594  
          0           11            0      0.86003     0.033276     0.016757     0.016519  -2.4659e-06     0.018219  -0.00086385     0.019083   1.1345e-06  -7.7894e-05  -7.7364e-05  -5.3014e-07       25.845       23.968       1.0783       222.07       8.5923      -38.185  -0.00063671        218.8      -42.664  -0.00066072       219.49            0            0            0       19.985      0.71827           20       2.2158    0.0018821       2.6081     -0.11813       1.0239   8.3163e-06    0.0052943       141.74       137.42       171.85       1.1283      0.88058            0            0            0            0            0            0            0            0            0       19.502         1.03    0.0018594  
          0         11.5            0      0.89838     0.035212     0.017217     0.017994  -2.4755e-06     0.017874   -0.0009848     0.018859    1.171e-06  -8.5477e-05  -8.4945e-05  -5.3271e-07       25.514       24.183        1.055       231.97        9.092      -41.695  -0.00063919       228.24       -46.59  -0.00066431       228.99            0            0            0       19.985      0.71188           20       2.2445    0.0019423       2.5586     -0.12941        1.025    8.237e-06    0.0052686       147.89       136.19       181.84       1.1303      0.92089            0            0            0            0            0            0            0            0            0       19.502         1.03    0.0018594  
