SOLARTII_v1_Mass_Dihedral_5deg
T1-20.0 m/s-LLT-x0.6m-z0.0m
Freestream speed = 20.000 m/s


 Ctrl        Alpha        Beta         CL           CD           CD_viscous   CD_induced   CY           Cm           Cm_viscous   Cm_pressure  Cl           Cn           Cn_viscous   Cn_pressure  CL/CD        CL^(3/2)/CD  1/sqrt(CL)   Lift_(N)     Drag_(N)     Fx_FF_(N)    Fy_FF_(N)    Fz_FF_(N)    Fx_sum_(N)   Fy_sum_(N)   Fz_sum_(N)   Extra_drag_(N)  Fuse_drag_(N)  Cf_Fuse      Vx_(m/s)     Vz_(m/s)     V_(m/s)      Gamma        L_(N.m)      M_(N.m)      N_(N.m)      CPx_(m)      CPy_(m)      CPz_(m)      BM_(N.m)     m.g.Vz_(W)   Drag_x_V_(W)  Efficiency   XCp.Cl       XNP_(m)      Phugoid_Freq._(Hz)  Phugoid_Damping  Short_Period_Freq._(Hz)  Short_Period_Damping_Ratio  Dutch_Roll_Freq._(Hz)  Dutch_Roll_Damping  Roll_Damping  Spiral_Damping  Mass_(kg)    CoG_x_(m)    CoG_z_(m)    
          0        -18.5            0     -0.70695      0.21273      0.18424     0.028483            0  -0.00031477     0.023834    -0.024148  -2.6429e-18  -1.3795e-18  -1.4054e-18   2.5872e-20      -3.3233      -2.7943            0      -181.85       54.719      -50.753            0      -174.78            0            0            0            0            0            0       19.152      -6.1727           20      -16.747  -3.8409e-15    -0.044888   -9.514e-16      0.61917            0            0      -104.57      -1180.9       1094.4      0.44386     -0.43773            0            0            0            0            0            0            0            0            0       19.502         0.55     0.017249  
          0          -18            0     -0.69239      0.20422      0.17715     0.027073            0   -0.0012054     0.022931    -0.024136  -1.9691e-18  -1.4519e-18  -1.6202e-18   1.6832e-19      -3.3904      -2.8211            0       -178.1       52.531      -48.413            0      -171.54            0            0            0            0            0            0       19.183      -6.1139           20      -16.433  -2.7993e-15      -0.1719  -1.4376e-15      0.61885            0            0       -102.5      -1169.7       1050.6      0.44793     -0.42849            0            0            0            0            0            0            0            0            0       19.502         0.55     0.017249  
          0        -17.5            0     -0.67795      0.19584      0.17011     0.025729            0   -0.0020945     0.022017    -0.024111  -6.9727e-19  -1.1833e-18  -1.7755e-18    5.922e-19      -3.4618      -2.8504            0      -174.39       50.375      -46.128            0      -168.31            0            0            0            0            0            0       19.214      -6.0512           20      -16.112  -7.4864e-16     -0.29868  -1.6716e-15      0.61847            0            0      -100.48      -1157.7       1007.5      0.45188     -0.41929            0            0            0            0            0            0            0            0            0       19.502         0.55     0.017249  
          0          -17            0     -0.66339       0.1879      0.16346     0.024441            0   -0.0028899     0.021145    -0.024035  -6.5628e-19  -1.3413e-18  -1.8949e-18   5.5357e-19      -3.5306      -2.8756            0      -170.64       48.333      -43.878            0      -165.02            0            0            0            0            0            0       19.243      -5.9982           20      -15.814  -7.1609e-16     -0.41211  -1.9375e-15      0.61811            0            0      -98.492      -1147.5       966.66      0.45547     -0.41004            0            0            0            0            0            0            0            0            0       19.502         0.55     0.017249  
          0        -16.5            0     -0.64873      0.18057      0.15739     0.023176            0    -0.003874     0.020353    -0.024227  -1.7714e-18  -1.8843e-18  -2.0502e-18   1.6587e-19      -3.5927      -2.8937            0      -166.87       46.448      -41.678            0      -161.69            0            0            0            0            0            0       19.268      -5.9607           20      -15.554  -2.5389e-15     -0.55244  -2.2695e-15      0.61743            0            0       -96.46      -1140.4       928.96      0.45934     -0.40055            0            0            0            0            0            0            0            0            0       19.502         0.55     0.017249  
          0          -16            0     -0.63384      0.17349      0.15154     0.021951            0   -0.0047986     0.019601      -0.0244  -2.3201e-18  -1.7584e-18  -1.7082e-18   -5.026e-20      -3.6534      -2.9086            0      -163.04       44.627      -39.513            0      -158.28            0            0            0            0            0            0        19.29        -5.93           20      -15.308  -3.4503e-15      -0.6843  -1.8232e-15      0.61679            0            0      -94.391      -1134.5       892.55      0.46297     -0.39095            0            0            0            0            0            0            0            0            0       19.502         0.55     0.017249  
          0        -15.5            0     -0.62097      0.16564      0.14483     0.020809            0   -0.0062602     0.018786    -0.025046  -3.5165e-18  -1.6858e-18  -1.4529e-18  -2.3286e-19       -3.749      -2.9543            0      -159.73       42.607      -37.528            0      -155.35            0            0            0            0            0            0       19.324      -5.8384           20      -14.935  -5.3056e-15     -0.89272  -1.2183e-15      0.61573            0            0      -92.552        -1117       852.13      0.46875     -0.38235            0            0            0            0            0            0            0            0            0       19.502         0.55     0.017249  
          0        -14.5            0     -0.60279      0.14985         0.13     0.019849            0   -0.0046353     0.016599    -0.021234  -6.5324e-18   -2.672e-18   -9.582e-19  -1.7138e-18      -4.0226      -3.1232            0      -155.05       38.546       -33.88            0      -151.39            0            0            0            0            0            0       19.409      -5.5227           20       -13.96  -1.0383e-14       -0.661  -1.5581e-15       0.6193            0            0      -91.973      -1056.6       770.91      0.46306     -0.37331            0            0            0            0            0            0            0            0            0       19.502         0.55     0.017249  
          0          -14            0     -0.59049      0.14221      0.12357     0.018644            0   -0.0054052     0.015718    -0.021123  -5.1269e-18  -2.2508e-18  -9.3593e-19  -1.3148e-18      -4.1523      -3.1907            0      -151.89        36.58      -32.092            0      -148.54            0            0            0            0            0            0       19.444      -5.4057           20      -13.541  -8.1374e-15      -0.7708  -1.5376e-15      0.61871            0            0      -90.423      -1034.2        731.6      0.47307     -0.36534            0            0            0            0            0            0            0            0            0       19.502         0.55     0.017249  
          0        -13.5            0     -0.58009      0.13405      0.11652     0.017528            0   -0.0063191     0.014745    -0.021064  -3.9511e-18  -2.0869e-18  -1.1322e-18  -9.5465e-19      -4.3274      -3.2959            0      -149.22       34.482       -30.45            0      -146.15            0            0            0            0            0            0       19.486      -5.2333           20      -13.012  -6.2495e-15     -0.90112  -1.7993e-15      0.61795            0            0      -89.234      -1001.2       689.64      0.48563     -0.35847            0            0            0            0            0            0            0            0            0       19.502         0.55     0.017249  
          0          -13            0     -0.57707      0.12392      0.10733     0.016592            0   -0.0070569     0.013421    -0.020478    3.039e-18  -2.1762e-18  -3.1297e-18   9.5341e-19      -4.6567      -3.5375            0      -148.44       31.877      -29.233            0      -145.59            0            0            0            0            0            0       19.554      -4.8759           20       -12.12   4.8824e-15      -1.0063  -4.5612e-15      0.61761            0            0      -89.537      -932.83       637.53      0.50772     -0.35641            0            0            0            0            0            0            0            0            0       19.502         0.55     0.017249  
          0          -10            0     -0.76534     0.048288     0.030686     0.017603            0    -0.017906     0.003702    -0.021608  -5.7305e-18  -1.2748e-18  -3.2577e-21  -1.2716e-18      -15.849      -13.866            0      -196.87       12.421      -29.726            0      -194.66            0            0            0            0            0            0        19.96       -1.244           20      -3.6102  -9.0162e-15      -2.5534  -4.0048e-16      0.60834            0            0      -121.58      -237.99       248.42      0.84174     -0.46559            0            0            0            0            0            0            0            0            0       19.502         0.55     0.017249  
          0         -9.5            0     -0.74256      0.04333     0.026961     0.016368            0    -0.015546    0.0032395    -0.018785  -5.7112e-18  -1.0026e-18   2.7079e-19  -1.2734e-18      -17.137      -14.768            0      -191.01       11.146      -27.372            0      -189.08            0            0            0            0            0            0       19.966       -1.168           20      -3.3395  -8.9837e-15      -2.2168  -5.9619e-17       0.6097            0            0      -117.73      -223.45       222.91      0.85212     -0.45274            0            0            0            0            0            0            0            0            0       19.502         0.55     0.017249  
          0           -9            0     -0.70815     0.038872     0.023966     0.014906            0     -0.01401     0.002862    -0.016872  -3.5386e-18  -8.5085e-19  -5.0968e-20  -7.9989e-19      -18.217       -15.33            0      -182.15        9.999      -24.708            0      -180.51            0            0            0            0            0            0        19.97      -1.1251           20       -3.142   -5.566e-15      -1.9978  -4.4292e-16      0.61069            0            0      -112.11      -215.25       199.98      0.85102     -0.43246            0            0            0            0            0            0            0            0            0       19.502         0.55     0.017249  
          0         -8.5            0     -0.67087     0.034761     0.021358     0.013403            0     -0.01227    0.0025342    -0.014805  -3.9911e-18  -9.0842e-19   -1.132e-19  -7.9522e-19        -19.3      -15.808            0      -172.57       8.9414      -22.097            0      -171.18            0            0            0            0            0            0       19.973      -1.0911           20      -2.9661  -6.2495e-15      -1.7498   -4.782e-16       0.6118            0            0       -106.1      -208.75       178.83      0.84944     -0.41044            0            0            0            0            0            0            0            0            0       19.502         0.55     0.017249  
          0           -8            0     -0.63601     0.031444     0.019397     0.012047            0   -0.0093751    0.0022936    -0.011669  -4.1279e-18  -8.2592e-19  -7.8617e-20  -7.4731e-19      -20.227      -16.131            0       -163.6       8.0882        -19.7            0      -162.44            0            0            0            0            0            0       19.976      -1.0693           20      -2.8303  -6.4448e-15      -1.3369  -3.7657e-16      0.61391            0            0      -100.51      -204.57       161.76      0.84939     -0.39045            0            0            0            0            0            0            0            0            0       19.502         0.55     0.017249  
          0         -7.5            0     -0.60244     0.028427     0.017633     0.010794            0   -0.0058397    0.0020719   -0.0079116  -3.2341e-18  -5.8338e-19   -8.527e-21  -5.7485e-19      -21.193      -16.449            0      -154.96       7.3121      -17.474            0         -154            0            0            0            0            0            0       19.978      -1.0486           20      -2.7015  -5.0452e-15     -0.83276  -2.4046e-16      0.61698            0            0      -95.239      -200.61       146.24      0.85054     -0.37169            0            0            0            0            0            0            0            0            0       19.502         0.55     0.017249  
          0           -7            0     -0.57015     0.025815     0.016189    0.0096263            0   -0.0017596     0.001898   -0.0036576  -5.0865e-18  -7.6321e-19   2.3639e-20  -7.8685e-19      -22.086      -16.677            0      -146.66       6.6403      -15.415            0      -145.87            0            0            0            0            0            0        19.98      -1.0343           20      -2.5924  -7.9096e-15     -0.25093  -2.1107e-16      0.62094            0            0      -90.278      -197.87       132.81      0.85422     -0.35403            0            0            0            0            0            0            0            0            0       19.502         0.55     0.017249  
          0         -6.5            0     -0.53798     0.023324     0.014784    0.0085392            0    0.0023607    0.0017257   0.00063502  -3.1613e-18  -4.5708e-19   3.5496e-20  -4.9258e-19      -23.066      -16.918            0      -138.38       5.9995      -13.483            0      -137.74            0            0            0            0            0            0       19.981      -1.0195           20      -2.4824   -4.915e-15      0.33664  -1.4732e-16      0.62513            0            0      -85.353      -195.05       119.99      0.85737     -0.33631            0            0            0            0            0            0            0            0            0       19.502         0.55     0.017249  
          0           -6            0     -0.50587     0.020886     0.013379    0.0075065            0    0.0065496    0.0015462    0.0050034  -4.0823e-18  -5.6229e-19  -9.8694e-21  -5.5242e-19      -24.221      -17.227            0      -130.12       5.3724      -11.681            0      -129.61            0            0            0            0            0            0       19.983      -1.0013           20      -2.3642  -6.3309e-15        0.934  -2.0387e-16      0.62989            0            0      -80.495      -191.55       107.45      0.86235     -0.31864            0            0            0            0            0            0            0            0            0       19.502         0.55     0.017249  
          0         -5.5            0     -0.47286     0.018616     0.012113    0.0065035            0     0.010547    0.0013791    0.0091681  -2.5822e-18  -3.4261e-19   9.2195e-21  -3.5183e-19        -25.4      -17.466            0      -121.63       4.7886      -9.9927            0      -121.23            0            0            0            0            0            0       19.985     -0.98751           20      -2.2546  -4.0036e-15       1.5041  -1.4369e-16      0.63675            0            0      -75.453      -188.93       95.772      0.86968     -0.30109            0            0            0            0            0            0            0            0            0       19.502         0.55     0.017249  
          0           -5            0     -0.43794     0.016713     0.011169    0.0055439            0     0.013952    0.0012669     0.012685  -2.6402e-18  -3.0402e-19   2.6363e-21  -3.0666e-19      -26.204      -17.341            0      -112.65       4.2991      -8.3976            0      -112.35            0            0            0            0            0            0       19.985     -0.99466           20      -2.1855   -4.085e-15       1.9895  -1.1182e-16      0.64359            0            0      -69.977      -190.29       85.982      0.87512     -0.28185            0            0            0            0            0            0            0            0            0       19.502         0.55     0.017249  
          0         -4.5            0     -0.40227     0.014995     0.010351    0.0046442            0     0.017081    0.0011743     0.015907  -2.0202e-18   -2.102e-19   2.4403e-20   -2.346e-19      -26.827      -17.015            0      -103.48       3.8571      -6.9277            0      -103.25            0            0            0            0            0            0       19.986      -1.0137           20      -2.1347  -3.1248e-15       2.4358  -7.8257e-17      0.65046            0            0      -64.312      -193.93       77.142      0.88142     -0.26167            0            0            0            0            0            0            0            0            0       19.502         0.55     0.017249  
          0           -4            0     -0.36332     0.013634    0.0098608    0.0037735            0     0.019792    0.0011273     0.018665  -1.4006e-18  -1.4088e-19   1.1879e-20  -1.5276e-19      -26.647      -16.062            0      -93.456       3.5071      -5.5508            0      -93.296            0            0            0            0            0            0       19.986      -1.0739           20      -2.1491  -2.1646e-15       2.8224  -6.5769e-17       0.6581            0            0      -58.047      -205.44       70.142      0.88487      -0.2391            0            0            0            0            0            0            0            0            0       19.502         0.55     0.017249  
          0         -3.5            0     -0.32259     0.012525    0.0095582     0.002967            0     0.022457    0.0010997     0.021357  -1.2543e-18   -8.736e-20   3.8961e-20  -1.2632e-19      -25.755      -14.628            0      -82.979       3.2218       -4.304            0      -82.871            0            0            0            0            0            0       19.985      -1.1791           20      -2.2235  -1.9367e-15       3.2024  -1.6112e-17      0.66687            0            0       -51.53      -225.58       64.436      0.88723     -0.21513            0            0            0            0            0            0            0            0            0       19.502         0.55     0.017249  
          0           -3            0     -0.27981     0.011671    0.0094383     0.002233            0     0.024752    0.0010979     0.023654  -1.8798e-18  -1.0367e-19    2.907e-20  -1.3274e-19      -23.975      -12.682            0      -71.976       3.0022      -3.1933            0      -71.908            0            0            0            0            0            0       19.983      -1.3601           20      -2.3885  -2.8969e-15       3.5297  -7.7933e-18      0.67748            0            0      -44.631       -260.2       60.043      0.88697     -0.18957            0            0            0            0            0            0            0            0            0       19.502         0.55     0.017249  
          0         -2.5            0     -0.23554     0.011052     0.009467    0.0015848            0     0.026916    0.0011128     0.025804  -7.3407e-19   3.8953e-21   5.6842e-20  -5.2947e-20      -21.313      -10.344            0      -60.588       2.8428      -2.2355            0      -60.548            0            0            0            0            0            0       19.978      -1.6675           20      -2.6864  -1.1311e-15       3.8384    5.538e-17      0.69019            0            0      -37.518      -319.02       56.856      0.88556     -0.16257            0            0            0            0            0            0            0            0            0       19.502         0.55     0.017249  
          0           -2            0     -0.19086      0.01058    0.0095359     0.001044            0     0.028997    0.0011328     0.027865  -9.0922e-19  -3.8669e-20   9.2565e-21  -4.7926e-20       -18.04      -7.8812            0      -49.095       2.7214       -1.445            0      -49.074            0            0            0            0            0            0       19.969      -2.1885           20      -3.1728  -1.3996e-15       4.1351  -1.0614e-17      0.70768            0            0      -30.335       -418.7       54.429      0.88264     -0.13507            0            0            0            0            0            0            0            0            0       19.502         0.55     0.017249  
          0         -1.5            0     -0.14541     0.010307     0.009698   0.00060939            0     0.030991     0.001157     0.029834   -7.246e-19   1.5388e-20   4.3649e-20  -2.8261e-20      -14.108      -5.3797            0      -37.404       2.6513     -0.82243            0      -37.396            0            0            0            0            0            0        19.95      -3.2062           20      -4.0545  -1.1148e-15       4.4194    5.286e-17      0.83774            0            0      -23.061      -613.39       53.027      0.87773     -0.12182            0            0            0            0            0            0            0            0            0       19.502         0.55     0.017249  
          0           -1            0    -0.099767     0.010155    0.0098648   0.00028981            0     0.032894    0.0011816     0.031712  -7.3813e-19   1.7439e-20   3.5058e-20  -1.7619e-20      -9.8248      -3.1033            0      -25.663        2.612     -0.37334            0       -25.66            0            0            0            0            0            0       19.897      -5.5581           20      -5.8117  -1.1352e-15       4.6907   4.6632e-17        0.955            0            0      -15.736      -1063.3       52.241      0.86877    -0.095278            0            0            0            0            0            0            0            0            0       19.502         0.55     0.017249  
          0         -0.5            0    -0.053649     0.010142     0.010055   8.6768e-05            0     0.034622    0.0012082     0.033414  -1.0848e-19   2.2163e-20   2.4478e-20  -2.3151e-21        -5.29      -1.2253            0        -13.8       2.6087    -0.098107            0        -13.8            0            0            0            0            0            0       19.652      -14.077           20      -10.705  -1.6682e-16       4.9372   3.5532e-17       1.1871            0            0      -8.3141      -2693.2       52.174      0.83909    -0.063684            0            0            0            0            0            0            0            0            0       19.502         0.55     0.017249  
          0            0            0   -0.0075183     0.010251     0.010247   3.2829e-06            0     0.036349    0.0012347     0.035115  -2.1915e-20   4.2288e-20   4.2341e-20  -5.2908e-23     -0.73345    -0.063596            0      -1.9339       2.6367   0.00084445            0      -1.9339            0            0            0            0            0            0       11.829      -271.22           20      -53.742  -3.3694e-17       5.1835   6.5018e-17        1.714            0            0     -0.89164       -51887       52.735      0.43555    -0.012886            0            0            0            0            0            0            0            0            0       19.502         0.55     0.017249  
          0          0.5            0     0.039592     0.010501     0.010459   4.2022e-05            0     0.037601    0.0012612      0.03634    5.557e-20   4.4385e-20   4.4986e-20  -6.0042e-22       3.7705      0.75025       5.0257       10.184        2.701    -0.078065            0       10.184            0            0            0            0            0            0       19.332        22.99           20       14.854   8.5443e-17        5.362    6.899e-17      0.88779            0            0        6.773       4398.3       54.021      0.94362      0.03515            0            0            0            0            0            0            0            0            0       19.502         0.55     0.017249  
          0            1            0     0.086704     0.010876      0.01067   0.00020581            0     0.038859    0.0012877     0.037571   2.7251e-19   3.2954e-20   3.9027e-20  -6.0732e-21       7.9725       2.3475       3.3961       22.303       2.7975     -0.33631            0         22.3            0            0            0            0            0            0       19.845       7.3474           20       7.1494   4.1908e-16       5.5414    5.799e-17      0.60341            0            0       14.438       1405.7        55.95        0.924     0.052318            0            0            0            0            0            0            0            0            0       19.502         0.55     0.017249  
          0          1.5            0      0.13465     0.011402     0.010903   0.00049959            0     0.039784    0.0013159     0.038468   6.1363e-19    2.167e-21   2.2486e-20  -2.0319e-20       11.809       4.3333       2.7252       34.635       2.9329     -0.77819            0       34.627            0            0            0            0            0            0       19.929       3.9804           20       4.8403   9.4394e-16       5.6733   2.8051e-17      0.54056            0            0       22.292       761.51       58.659      0.91799     0.072785            0            0            0            0            0            0            0            0            0       19.502         0.55     0.017249  
          0            2            0      0.18295     0.012063     0.011137   0.00092662            0     0.040535    0.0013439     0.039191   5.8169e-19  -2.2012e-20   2.6447e-21  -2.4657e-20       15.166        6.487       2.3379        47.06        3.103      -1.4042            0        47.04            0            0            0            0            0            0       19.957       2.6589           20       3.7724   8.9512e-16       5.7804  -2.6065e-18      0.49395            0            0       30.247       508.68        62.06      0.91374     0.090369            0            0            0            0            0            0            0            0            0       19.502         0.55     0.017249  
          0          2.5            0      0.23157     0.012838     0.011349    0.0014889            0     0.041153    0.0013688     0.039785   4.8599e-19   5.5451e-21   3.7674e-20  -3.2129e-20       18.038       8.6803       2.0781       59.566       3.3022      -2.2156            0       59.526            0            0            0            0            0            0       19.969       1.9871           20       3.1731   7.4864e-16       5.8686    4.122e-17      0.52058            0            0       38.235       380.15       66.044      0.91103      0.12055            0            0            0            0            0            0            0            0            0       19.502         0.55     0.017249  
          0            3            0      0.28022     0.013724     0.011544    0.0021796            0     0.041767    0.0013908     0.040376   3.6973e-19   9.1905e-22   2.5106e-20  -2.4187e-20       20.418       10.809       1.8891        72.08       3.5301      -3.2125            0        72.01            0            0            0            0            0            0       19.976       1.5958           20       2.8038   5.6962e-16       5.9561   3.1267e-17      0.53846            0            0       46.208        305.3       70.603      0.91129      0.15089            0            0            0            0            0            0            0            0            0       19.502         0.55     0.017249  
          0          3.5            0      0.32886     0.014764      0.01176    0.0030033            0     0.042323    0.0014146     0.040909   6.2222e-19  -2.1272e-21   5.4809e-20  -5.6936e-20       22.275       12.774       1.7438       84.591       3.7977      -4.3931            0        84.48            0            0            0            0            0            0        19.98       1.3503           20       2.5705   9.6021e-16       6.0355   5.5453e-17      0.55237            0            0       54.169       258.33       75.953      0.91087      0.18165            0            0            0            0            0            0            0            0            0       19.502         0.55     0.017249  
          0            4            0      0.37763     0.015954     0.011993    0.0039613            0     0.042776    0.0014408     0.041336   1.2022e-18   -7.374e-20   3.3658e-20   -1.074e-19        23.67       14.546       1.6273       97.136       4.1038      -5.7594            0        96.97            0            0            0            0            0            0       19.982       1.1858           20       2.4192   1.8553e-15       6.1001   1.6086e-17      0.56181            0            0        62.16       226.86       82.075      0.91062      0.21215            0            0            0            0            0            0            0            0            0       19.502         0.55     0.017249  
          0          4.5            0      0.42881      0.01731     0.012216    0.0050938            0     0.042834    0.0014658     0.041368   1.7777e-19   -7.046e-21   2.7701e-20  -3.4747e-20       24.772       16.221       1.5271        110.3       4.4527      -7.3479            0       110.06            0            0            0            0            0            0       19.984       1.0633           20       2.3117   2.7667e-16       6.1083   1.0908e-17      0.56854            0            0       70.488       203.43       89.054      0.91311       0.2438            0            0            0            0            0            0            0            0            0       19.502         0.55     0.017249  
          0            5            0        0.484     0.018879     0.012433    0.0064464            0     0.041885    0.0014895     0.040395  -3.8059e-19   2.3488e-20   1.3181e-21    2.217e-20       25.636       17.835       1.4374        124.5       4.8563      -9.1988            0       124.17            0            0            0            0            0            0       19.985       0.9671           20       2.2338  -5.8589e-16       5.9729  -1.5009e-17      0.57545            0            0       79.525       185.02       97.126      0.91921      0.27852            0            0            0            0            0            0            0            0            0       19.502         0.55     0.017249  
          0          5.5            0      0.53964     0.020625     0.012653    0.0079722            0     0.040809    0.0015147     0.039295  -7.3699e-19   1.0654e-19   2.9634e-20   7.6904e-20       26.164        19.22       1.3613       138.81       5.3054      -11.263            0       138.37            0            0            0            0            0            0       19.985      0.89741           20       2.1888  -1.1392e-15       5.8196   5.4863e-17      0.58205            0            0       88.664       171.69       106.11      0.92402       0.3141            0            0            0            0            0            0            0            0            0       19.502         0.55     0.017249  
          0            6            0      0.59339     0.022546     0.012919    0.0096265            0     0.040172    0.0015454     0.038626   8.2056e-20  -3.6668e-20  -7.2375e-21   -2.943e-20       26.319       20.274       1.2982       152.64       5.7994      -13.492            0       152.06            0            0            0            0            0            0       19.986      0.85076           20       2.1759    1.302e-16       5.7286  -4.3002e-17        0.586            0            0       97.454       162.76       115.99      0.92524      0.34773            0            0            0            0            0            0            0            0            0       19.502         0.55     0.017249  
          0          6.5            0      0.64674     0.024635     0.013213     0.011423            0     0.039676    0.0015797     0.038096   1.3846e-18  -1.6879e-19   2.1692e-20  -1.9048e-19       26.252       21.112       1.2435       166.36       6.3369      -15.913            0       165.62            0            0            0            0            0            0       19.986      0.81698           20       2.1814   2.1483e-15       5.6579  -1.6426e-17      0.58942            0            0       106.14        156.3       126.74      0.92627      0.38121            0            0            0            0            0            0            0            0            0       19.502         0.55     0.017249  
          0            7            0      0.69906     0.026956     0.013607     0.013349            0     0.039387    0.0016247     0.037763   2.1163e-18  -2.6172e-19   4.7279e-20  -3.0899e-19       25.933       21.683        1.196       179.82       6.9338      -18.506            0       178.89            0            0            0            0            0            0       19.985      0.79549           20       2.2083   3.2875e-15       5.6168  -1.7523e-18      0.59205            0            0       114.62       152.19       138.68      0.92606      0.41387            0            0            0            0            0            0            0            0            0       19.502         0.55     0.017249  
          0          7.5            0      0.74982     0.029374     0.014013     0.015361            0     0.039716    0.0016724     0.038043  -6.3662e-21   4.7733e-21    5.313e-20  -4.8356e-20       25.526       22.104       1.1548       192.87       7.5559      -21.258            0       191.74            0            0            0            0            0            0       19.985      0.78033           20       2.2434            0       5.6636   7.4023e-18      0.59391            0            0       122.71       149.29       151.12      0.92584      0.44532            0            0            0            0            0            0            0            0            0       19.502         0.55     0.017249  
          0            8            0      0.80064     0.031817     0.014318     0.017499            0     0.040156    0.0017117     0.038444   1.1639e-18   -2.282e-19   8.5169e-21  -2.3671e-19       25.164       22.516       1.1176       205.95       8.1842      -24.205            0       204.57            0            0            0            0            0            0       19.984      0.76604           20       2.2757   1.8228e-15       5.7264  -9.8124e-17      0.59506            0            0       130.73       146.55       163.68      0.92661      0.47643            0            0            0            0            0            0            0            0            0       19.502         0.55     0.017249  
          0          8.5            0      0.85074     0.034353     0.014616     0.019737            0     0.040929    0.0017517     0.039177   1.0133e-18  -2.2895e-19   9.1604e-21  -2.3811e-19       24.764       22.841       1.0842       218.83       8.8366      -27.324            0       217.18            0            0            0            0            0            0       19.984      0.75513           20       2.3124   1.5949e-15       5.8366  -1.1756e-16      0.59587            0            0       138.54       144.47       176.73      0.92759      0.50693            0            0            0            0            0            0            0            0            0       19.502         0.55     0.017249  
          0            9            0      0.89645     0.036997     0.015048     0.021949            0     0.042268     0.001806     0.040462   2.4959e-18  -5.8149e-19   3.5286e-20  -6.1678e-19        24.23       22.941       1.0562       230.59       9.5167      -30.496            0       228.64            0            0            0            0            0            0       19.983      0.75184           20       2.3633   3.9385e-15       6.0275  -2.8139e-16      0.59634            0            0       145.71       143.84       190.33      0.92617      0.53459            0            0            0            0            0            0            0            0            0       19.502         0.55     0.017249  
          0          9.5            0       0.9365     0.039669     0.015595     0.024074            0     0.044924    0.0018748      0.04305   3.8971e-18  -9.2419e-19   3.0668e-20  -9.5486e-19       23.608       22.846       1.0333       240.89       10.204      -33.651            0       238.61            0            0            0            0            0            0       19.982      0.75498           20       2.4255   6.1519e-15       6.4064  -4.1122e-16      0.59578            0            0       151.84       144.44       204.08      0.92155      0.55795            0            0            0            0            0            0            0            0            0       19.502         0.55     0.017249  
          0           10            0      0.97252     0.042231     0.016099     0.026132            0     0.048189    0.0019391      0.04625   3.8568e-18  -1.1498e-18   1.9546e-20  -1.1693e-18       23.029        22.71        1.014       250.16       10.863       -36.82            0       247.52            0            0            0            0            0            0       19.981       0.7595           20       2.4864   6.1519e-15       6.8719  -7.1028e-16      0.59488            0            0       157.35        145.3       217.26      0.91552      0.57853            0            0            0            0            0            0            0            0            0       19.502         0.55     0.017249  
          0         10.5            0       1.0026     0.044576     0.016576        0.028            0     0.052378    0.0020026     0.050375   3.3479e-18  -1.0687e-18   3.5778e-20  -1.1045e-18       22.493       22.523      0.99868       257.91       11.466      -39.918            0        254.9            0            0            0            0            0            0        19.98      0.76582           20       2.5456   5.3707e-15       7.4692  -6.7577e-16      0.59345            0            0       161.95       146.51       229.32       0.9082      0.59501            0            0            0            0            0            0            0            0            0       19.502         0.55     0.017249  
          0           11            0       1.0292     0.046897     0.017127      0.02977            0     0.057149    0.0020762     0.055073    9.409e-18   -2.531e-18   1.0196e-19  -2.6329e-18       21.945       22.263      0.98573       264.73       12.063      -42.995            0       261.32            0            0            0            0            0            0       19.979      0.77475           20        2.609   1.4973e-14       8.1497  -1.0538e-15      0.59172            0            0       165.93       148.22       241.26      0.89998      0.60897            0            0            0            0            0            0            0            0            0       19.502         0.55     0.017249  
          0         11.5            0         1.05     0.049024     0.017747     0.031278            0     0.061921    0.0021544     0.059767   1.0662e-17  -2.9766e-18   4.9271e-20  -3.0259e-18       21.417       21.946      0.97591       270.08        12.61      -45.962            0       266.26            0            0            0            0            0            0       19.978      0.78594           20       2.6733   1.6991e-14       8.8301  -1.2134e-15      0.58999            0            0       169.31       150.36       252.21       0.8916      0.61947            0            0            0            0            0            0            0            0            0       19.502         0.55     0.017249  
          0           12            0       1.0723     0.051308     0.018431     0.032877            0     0.066741    0.0022409       0.0645   5.5376e-18  -1.8835e-18  -3.5592e-20  -1.8479e-18       20.899       21.642      0.96569       275.83       13.198      -49.076            0       271.56            0            0            0            0            0            0       19.977      0.79698           20       2.7394   8.9186e-15       9.5175  -1.0649e-15      0.58817            0            0       172.74       152.47       263.96      0.88471       0.6307            0            0            0            0            0            0            0            0            0       19.502         0.55     0.017249  
          0         12.5            0       1.0975     0.053839     0.019207     0.034632            0     0.071129    0.0023414     0.068788   9.0971e-18  -2.8123e-18  -2.6482e-20  -2.7858e-18       20.385       21.355      0.95455       282.31       13.849      -52.405            0       277.54            0            0            0            0            0            0       19.976      0.80768           20       2.8085   1.4582e-14       10.143  -1.1961e-15      0.58665            0            0       176.55       154.52       276.98      0.87978      0.64385            0            0            0            0            0            0            0            0            0       19.502         0.55     0.017249  
          0           13            0       1.1203     0.056581      0.02022     0.036361            0     0.074909    0.0024625     0.072446   8.4004e-18  -2.6008e-18   1.6373e-19  -2.7646e-18         19.8       20.958      0.94478       288.18       14.554      -55.712            0       282.89            0            0            0            0            0            0       19.975      0.82301           20       2.8912   1.3541e-14       10.682  -9.7782e-16      0.58551            0            0       180.14       157.45       291.08      0.87315      0.65595            0            0            0            0            0            0            0            0            0       19.502         0.55     0.017249  
          0         13.5            0       1.1393     0.059526     0.021555      0.03797            0     0.078739    0.0026253     0.076113   9.7606e-18  -3.0376e-18   1.9942e-19  -3.2371e-18       19.139       20.428      0.93689       293.05       15.312      -58.914            0       287.23            0            0            0            0            0            0       19.973      0.84434           20        2.991   1.5754e-14       11.228  -1.0208e-15      0.58432            0            0       183.06       161.53       306.23      0.86466      0.66569            0            0            0            0            0            0            0            0            0       19.502         0.55     0.017249  
          0           14            0        1.157      0.06277     0.023231     0.039539            0     0.082315    0.0028261     0.079489   9.4176e-18  -2.9286e-18    2.542e-19  -3.1828e-18       18.433       19.827      0.92967       297.62       16.146      -62.132            0       291.24            0            0            0            0            0            0       19.971      0.86993           20       3.1053   1.5233e-14       11.738  -8.4247e-16      0.58322            0            0       185.71       166.43       322.92      0.85645       0.6748            0            0            0            0            0            0            0            0            0       19.502         0.55     0.017249  
          0         14.5            0        1.174     0.066346     0.025223     0.041123            0     0.085625    0.0030757      0.08255   1.0704e-17  -3.4811e-18   2.8246e-19  -3.7635e-18       17.695       19.172      0.92294       301.98       17.066      -65.368            0       295.01            0            0            0            0            0            0       19.968      0.89965           20       3.2346   1.7382e-14        12.21   -1.033e-15      0.58224            0            0       188.19       172.12       341.32      0.84776      0.68353            0            0            0            0            0            0            0            0            0       19.502         0.55     0.017249  
          0           15            0       1.1849     0.070418     0.027966     0.042453            0     0.087489    0.0033863     0.084103   1.1941e-17  -3.7691e-18   4.1601e-19  -4.1851e-18       16.827       18.317      0.91866       304.79       18.113      -68.338            0       297.23            0            0            0            0            0            0       19.965      0.94167           20        3.401     1.94e-14       12.476  -8.0124e-16      0.58193            0            0       190.07       180.15       362.27       0.8366      0.68954            0            0            0            0            0            0            0            0            0       19.502         0.55     0.017249  
          0         15.5            0       1.1897     0.075021     0.031533     0.043488            0     0.089813    0.0038242     0.085989   1.5524e-17  -4.2498e-18   1.2457e-18  -5.4955e-18       15.858       17.297      0.91681       306.02       19.298      -71.002            0       297.88            0            0            0            0            0            0        19.96      0.99718           20       3.6082   2.5259e-14       12.808   2.2418e-16      0.58128            0            0       190.71       190.77       385.95      0.82329      0.69155            0            0            0            0            0            0            0            0            0       19.502         0.55     0.017249  
          0           16            0       1.1913     0.080068     0.035686     0.044383            0      0.09163    0.0043264     0.087304   1.4118e-17  -4.3735e-18    7.695e-19   -5.143e-18       14.879        16.24      0.91619       306.44       20.596      -73.492            0       297.71            0            0            0            0            0            0       19.955       1.0621           20       3.8451   2.3045e-14       13.067  -3.8716e-16      0.58079            0            0       190.86        203.2       411.92      0.80888       0.6919            0            0            0            0            0            0            0            0            0       19.502         0.55     0.017249  
          0         16.5            0       1.1875     0.085857     0.040886     0.044971            0     0.091838    0.0049239     0.086914   2.0172e-17  -4.8932e-18   2.5925e-18  -7.4857e-18       13.831       15.071      0.91768       305.45       22.085       -75.66            0       296.15            0            0            0            0            0            0       19.948       1.1444           20       4.1355   3.3005e-14       13.096   1.9303e-15      0.58093            0            0        190.4       218.95       441.69      0.79315      0.68982            0            0            0            0            0            0            0            0            0       19.502         0.55     0.017249  
