MILVUS24_US_vtail
T1-25.0 m/s-TriUniform-ThickSurf-x0.016m
Freestream speed = 25.000 m/s


 Ctrl        Alpha        Beta         CL           CD           CD_viscous   CD_induced   CY           Cm           Cm_viscous   Cm_pressure  Cl           Cn           Cn_viscous   Cn_pressure  CL/CD        CL^(3/2)/CD  1/sqrt(CL)   Lift_(N)     Drag_(N)     Fx_FF_(N)    Fy_FF_(N)    Fz_FF_(N)    Fx_sum_(N)   Fy_sum_(N)   Fz_sum_(N)   Extra_drag_(N)  Fuse_drag_(N)  Cf_Fuse      Vx_(m/s)     Vz_(m/s)     V_(m/s)      Gamma        L_(N.m)      M_(N.m)      N_(N.m)      CPx_(m)      CPy_(m)      CPz_(m)      BM_(N.m)     m.g.Vz_(W)   Drag_x_V_(W)  Efficiency   XCp.Cl       XNP_(m)      Phugoid_Freq._(Hz)  Phugoid_Damping  Short_Period_Freq._(Hz)  Short_Period_Damping_Ratio  Dutch_Roll_Freq._(Hz)  Dutch_Roll_Damping  Roll_Damping  Spiral_Damping  Mass_(kg)    CoG_x_(m)    CoG_z_(m)    
          0          -19            0     -0.72387      0.34326      0.28176     0.061498   8.9184e-13      0.16851      0.33498     -0.16648  -4.9858e-13  -3.5775e-13  -2.5668e-13  -1.0107e-13      -2.1088      -1.7942            0      -8.9689        4.253      -2.1995    1.105e-11      -8.7283      -1.7702   1.0801e-11      -8.9079            0            0            0       22.589      -31.366           25       -25.37  -4.1241e-12      0.14615  -1.4387e-12      0.01539   3.0223e-13     0.089918      -1.3501      -1969.3       106.33      0.23099     -0.01114            0            0            0            0            0            0            0            0            0          6.4        0.016            0  
          0        -18.5            0      -0.7065      0.33037      0.27178     0.058585   8.7991e-13      0.16606      0.32421     -0.15815  -4.9128e-13  -3.1016e-13  -2.1422e-13  -9.5944e-14      -2.1385      -1.7975            0      -8.7537       4.0934      -2.0892   1.0902e-11      -8.5317      -1.6827   1.0663e-11      -8.7067            0            0            0       22.646      -31.308           25      -25.061  -4.0588e-12      0.14403  -1.1306e-12     0.015448   3.0543e-13     0.089886      -1.3197      -1965.6       102.33      0.23098    -0.010914            0            0            0            0            0            0            0            0            0          6.4        0.016            0  
          0          -18            0       -0.689      0.31515      0.25943      0.05572   8.6786e-13      0.15782      0.30784     -0.15002  -4.8458e-13   -4.505e-13  -3.5944e-13  -9.1054e-14      -2.1863      -1.8147            0      -8.5369       3.9048      -1.9814   1.0753e-11      -8.3324      -1.5972   1.0501e-11      -8.5029            0            0            0       22.735      -31.011           25      -24.579  -3.9989e-12      0.13688  -2.2791e-12     0.015505   3.0885e-13     0.089851      -1.2889        -1947        97.62      0.23097    -0.010683            0            0            0            0            0            0            0            0            0          6.4        0.016            0  
          0        -17.5            0     -0.67137      0.29974      0.24683     0.052907   8.5559e-13       0.1481      0.29019     -0.14209  -4.7727e-13  -3.0928e-13  -2.2304e-13  -8.6237e-14      -2.2398      -1.8353            0      -8.3184       3.7139      -1.8762   1.0601e-11      -8.1306      -1.5138   1.0374e-11      -8.2966            0            0            0       22.828      -30.664           25      -24.059  -3.9343e-12      0.12845  -1.2385e-12     0.015561   3.1236e-13     0.089812      -1.2577      -1925.2       92.847      0.23097    -0.010447            0            0            0            0            0            0            0            0            0          6.4        0.016            0  
          0          -17            0     -0.65362      0.28746      0.23731     0.050146   8.4305e-13      0.14545       0.2798     -0.13435   -4.693e-13  -2.5902e-13  -1.7777e-13  -8.1254e-14      -2.2738      -1.8383            0      -8.0985       3.5617      -1.7736   1.0446e-11      -7.9263      -1.4324   1.0209e-11      -8.0878            0            0            0       22.885      -30.614           25       -23.74  -3.8643e-12      0.12615  -9.0356e-13     0.015614   3.1608e-13      0.08977      -1.2261      -1922.1       89.042      0.23096    -0.010206            0            0            0            0            0            0            0            0            0          6.4        0.016            0  
          0        -16.5            0     -0.63574      0.27508      0.22764     0.047441   8.3026e-13      0.14244      0.26926     -0.12682  -4.6252e-13  -2.4223e-13  -1.6537e-13  -7.6855e-14      -2.3111      -1.8427            0       -7.877       3.4083      -1.6736   1.0287e-11      -7.7196      -1.3531   1.0069e-11      -7.8765            0            0            0       22.944       -30.54           25      -23.398   -3.805e-12      0.12354  -8.2504e-13     0.015666    3.198e-13     0.089724      -1.1942      -1917.4       85.209      0.23096   -0.0099598            0            0            0            0            0            0            0            0            0          6.4        0.016            0  
          0          -16            0     -0.61775      0.26379        0.219     0.044793   8.1727e-13      0.13998      0.25947     -0.11949  -4.5406e-13  -2.3798e-13   -1.659e-13   -7.208e-14      -2.3418      -1.8406            0       -7.654       3.2684      -1.5762   1.0126e-11      -7.5105      -1.2759    9.905e-12      -7.6629            0            0            0       22.992      -30.575           25      -23.124  -3.7317e-12      0.12141  -8.4725e-13     0.015717   3.2314e-13     0.089675      -1.1619      -1919.6       81.711      0.23096    -0.009709            0            0            0            0            0            0            0            0            0          6.4        0.016            0  
          0        -15.5            0     -0.59963      0.24826      0.20605     0.042204   8.0415e-13      0.13524       0.2476     -0.11236  -4.4654e-13  -1.9458e-13  -1.2696e-13  -6.7628e-14      -2.4154      -1.8704            0      -7.4296        3.076      -1.4816   9.9636e-12      -7.2991      -1.2009   9.7337e-12      -7.4469            0            0            0       23.099      -30.088           25       -22.49  -3.6666e-12       0.1173   -5.575e-13     0.015766   3.2712e-13     0.089622      -1.1292      -1889.1       76.899      0.23097   -0.0094537            0            0            0            0            0            0            0            0            0          6.4        0.016            0  
          0          -15            0     -0.58141      0.23182      0.19214     0.039677   7.9075e-13      0.12585       0.2313     -0.10545  -4.3839e-13  -2.3112e-13  -1.6798e-13  -6.3142e-14       -2.508      -1.9124            0      -7.2038       2.8723      -1.3896   9.7976e-12      -7.0856       -1.128   9.5715e-12      -7.2288            0            0            0       23.222      -29.427           25      -21.738  -3.5964e-12      0.10915  -8.9776e-13     0.015813    3.318e-13     0.089566      -1.0962      -1847.6       71.807      0.23097   -0.0091938            0            0            0            0            0            0            0            0            0          6.4        0.016            0  
          0        -14.5            0     -0.56307       0.2158      0.17858     0.037213    7.772e-13      0.11397      0.21271    -0.098741  -4.3022e-13  -1.7755e-13   -1.187e-13  -5.8851e-14      -2.6093       -1.958            0      -6.9766       2.6738      -1.3004   9.6297e-12      -6.8698      -1.0572   9.4301e-12      -7.0085            0            0            0       23.344      -28.742           25      -20.969  -3.5266e-12      0.09885  -5.2481e-13     0.015859   3.3587e-13     0.089507      -1.0628      -1804.6       66.844      0.23098   -0.0089295            0            0            0            0            0            0            0            0            0          6.4        0.016            0  
          0          -14            0     -0.54463      0.20369      0.16888     0.034814   7.6354e-13      0.10927      0.20152    -0.092248  -4.2209e-13  -1.9498e-13  -1.4024e-13  -5.4743e-14      -2.6738      -1.9732            0      -6.7481       2.5238       -1.214   9.4605e-12       -6.652     -0.98871   9.2514e-12       -6.786            0            0            0       23.416       -28.52           25      -20.506  -3.4574e-12     0.094771  -7.1207e-13     0.015903   3.4026e-13     0.089443      -1.0292      -1790.6       63.094      0.23098    -0.008661            0            0            0            0            0            0            0            0            0          6.4        0.016            0  
          0        -13.5            0     -0.52608      0.18241      0.14992     0.032482   7.4967e-13     0.096101      0.18207    -0.085969  -4.1383e-13  -2.9799e-13   -2.474e-13   -5.059e-14      -2.8841      -2.0919            0      -6.5183       2.2601      -1.1303   9.2886e-12      -6.4321     -0.92241   9.0859e-12      -6.5616            0            0            0        23.62      -26.902           25      -19.123  -3.3872e-12      0.08335  -1.5795e-12     0.015945   3.4567e-13     0.089376     -0.99518        -1689       56.502      0.23099   -0.0083883            0            0            0            0            0            0            0            0            0          6.4        0.016            0  
          0          -13            0     -0.50743      0.16684      0.13662     0.030219   7.3555e-13     0.083582      0.16349    -0.079906  -4.0408e-13  -1.8876e-13  -1.4239e-13  -4.6371e-14      -3.0414      -2.1665            0      -6.2872       2.0672      -1.0495   9.1136e-12      -6.2103     -0.85833   8.9084e-12      -6.3352            0            0            0       23.749      -25.975           25      -18.201   -3.305e-12     0.072492  -7.6071e-13     0.015986   3.5165e-13     0.089306      -0.9609      -1630.8        51.68        0.231   -0.0081117            0            0            0            0            0            0            0            0            0          6.4        0.016            0  
          0        -12.5            0     -0.48869      0.14482      0.11679     0.028027   7.2137e-13     0.067942        0.142    -0.074061   -3.963e-13  -1.4425e-13  -1.0158e-13  -4.2672e-14      -3.3745       -2.359            0      -6.0549       1.7943      -0.9715    8.938e-12      -5.9866     -0.79652   8.7378e-12      -6.1069            0            0            0        23.97      -23.856           25      -16.507  -3.2395e-12     0.058928  -4.5021e-13     0.016025   3.5709e-13     0.089231     -0.92632      -1497.8       44.858      0.23101   -0.0078311            0            0            0            0            0            0            0            0            0          6.4        0.016            0  
          0          -12            0     -0.46985      0.12346     0.097556     0.025907   7.0696e-13     0.049237      0.11767    -0.068437  -3.8773e-13  -2.1718e-13  -1.7821e-13  -3.8966e-14      -3.8056      -2.6086            0      -5.8215       1.5297     -0.89638   8.7594e-12       -5.761     -0.73699   8.5646e-12      -5.8767            0            0            0       24.179      -21.574           25      -14.723  -3.1676e-12     0.042704  -1.0779e-12     0.016062   3.6317e-13     0.089152     -0.89146      -1354.5       38.243      0.23101   -0.0075469            0            0            0            0            0            0            0            0            0          6.4        0.016            0  
          0        -11.5            0     -0.45092     0.096477     0.072617      0.02386   6.9236e-13     0.025591     0.088625    -0.063034  -3.7842e-13  -1.9173e-13  -1.5651e-13  -3.5217e-14      -4.6738      -3.1385            0      -5.5869       1.1954     -0.82416   8.5785e-12      -5.5337     -0.67975   8.3822e-12      -5.6448            0            0            0       24.447      -17.931           25      -12.077  -3.0898e-12     0.022196  -9.1947e-13     0.016098   3.7012e-13      0.08907     -0.85632      -1125.8       29.884      0.23102    -0.007259            0            0            0            0            0            0            0            0            0          6.4        0.016            0  
          0          -11            0      -0.4319     0.051392     0.029502     0.021889   6.7754e-13    -0.022063      0.03579    -0.057854  -3.6934e-13  -2.5919e-13  -2.2752e-13  -3.1662e-14       -8.404       -5.523            0      -5.3513      0.63675     -0.75485   8.3949e-12      -5.3047     -0.62482   8.1967e-12      -5.4113            0            0            0       24.825      -10.189           25      -6.7857  -3.0142e-12    -0.019136  -1.5043e-12     0.016133   3.7713e-13     0.088983     -0.82093      -639.73       15.919      0.23103   -0.0069677            0            0            0            0            0            0            0            0            0          6.4        0.016            0  
          0        -10.5            0     -0.41279     0.043693     0.023698     0.019995    6.627e-13    -0.024257     0.028641    -0.052898   -3.602e-13  -7.0802e-14  -4.2539e-14  -2.8263e-14      -9.4475      -6.0699            0      -5.1146      0.54137     -0.68847    8.211e-12      -5.0741     -0.57222   8.0295e-12      -5.1761            0            0            0       24.861      -9.2713           25      -6.0421  -2.9383e-12    -0.021039  -3.2514e-14     0.016165   3.8527e-13     0.088891     -0.78528      -582.09       13.534      0.23103    -0.006673            0            0            0            0            0            0            0            0            0          6.4        0.016            0  
          0          -10            0     -0.39361     0.039382     0.021202      0.01818   6.4758e-13    -0.022472     0.025697     -0.04817  -3.5066e-13  -5.7961e-14  -3.3039e-14  -2.4922e-14      -9.9947      -6.2705            0      -4.8769      0.48795     -0.62504   8.0236e-12       -4.842     -0.52197   7.8483e-12      -4.9393            0            0            0       24.876      -8.9747           25      -5.7136  -2.8593e-12    -0.019491   3.1159e-14     0.016197    3.939e-13     0.088795      -0.7494      -563.47       12.199      0.23104   -0.0063752            0            0            0            0            0            0            0            0            0          6.4        0.016            0  
          0         -9.5            0     -0.37435     0.035655     0.019211     0.016444   6.3239e-13    -0.020405     0.023263    -0.043669  -3.4147e-13  -4.4579e-14  -2.2764e-14  -2.1815e-14      -10.499      -6.4239            0      -4.6383      0.44178     -0.56459   7.8354e-12      -4.6083     -0.47408   7.6644e-12      -4.7011            0            0            0       24.887      -8.7604           25      -5.4407  -2.7836e-12    -0.017698   1.0133e-13     0.016226   4.0355e-13     0.088694     -0.71329      -550.01       11.044      0.23104   -0.0060744            0            0            0            0            0            0            0            0            0          6.4        0.016            0  
          0           -9            0     -0.35502     0.032333     0.017543     0.014789   6.1709e-13    -0.018115     0.021282    -0.039397  -3.3198e-13  -3.7761e-14  -1.8985e-14  -1.8777e-14       -10.98      -6.5424            0      -4.3988      0.40061     -0.50713   7.6459e-12      -4.3733     -0.42856   7.4851e-12      -4.4615            0            0            0       24.897      -8.6017           25      -5.2037  -2.7053e-12    -0.015711   1.1969e-13     0.016254   4.1381e-13     0.088588     -0.67696      -540.05       10.015      0.23104   -0.0057706            0            0            0            0            0            0            0            0            0          6.4        0.016            0  
          0         -8.5            0     -0.33562     0.029245     0.016028     0.013217   6.0155e-13     -0.01595     0.019405    -0.035355  -3.2259e-13  -3.2998e-14  -1.7095e-14  -1.5903e-14      -11.476      -6.6484            0      -4.1584      0.36235     -0.45268   7.4534e-12      -4.1369     -0.38543   7.2946e-12      -4.2206            0            0            0       24.906      -8.4647           25      -4.9801  -2.6283e-12    -0.013834   1.2305e-13     0.016281   4.2506e-13     0.088476     -0.64042      -531.45       9.0589      0.23104   -0.0054642            0            0            0            0            0            0            0            0            0          6.4        0.016            0  
          0           -8            0     -0.31615     0.026277     0.014548     0.011729   5.8592e-13     -0.01391     0.017636    -0.031545  -3.1276e-13  -2.8527e-14  -1.5404e-14  -1.3123e-14      -12.031       -6.765            0      -3.9172      0.32558     -0.40126   7.2597e-12      -3.8993     -0.34471    7.094e-12      -3.9785            0            0            0       24.914      -8.3188           25      -4.7512  -2.5476e-12    -0.012064   1.2494e-13     0.016306    4.384e-13     0.088357     -0.60369      -522.29       8.1395      0.23104   -0.0051552            0            0            0            0            0            0            0            0            0          6.4        0.016            0  
          0         -7.5            0     -0.29662     0.023358     0.013033     0.010325   5.7018e-13    -0.012186     0.015782    -0.027968  -3.0304e-13  -3.0267e-14  -1.9754e-14  -1.0514e-14      -12.699      -6.9163            0      -3.6752      0.28941     -0.35288   7.0647e-12      -3.6605      -0.3064   6.9022e-12      -3.7351            0            0            0       24.923      -8.1368           25      -4.5025  -2.4681e-12    -0.010569   7.8064e-14      0.01633   4.5311e-13     0.088232     -0.56677      -510.86       7.2352      0.23103   -0.0048437            0            0            0            0            0            0            0            0            0          6.4        0.016            0  
          0           -7            0     -0.27703     0.020662     0.011656    0.0090065   5.5427e-13    -0.010524     0.014101    -0.024625  -2.9357e-13  -1.5095e-14  -7.0474e-15  -8.0476e-15      -13.408       -7.057            0      -3.4325      0.25601     -0.30756   6.8675e-12      -3.4205     -0.27051   6.7199e-12      -3.4907            0            0            0       24.931      -7.9745           25      -4.2655  -2.3908e-12   -0.0091274   1.7005e-13     0.016352   4.6977e-13     0.088099     -0.52968      -500.67       6.4003      0.23102     -0.00453            0            0            0            0            0            0            0            0            0          6.4        0.016            0  
          0         -6.5            0     -0.25739     0.019137     0.011362    0.0077752   5.3828e-13   -0.0077628     0.013754    -0.021517  -2.8319e-13  -6.7109e-15  -1.0819e-15  -5.6289e-15       -13.45      -6.8236            0      -3.1891      0.23711      -0.2653   6.6695e-12      -3.1795     -0.23707   6.5155e-12      -3.2452            0            0            0       24.931      -8.2473           25      -4.2521  -2.3061e-12   -0.0067328   2.0763e-13     0.016373   4.8912e-13     0.087956     -0.49243       -517.8       5.9278        0.231   -0.0042142            0            0            0            0            0            0            0            0            0          6.4        0.016            0  
          0           -6            0      -0.2377     0.018102     0.011471    0.0066316   5.2218e-13   -0.0047433     0.013901    -0.018644  -2.7324e-13  -2.3371e-15   1.0735e-15  -3.4106e-15      -13.131      -6.4018            0      -2.9451      0.22429     -0.22613   6.4699e-12      -2.9376     -0.20607   6.3223e-12      -2.9988            0            0            0       24.928      -8.7907           25      -4.3551  -2.2251e-12   -0.0041139   2.1456e-13     0.016393   5.1197e-13     0.087802     -0.45503      -551.91       5.6073      0.23098   -0.0038965            0            0            0            0            0            0            0            0            0          6.4        0.016            0  
          0         -5.5            0     -0.21796     0.017156     0.011579    0.0055766   5.0596e-13   -0.0019648     0.014044    -0.016009  -2.6346e-13  -4.0046e-16   9.6157e-16   -1.362e-15      -12.705      -5.9313            0      -2.7005      0.21256     -0.19006   6.2689e-12      -2.6947     -0.17753     6.13e-12      -2.7515            0            0            0       24.923       -9.488           25      -4.5005  -2.1456e-12   -0.0017041   2.0323e-13     0.016411   5.3828e-13     0.087636     -0.41749       -595.7       5.3141      0.23094   -0.0035769            0            0            0            0            0            0            0            0            0          6.4        0.016            0  
          0           -5            0     -0.19817     0.016294     0.011683    0.0046111   4.8961e-13   0.00057056     0.014181     -0.01361   -2.532e-13   1.5984e-15   1.0073e-15   5.9115e-16      -12.162      -5.4141            0      -2.4554      0.20189     -0.15709   6.0664e-12       -2.451     -0.15145   5.9265e-12      -2.5034            0            0            0       24.916      -10.394           25      -4.7005  -2.0622e-12   0.00049486   1.9348e-13     0.016429   5.6966e-13     0.087453     -0.37983       -652.6       5.0473       0.2309   -0.0032558            0            0            0            0            0            0            0            0            0          6.4        0.016            0  
          0         -4.5            0     -0.17835     0.015477     0.011741    0.0037357   4.7318e-13    0.0028202     0.014271    -0.011451   -2.431e-13    2.839e-15   4.6508e-16   2.3739e-15      -11.524      -4.8666            0      -2.2098      0.19176     -0.12723   5.8629e-12      -2.2066     -0.12785   5.7269e-12      -2.2545            0            0            0       24.906      -11.564           25      -4.9596  -1.9803e-12     0.002446   1.7912e-13     0.016446   6.0832e-13     0.087249     -0.34205      -726.02        4.794      0.23084   -0.0029331            0            0            0            0            0            0            0            0            0          6.4        0.016            0  
          0           -4            0     -0.15849     0.014726     0.011774    0.0029512   4.5666e-13    0.0047949     0.014325   -0.0095297  -2.3285e-13   4.2733e-15   2.6018e-16   4.0131e-15      -10.763      -4.2849            0      -1.9637      0.18245     -0.10051   5.6581e-12      -1.9615     -0.10673   5.5323e-12       -2.005            0            0            0       24.893      -13.134           25      -5.3082  -1.8972e-12    0.0041587   1.6769e-13     0.016463   6.5729e-13     0.087017     -0.30416      -824.59       4.5613      0.23075   -0.0026092            0            0            0            0            0            0            0            0            0          6.4        0.016            0  
          0         -3.5            0      -0.1386     0.014051     0.011793    0.0022581   4.4006e-13     0.006506     0.014354   -0.0078483  -2.2259e-13   5.6986e-15   1.9022e-16   5.5084e-15      -9.8642      -3.6724            0      -1.7173       0.1741    -0.076913   5.4525e-12      -1.7158    -0.088096   5.3214e-12       -1.755            0            0            0       24.873      -15.324           25      -5.7887  -1.8141e-12    0.0056427   1.5764e-13      0.01648   7.1926e-13     0.086746     -0.26618      -962.12       4.3524      0.23064   -0.0022841            0            0            0            0            0            0            0            0            0          6.4        0.016            0  
          0           -3            0     -0.11868     0.013439     0.011782     0.001657   4.2334e-13    0.0079475     0.014354    -0.006407  -2.1226e-13   6.8922e-15    3.272e-17   6.8594e-15      -8.8312      -3.0424            0      -1.4705      0.16652     -0.05646   5.2453e-12      -1.4696    -0.071955   5.1221e-12      -1.5044            0            0            0       24.841      -18.497           25      -6.4604  -1.7305e-12     0.006893   1.4713e-13     0.016498   8.0213e-13     0.086419     -0.22812      -1161.3       4.1629      0.23047   -0.0019581            0            0            0            0            0            0            0            0            0          6.4        0.016            0  
          0         -2.5            0    -0.098744     0.012833     0.011685    0.0011482   4.0656e-13    0.0090365     0.014243   -0.0052061  -2.0196e-13   7.1904e-15  -8.6998e-16   8.0604e-15      -7.6945      -2.4179            0      -1.2235        0.159    -0.039153   5.0374e-12      -1.2229    -0.058312   4.9167e-12      -1.2534            0            0            0       24.792      -23.275           25      -7.4049  -1.6471e-12    0.0078376   1.3078e-13      0.01652   9.1909e-13        0.086     -0.18999      -1461.3       3.9751      0.23021   -0.0016312            0            0            0            0            0            0            0            0            0          6.4        0.016            0  
          0           -2            0    -0.078783     0.012257     0.011525   0.00073232    3.897e-13    0.0098023     0.014048    -0.004246  -1.9171e-13   7.8521e-15  -1.2555e-15   9.1077e-15      -6.4277      -1.8041            0     -0.97614      0.15187    -0.024999   4.8285e-12     -0.97586    -0.047171   4.7102e-12      -1.0021            0            0            0       24.703      -31.193           25       -8.843  -1.5642e-12    0.0085017   1.1888e-13     0.016548   1.0946e-12     0.085425      -0.1518      -1958.4       3.7966      0.22977   -0.0013037            0            0            0            0            0            0            0            0            0          6.4        0.016            0  
          0         -1.5            0    -0.058807     0.011608     0.011199   0.00040954   3.7277e-13     0.010121     0.013649   -0.0035271  -1.8122e-13    7.802e-15  -2.2134e-15   1.0015e-14       -5.066      -1.2285            0     -0.72863      0.14383    -0.014001   4.6187e-12     -0.72851    -0.038535   4.5054e-12      -0.7505            0            0            0       24.527      -45.808           25      -11.166  -1.4793e-12    0.0087785   1.0257e-13     0.016592   1.3897e-12     0.084534     -0.11356        -2876       3.5957      0.22893  -0.00097574            0            0            0            0            0            0            0            0            0          6.4        0.016            0  
          0           -1            0    -0.038819     0.011061     0.010881   0.00018013   3.5578e-13     0.010202     0.013252   -0.0030495  -1.7079e-13   8.9841e-15  -1.7866e-15   1.0771e-14      -3.5095     -0.69145            0     -0.48097      0.13705   -0.0061627   4.4082e-12     -0.48094    -0.032408   4.2974e-12     -0.49871            0            0            0       24.043      -81.389           25      -15.905  -1.3949e-12    0.0088487   9.7831e-14     0.016679   1.9885e-12     0.082845    -0.075293      -5109.9       3.4263       0.2268  -0.00064744            0            0            0            0            0            0            0            0            0          6.4        0.016            0  
          0         -0.5            0    -0.018823     0.010752     0.010708   4.4264e-05   3.3874e-13      0.01022     0.013034   -0.0028134  -1.6036e-13   1.0707e-14  -6.6918e-16   1.1377e-14      -1.7506     -0.24018            0     -0.23322      0.13322   -0.0014868   4.1971e-12     -0.23322    -0.028791   4.0906e-12     -0.24681            0            0            0       21.708      -234.31           25      -29.736  -1.3105e-12    0.0088643   9.9001e-14     0.016948   3.8602e-12     0.077818       -0.037       -14711       3.3306        0.217    -0.000319            0            0            0            0            0            0            0            0            0          6.4        0.016            0  
          0            0            0    0.0011767     0.010659     0.010657   2.0554e-06   3.2163e-13     0.010144     0.012963   -0.0028189  -1.4991e-13   1.1921e-14   8.6308e-17   1.1834e-14       0.1104    0.0037868       29.152     0.014579      0.13206   2.5467e-05   3.9851e-12     0.014579    -0.027684   3.8815e-12    0.0051419            0            0            0       2.7432        14861           25         83.7  -1.2259e-12    0.0087982   9.7482e-14    0.0080011  -5.7873e-11      0.23954    0.0013047   9.3304e+05       3.3016     0.018261   9.4145e-06            0            0            0            0            0            0            0            0            0          6.4        0.016            0  
          0          0.5            0     0.021176      0.01077     0.010717   5.3534e-05   3.0448e-13    0.0099675     0.013033   -0.0030659  -1.3943e-13   1.2857e-14   7.1606e-16   1.2141e-14       1.9662      0.28612       6.8719      0.26238      0.13344   -0.0016264   3.7725e-12      0.26237    -0.029089   3.6719e-12      0.25705            0            0            0       22.284       196.69           25       26.958   -1.141e-12     0.008645   9.5187e-14     0.015945  -3.0005e-12     0.095551     0.039609        12349       3.3361      0.22709   0.00033764            0            0            0            0            0            0            0            0            0          6.4        0.016            0  
          0            1            0     0.041171     0.011101     0.010903   0.00019866   2.8727e-13    0.0096977     0.013252   -0.0035544  -1.2898e-13   1.3682e-14   1.3824e-15     1.23e-14       3.7087      0.75252       4.9284      0.51012      0.13755   -0.0064418   3.5594e-12      0.51009    -0.033005   3.4627e-12      0.50885            0            0            0       24.138       74.783           25        15.09  -1.0563e-12     0.008411   9.3461e-14     0.016165  -1.4321e-12     0.091312     0.077902       4695.2       3.4387      0.23132   0.00066552            0            0            0            0            0            0            0            0            0          6.4        0.016            0  
          0          1.5            0     0.061159     0.011668     0.011231   0.00043733   2.7004e-13    0.0093605     0.013645   -0.0042842  -1.1848e-13   1.3775e-14   1.4694e-15   1.2306e-14       5.2416       1.2963       4.0436      0.75777      0.14457    -0.014419   3.3459e-12      0.75765    -0.039431   3.2511e-12      0.76045            0            0            0       24.557       43.414           25       10.801  -9.7117e-13    0.0081185   8.7245e-14     0.016234  -8.8929e-13     0.089757      0.11617       2725.7       3.6142      0.23187   0.00099288            0            0            0            0            0            0            0            0            0          6.4        0.016            0  
          0            2            0     0.081134     0.012324     0.011555   0.00076935   2.5278e-13      0.00878     0.014035   -0.0052552  -1.0806e-13   1.2873e-14    7.069e-16   1.2166e-14       6.5834       1.8752       3.5107       1.0053       0.1527    -0.025557    3.132e-12        1.005    -0.048364   3.0414e-12       1.0118            0            0            0       24.716       30.011           25       8.6371  -8.8663e-13    0.0076151   7.4362e-14     0.016264  -6.1344e-13     0.088902       0.1544       1884.2       3.8175      0.23196    0.0013195            0            0            0            0            0            0            0            0            0          6.4        0.016            0  
          0          2.5            0      0.10109     0.012905     0.011711    0.0011945   2.3547e-13     0.007754     0.014221    -0.006467  -9.7592e-14   1.2196e-14   3.1925e-16   1.1876e-14       7.8336       2.4907       3.1451       1.2526       0.1599     -0.03985   2.9175e-12        1.252    -0.059803    2.829e-12       1.2628            0            0            0       24.799       22.594           25       7.2748  -8.0154e-13    0.0067252   6.4825e-14     0.016276  -4.4784e-13      0.08833      0.19259       1418.6       3.9974      0.23195    0.0016454            0            0            0            0            0            0            0            0            0          6.4        0.016            0  
          0            3            0      0.12103     0.013514     0.011802    0.0017124   2.1815e-13    0.0064069     0.014326   -0.0079192  -8.7062e-14    1.144e-14   5.5249e-18   1.1435e-14       8.9561       3.1158       2.8744       1.4996      0.16744    -0.057296    2.703e-12       1.4987    -0.073743   2.6182e-12       1.5134            0            0            0       24.846       18.062           25        6.371  -7.1587e-13    0.0055569   5.6166e-14     0.016278  -3.3581e-13       0.0879      0.23072         1134        4.186      0.23192    0.0019702            0            0            0            0            0            0            0            0            0          6.4        0.016            0  
          0          3.5            0      0.14095     0.014125     0.011802    0.0023227   2.0084e-13    0.0047076     0.014319   -0.0096114   -7.672e-14   1.0707e-14  -1.4735e-16   1.0854e-14       9.9787       3.7463       2.6636       1.7464      0.17501    -0.077888   2.4884e-12       1.7449     -0.09018   2.4043e-12       1.7634            0            0            0       24.875       15.022           25       5.7227  -6.3163e-13     0.004083   4.9093e-14     0.016274  -2.5582e-13     0.087551      0.26878       943.13       4.3752      0.23187    0.0022938            0            0            0            0            0            0            0            0            0          6.4        0.016            0  
          0            4            0      0.16083     0.014806     0.011782    0.0030249   1.8348e-13    0.0027416     0.014285    -0.011543  -6.6233e-14   9.9457e-15   -1.736e-16   1.0119e-14       10.862       4.3563       2.4935       1.9928      0.18346     -0.10162   2.2733e-12       1.9905     -0.10911   2.1969e-12       2.0129            0            0            0       24.895       12.918           25       5.2599  -5.4608e-13    0.0023779   4.3352e-14     0.016266  -1.9588e-13     0.087251      0.30676       811.07       4.5864      0.23183    0.0026161            0            0            0            0            0            0            0            0            0          6.4        0.016            0  
          0          4.5            0      0.18069     0.015565     0.011746    0.0038186   1.6612e-13   0.00051423     0.014228    -0.013714  -5.5875e-14   9.1093e-15  -1.2795e-16   9.2373e-15       11.609       4.9346       2.3525       2.2388      0.19285     -0.12849   2.0583e-12       2.2356     -0.13053     1.98e-12       2.2618            0            0            0       24.908       11.404           25       4.9234  -4.6144e-13     0.000446   3.8413e-14     0.016254  -1.4909e-13     0.086984      0.34464       716.01       4.8213      0.23179    0.0029369            0            0            0            0            0            0            0            0            0          6.4        0.016            0  
          0            5            0      0.20051      0.01638     0.011677     0.004703   1.4875e-13   -0.0019911     0.014132    -0.016123  -4.5427e-14    8.016e-15  -1.9083e-16   8.2068e-15       12.241       5.4813       2.2332       2.4844      0.20295     -0.15848    1.843e-12         2.48     -0.15442   1.7688e-12       2.5099            0            0            0       24.917       10.267           25       4.6703  -3.7592e-13   -0.0017269   3.2925e-14     0.016238  -1.1119e-13      0.08674      0.38242        644.6       5.0738      0.23176     0.003256            0            0            0            0            0            0            0            0            0          6.4        0.016            0  
          0          5.5            0      0.22029     0.017249     0.011572    0.0056775   1.3141e-13   -0.0047787      0.01399    -0.018769   -3.512e-14   6.7471e-15  -2.8279e-16   7.0299e-15       12.771        5.994       2.1306       2.7294      0.21372     -0.19158   1.6281e-12       2.7236     -0.18079   1.5579e-12       2.7573            0            0            0       24.924       9.3887           25       4.4773  -2.9138e-13   -0.0041447   2.7394e-14     0.016221   -8.018e-14     0.086511      0.42008       589.46       5.3431      0.23172    0.0035733            0            0            0            0            0            0            0            0            0          6.4        0.016            0  
          0            6            0      0.24003     0.018204     0.011463    0.0067414   1.1406e-13   -0.0078084     0.013844    -0.021652  -2.4932e-14   5.5454e-15  -1.7888e-16   5.7243e-15       13.185       6.4597       2.0411        2.974      0.22556      -0.2278   1.4132e-12       2.9664     -0.20963   1.3438e-12       3.0037            0            0            0       24.928       8.7119           25       4.3372  -2.0766e-13   -0.0067723   2.3788e-14     0.016201  -5.4749e-14     0.086294      0.45762       546.97       5.6389      0.23169    0.0038885            0            0            0            0            0            0            0            0            0          6.4        0.016            0  
          0          6.5            0      0.25972     0.019251     0.011357    0.0078939   9.6711e-14    -0.011073     0.013698    -0.024771  -1.4849e-14    3.582e-15  -7.1025e-16   4.2923e-15       13.491       6.8752       1.9622       3.2179      0.23853      -0.2671   1.1983e-12       3.2083     -0.24092   1.1244e-12       3.2492            0            0            0       24.932       8.1853           25       4.2393  -1.2462e-13    -0.009604   1.5358e-14     0.016178  -3.3872e-14     0.086085      0.49501       513.91       5.9632      0.23165    0.0042017            0            0            0            0            0            0            0            0            0          6.4        0.016            0  
          0            7            0      0.27935     0.020801     0.011667     0.009134   7.9409e-14    -0.014069     0.014056    -0.028125  -4.2797e-15   2.3601e-15  -2.8379e-16   2.6439e-15        13.43       7.0982        1.892       3.4613      0.25773     -0.30949    9.839e-13       3.4492     -0.27465   9.1732e-13       3.4937            0            0            0       24.931       7.9282           25       4.2584  -3.7371e-14    -0.012202   1.4891e-14     0.016154  -1.5135e-14     0.085882      0.53226       497.76       6.4432      0.23162    0.0045126            0            0            0            0            0            0            0            0            0          6.4        0.016            0  
          0          7.5            0      0.29894     0.023563     0.013102     0.010461   6.2115e-14    -0.015937     0.015775    -0.031712   5.6709e-15   2.8707e-15   1.9216e-15   9.4917e-16       12.686       6.9364        1.829       3.7039      0.29196     -0.35495   7.6961e-13       3.6891     -0.31082   7.1042e-13       3.7371            0            0            0       24.923       8.1132           25        4.507   4.4964e-14    -0.013823   2.9328e-14     0.016127   7.9438e-16     0.085684      0.56934       509.38       7.2989      0.23159     0.004821            0            0            0            0            0            0            0            0            0          6.4        0.016            0  
          0            8            0      0.31846     0.026492     0.014618     0.011874   4.4938e-14    -0.017932       0.0176    -0.035533   1.5757e-14   2.8259e-15   3.7606e-15  -9.3476e-16       12.021       6.7838        1.772       3.9458      0.32824     -0.40347    5.568e-13       3.9279     -0.34942   4.9462e-13       3.9793            0            0            0       24.914       8.2956           25       4.7553   1.2866e-13    -0.015553   4.0816e-14     0.016099   1.5002e-14     0.085489      0.60625       520.83       8.2059      0.23156    0.0051268            0            0            0            0            0            0            0            0            0          6.4        0.016            0  
          0          8.5            0      0.33792     0.029475     0.016104     0.013371   2.7677e-14    -0.020231     0.019354    -0.039585   2.5843e-14   -2.937e-15  -4.9232e-18   -2.932e-15       11.465       6.6646       1.7202        4.187       0.3652     -0.45502   3.4293e-13       4.1654     -0.39043    2.865e-13       4.2203            0            0            0       24.905       8.4441           25        4.985   2.1255e-13    -0.017547   7.4832e-15     0.016068   2.6971e-14     0.085296      0.64297       530.15       9.1301      0.23153    0.0054298            0            0            0            0            0            0            0            0            0          6.4        0.016            0  
          0            9            0      0.35732     0.032611     0.017659     0.014952   1.0421e-14    -0.022639     0.021229    -0.043867   3.5522e-14  -5.9785e-15  -9.3104e-16  -5.0475e-15       10.957       6.5497       1.6729       4.4273      0.40406      -0.5096   1.2911e-13       4.4017     -0.43384     7.84e-14       4.4599            0            0            0       24.897       8.5922           25       5.2147   2.9336e-13    -0.019635  -2.8468e-15     0.016036   3.8125e-14     0.085106       0.6795       539.45       10.101      0.23151    0.0057299            0            0            0            0            0            0            0            0            0          6.4        0.016            0  
          0          9.5            0      0.37665      0.03592     0.019306     0.016615  -6.6673e-15      -0.0252     0.023179    -0.048379   4.5659e-14  -7.6257e-15  -2.7472e-16   -7.351e-15       10.486       6.4352       1.6294       4.6667      0.44506      -0.5672   -8.261e-14       4.6367     -0.47964  -1.3295e-13       4.6981            0            0            0       24.887       8.7451           25       5.4478   3.7818e-13    -0.021856    1.203e-16     0.016002   4.8578e-14     0.084916      0.71583       549.05       11.127      0.23148     0.006027            0            0            0            0            0            0            0            0            0          6.4        0.016            0  
          0           10            0       0.3959     0.039728      0.02137     0.018359  -2.3772e-14    -0.027485     0.025632    -0.053118   5.5423e-14  -1.4163e-14  -4.4162e-15  -9.7471e-15       9.9651       6.2701       1.5893       4.9053      0.49224     -0.62778  -2.9454e-13       4.8703     -0.52782  -3.3988e-13       4.9349            0            0            0       24.875       8.9753           25       5.7305   4.6018e-13    -0.023838  -3.5359e-14     0.015966   5.6846e-14     0.084728      0.75193       563.51       12.306      0.23145    0.0063209            0            0            0            0            0            0            0            0            0          6.4        0.016            0  
          0         10.5            0      0.41507      0.04403     0.023847     0.020183  -4.0809e-14    -0.029532     0.028551    -0.058083   6.5231e-14  -2.0698e-14  -8.3815e-15  -1.2317e-14       9.4271       6.0735       1.5522       5.1429      0.54554     -0.69133  -5.0563e-13       5.1023     -0.57835  -5.5112e-13       5.1702            0            0            0       24.861       9.2658           25       6.0551   5.4285e-13    -0.025614  -6.9218e-14     0.015928   6.4573e-14     0.084539      0.78781       581.74       13.638      0.23142    0.0066114            0            0            0            0            0            0            0            0            0          6.4        0.016            0  
          0           11            0      0.43417     0.054789     0.032705     0.022085  -5.7762e-14    -0.024197     0.039076    -0.063273   7.4781e-14   -8.282e-14  -6.7898e-14  -1.4923e-14       7.9243       5.2215       1.5176       5.3795      0.67885     -0.75784  -7.1569e-13       5.3328     -0.63122  -7.6359e-13       5.4038            0            0            0       24.803       10.778           25       7.1923   6.2358e-13    -0.020986  -5.4814e-13     0.015889   7.2145e-14     0.084351      0.82344       676.68       16.971       0.2314    0.0068985            0            0            0            0            0            0            0            0            0          6.4        0.016            0  
          0         11.5            0      0.45318     0.084685     0.060622     0.024064  -7.4632e-14    0.0036732     0.072359    -0.068686   8.4319e-14  -5.3302e-14  -3.5581e-14  -1.7722e-14       5.3513       3.6025       1.4855        5.615       1.0493     -0.82728   -9.247e-13       5.5617     -0.68643  -9.6603e-13       5.6357            0            0            0       24.575       15.622           25       10.585   7.0457e-13    0.0031858  -2.8966e-13     0.015848    7.831e-14     0.084163      0.85883       980.79       26.232      0.23137    0.0071819            0            0            0            0            0            0            0            0            0          6.4        0.016            0  
          0           12            0       0.4721      0.11902     0.092899     0.026118   -9.145e-14     0.036516      0.11084    -0.074321   9.3909e-14  -4.2461e-14  -2.1772e-14  -2.0689e-14       3.9667       2.7255       1.4554       5.8495       1.4746     -0.89964  -1.1331e-12       5.7889     -0.74394  -1.1766e-12       5.8659            0            0            0       24.242       20.648           25       14.149   7.8634e-13     0.031671  -1.7997e-13     0.015805   8.4089e-14     0.083975      0.89395       1296.4       36.866      0.23135    0.0074615            0            0            0            0            0            0            0            0            0          6.4        0.016            0  
          0         12.5            0      0.49094      0.14002      0.11177     0.028246  -1.0828e-13     0.054451      0.13463    -0.080175   1.0309e-13  -8.2973e-15   1.5334e-14  -2.3631e-14       3.5062       2.4567       1.4272       6.0828       1.7349     -0.97488  -1.3417e-12       6.0144     -0.80375   -1.387e-12       6.0943            0            0            0       24.041       22.908           25       15.919   8.6484e-13     0.047226   1.1621e-13      0.01576    8.961e-14     0.083786      0.92881       1438.2       43.372      0.23133    0.0077373            0            0            0            0            0            0            0            0            0          6.4        0.016            0  
          0           13            0      0.50967      0.16239      0.13194     0.030446  -1.2491e-13     0.070082      0.15633    -0.086248   1.1247e-13  -6.2208e-14  -3.5447e-14  -2.6761e-14       3.1386       2.2407       1.4007        6.315        2.012       -1.053  -1.5477e-12        6.238     -0.86583    -1.58e-12       6.3208            0            0            0        23.82       25.116           25       17.673   9.4536e-13     0.060783  -2.8878e-13     0.015714   9.4656e-14     0.083597      0.96338       1576.9       50.301      0.23131     0.008009            0            0            0            0            0            0            0            0            0          6.4        0.016            0  
          0         13.5            0      0.52831      0.18371        0.151     0.032717  -1.4153e-13     0.088873      0.18141    -0.092536   1.2185e-13  -8.9281e-14  -5.9173e-14  -3.0109e-14       2.8758       2.0903       1.3758       6.5459       2.2762      -1.1339  -1.7536e-12       6.4597     -0.93017  -1.7914e-12       6.5453            0            0            0       23.613       26.923           25       19.174   1.0263e-12     0.077081  -4.7733e-13     0.015666   9.8923e-14     0.083407      0.99765       1690.3       56.906      0.23129    0.0082766            0            0            0            0            0            0            0            0            0          6.4        0.016            0  
          0           14            0      0.54685       0.1999      0.16485     0.035056  -1.5798e-13     0.095332      0.19437    -0.099039   1.3075e-13  -6.0103e-14  -2.6694e-14  -3.3409e-14       2.7356       2.0229       1.3523       6.7756       2.4769      -1.2177  -1.9575e-12       6.6794     -0.99674  -1.9842e-12       6.7678            0            0            0        23.48       27.819           25        20.08   1.1035e-12     0.082683  -2.1823e-13     0.015617   1.0331e-13     0.083217       1.0316       1746.6       61.921      0.23127    0.0085399            0            0            0            0            0            0            0            0            0          6.4        0.016            0  
          0         14.5            0      0.56529      0.21706      0.17959     0.037462  -1.7442e-13      0.10584       0.2116     -0.10575   1.3982e-13  -9.0034e-14  -5.3162e-14  -3.6872e-14       2.6043       1.9581         1.33        7.004       2.6894      -1.3043  -2.1611e-12       6.8971      -1.0655  -2.2076e-12       6.9882            0            0            0       23.339       28.741           25       21.006   1.1824e-12     0.091798  -4.2653e-13     0.015565   1.0735e-13     0.083026       1.0653       1804.5       67.235      0.23125    0.0087988            0            0            0            0            0            0            0            0            0          6.4        0.016            0  
          0           15            0      0.58361      0.23316      0.19323     0.039934  -1.9067e-13      0.11719      0.22987     -0.11268   1.4834e-13  -6.3745e-14  -2.3409e-14  -4.0336e-14        2.503       1.9122        1.309       7.2311       2.8889      -1.3936  -2.3624e-12       7.1128      -1.1365  -2.3929e-12       7.2064            0            0            0       23.216        29.43           25       21.777   1.2571e-12      0.10164  -1.8956e-13     0.015512   1.1077e-13     0.082834       1.0986       1847.8       72.223      0.23123    0.0090532            0            0            0            0            0            0            0            0            0          6.4        0.016            0  
          0         15.5            0      0.60183      0.24862      0.20615     0.042468  -2.0681e-13      0.12179       0.2416     -0.11981   1.5693e-13  -7.6714e-14  -3.2711e-14  -4.4003e-14       2.4207       1.8779        1.289       7.4568       3.0804      -1.4857  -2.5625e-12       7.3262      -1.2097  -2.5909e-12       7.4224            0            0            0       23.106       29.967           25       22.446   1.3328e-12      0.10563  -2.6158e-13     0.015458   1.1433e-13     0.082641       1.1316       1881.5        77.01      0.23122     0.009303            0            0            0            0            0            0            0            0            0          6.4        0.016            0  
          0           16            0      0.61993      0.26332      0.21826     0.045064  -2.2287e-13      0.13059      0.25775     -0.12715    1.661e-13  -9.7226e-14  -4.9312e-14  -4.7914e-14       2.3543       1.8537       1.2701       7.6811       3.2626      -1.5805  -2.7614e-12       7.5374       -1.285  -2.8044e-12       7.6361            0            0            0        23.01        30.36           25       23.014   1.4137e-12      0.11327  -3.8986e-13     0.015402   1.1709e-13     0.082447       1.1643       1906.1       81.565       0.2312    0.0095479            0            0            0            0            0            0            0            0            0          6.4        0.016            0  
          0         16.5            0      0.63792      0.27778      0.23006     0.047718  -2.3895e-13      0.13381      0.26851      -0.1347   1.7363e-13  -1.0932e-13  -5.7731e-14   -5.159e-14       2.2965       1.8342        1.252       7.9039       3.4418      -1.6779  -2.9606e-12       7.7464      -1.3624  -2.9947e-12       7.8474            0            0            0       22.921       30.682           25       23.531   1.4812e-12      0.11606   -4.539e-13     0.015344   1.1964e-13     0.082253       1.1966       1926.3       86.045      0.23119    0.0097881            0            0            0            0            0            0            0            0            0          6.4        0.016            0  
          0           17            0      0.65578      0.29033       0.2399      0.05043  -2.5464e-13      0.13678      0.27922     -0.14244   1.8284e-13   -1.312e-13  -7.5454e-14  -5.5747e-14       2.2587       1.8291       1.2349       8.1253       3.5973      -1.7781  -3.1551e-12       7.9529       -1.442  -3.1973e-12       8.0564            0            0            0        22.86       30.767           25        23.88   1.5632e-12      0.11863  -5.8886e-13     0.015284   1.2234e-13     0.082057       1.2285       1931.7       89.933      0.23119     0.010023            0            0            0            0            0            0            0            0            0          6.4        0.016            0  
          0         17.5            0      0.67352        0.303      0.24981     0.053197  -2.7043e-13      0.13945      0.28984     -0.15038    1.907e-13  -1.5215e-13  -9.2413e-14  -5.9742e-14       2.2228       1.8242       1.2185       8.3451       3.7543      -1.8808  -3.3507e-12       8.1571      -1.5236  -3.3701e-12       8.2628            0            0            0       22.799       30.849           25       24.222   1.6342e-12      0.12095  -7.1774e-13     0.015223   1.2506e-13     0.081861       1.2601       1936.8       93.858      0.23118     0.010253            0            0            0            0            0            0            0            0            0          6.4        0.016            0  
          0           18            0      0.69114      0.31877      0.26275     0.056017  -2.8597e-13      0.14895      0.30747     -0.15852   1.9888e-13  -2.5583e-13  -1.9197e-13  -6.3859e-14       2.1682       1.8025       1.2029       8.5634       3.9496      -1.9861  -3.5432e-12       8.3587      -1.6073  -3.5793e-12       8.4666            0            0            0       22.702       31.221           25        24.76   1.7081e-12      0.12919  -1.4871e-12     0.015161   1.2709e-13     0.081664       1.2913       1960.2       98.739      0.23118     0.010478            0            0            0            0            0            0            0            0            0          6.4        0.016            0  
          0         18.5            0      0.70863      0.33236      0.27347     0.058888  -3.0134e-13      0.15235      0.31921     -0.16686   2.0631e-13  -1.5922e-13  -9.1313e-14  -6.7902e-14       2.1321       1.7948       1.1879       8.7801        4.118       -2.094  -3.7336e-12       8.5579       -1.693  -3.7534e-12       8.6679            0            0            0       22.634       31.355           25       25.128   1.7761e-12      0.13213  -6.9941e-13     0.015096   1.2934e-13     0.081466        1.322       1968.6       102.95      0.23118     0.010698            0            0            0            0            0            0            0            0            0          6.4        0.016            0  
          0           19            0      0.72599      0.34902      0.28721     0.061807  -3.1679e-13      0.15547      0.33085     -0.17538   2.1441e-13  -1.8939e-13  -1.1706e-13  -7.2331e-14       2.0801       1.7723       1.1736       8.9951       4.3244      -2.2044  -3.9251e-12       8.7544      -1.7807   -3.945e-12       8.8665            0            0            0       22.532       31.752           25       25.676   1.8504e-12      0.13484  -8.9353e-13     0.015031   1.3145e-13     0.081267       1.3524       1993.5       108.11      0.23118     0.010912            0            0            0            0            0            0            0            0            0          6.4        0.016            0  
