MK84_Vtail
T5-a0.0°-200.0m/s-TriUniform-ThickSurf-x0.0625m-z-0.212m


 Ctrl        Alpha        Beta         CL           CD           CD_viscous   CD_induced   CY           Cm           Cm_viscous   Cm_pressure  Cl           Cn           Cn_viscous   Cn_pressure  CL/CD        CL^(3/2)/CD  1/sqrt(CL)   Lift_(N)     Drag_(N)     Fx_FF_(N)    Fy_FF_(N)    Fz_FF_(N)    Fx_sum_(N)   Fy_sum_(N)   Fz_sum_(N)   Extra_drag_(N)  Fuse_drag_(N)  Cf_Fuse      Vx_(m/s)     Vz_(m/s)     V_(m/s)      Gamma        L_(N.m)      M_(N.m)      N_(N.m)      CPx_(m)      CPy_(m)      CPz_(m)      BM_(N.m)     m.g.Vz_(W)   Drag_x_V_(W)  Efficiency   XCp.Cl       XNP_(m)      Phugoid_Freq._(Hz)  Phugoid_Damping  Short_Period_Freq._(Hz)  Short_Period_Damping_Ratio  Dutch_Roll_Freq._(Hz)  Dutch_Roll_Damping  Roll_Damping  Spiral_Damping  Mass_(kg)    CoG_x_(m)    CoG_z_(m)    
          0            0          -15    -0.015689    -0.077186    0.0094468    -0.086633      0.52342     0.029033    -0.002508     0.031541      0.17852   -0.0029102   1.5635e-05   -0.0029259      0.20327      0.02546            0      -114.49       446.86      -632.17       3819.5      -114.49      -608.59         3851      -127.31            0            0            0       39.839         9108          200        78.51         1552       52.964        -25.3      0.16931      -10.867      -1.7438      -1193.3   8.9349e+07  -1.1265e+05  -0.00018979   -0.0026563            0            0            0            0            0            0            0            0            0         1000       0.0625       -0.212  
          0            0        -14.5    -0.015762    -0.071763    0.0093102    -0.081073      0.50752      0.02725   -0.0024692     0.029719      0.17309   -0.0028214   1.5603e-05    -0.002837      0.21963     0.027574            0      -115.01       422.45       -591.6       3703.5      -115.01       -569.8         3734       -126.7            0            0            0       42.904       8409.8          200       77.613       1504.8       49.712      -24.528      0.16469      -10.488      -1.6484      -1157.6     8.25e+07  -1.0473e+05  -0.00020468   -0.0025958            0            0            0            0            0            0            0            0            0         1000       0.0625       -0.212  
          0            0          -14    -0.015832    -0.066512    0.0091731    -0.075685      0.49146     0.025524   -0.0024299     0.027954      0.16762   -0.0027316   1.5634e-05   -0.0027472      0.23803     0.029949            0      -115.53       398.66      -552.29       3586.3      -115.53      -532.21       3615.9      -126.11            0            0            0       46.311       7742.9          200       76.611       1457.2       46.563      -23.747      0.16025      -10.112      -1.5568      -1121.5   7.5958e+07       -97070   -0.0002212   -0.0025371            0            0            0            0            0            0            0            0            0         1000       0.0625       -0.212  
          0            0        -13.5    -0.015899    -0.061435     0.009037    -0.070472      0.47526     0.023856   -0.0023895     0.026246      0.16209   -0.0026412   1.5467e-05   -0.0026566       0.2588     0.032633            0      -116.02       375.51      -514.24         3468      -116.02      -495.83       3496.7      -125.54            0            0            0       50.109       7106.1          200        75.49       1409.1       43.521      -22.961        0.156      -9.7366      -1.4689      -1085.1   6.9711e+07       -89659   -0.0002396   -0.0024803            0            0            0            0            0            0            0            0            0         1000       0.0625       -0.212  
          0            0          -13    -0.015965    -0.056531    0.0089021    -0.065433      0.45891     0.022246   -0.0023492     0.024595      0.15651   -0.0025501   1.5078e-05   -0.0025652      0.28241     0.035683            0       -116.5       353.02      -477.48       3348.7       -116.5      -460.68       3376.4         -125            0            0            0       54.355       6498.8          200        74.23       1360.7       40.583       -22.17      0.15192       -9.363      -1.3847      -1048.3   6.3753e+07       -82503  -0.00026018   -0.0024254            0            0            0            0            0            0            0            0            0         1000       0.0625       -0.212  
          0            0        -12.5    -0.016028    -0.051805    0.0087674    -0.060572      0.44242     0.020693   -0.0023089     0.023002      0.15089   -0.0024582    1.485e-05    -0.002473      0.30939     0.039169            0      -116.96        331.2      -442.01       3228.4      -116.96      -426.77         3255      -124.47            0            0            0       59.113       5920.3          200       72.808       1311.8       37.751      -21.371      0.14802       -8.991      -1.3041      -1011.2   5.8078e+07       -75606  -0.00028329   -0.0023725            0            0            0            0            0            0            0            0            0         1000       0.0625       -0.212  
          0            0          -12    -0.016089    -0.047258    0.0086319     -0.05589      0.42579     0.019199    -0.002269     0.021468      0.14522   -0.0023652   1.4918e-05   -0.0023801      0.34045     0.043183            0       -117.4       310.05      -407.84       3107.1       -117.4       -394.1       3132.7      -123.96            0            0            0       64.456         5370          200       71.199       1262.5       35.025      -20.562      0.14429      -8.6204      -1.2271      -973.88    5.268e+07       -68970  -0.00030936   -0.0023215            0            0            0            0            0            0            0            0            0         1000       0.0625       -0.212  
          0            0        -11.5    -0.016147    -0.042893    0.0084944    -0.051388      0.40903     0.017766   -0.0022272     0.019993       0.1395   -0.0022715   1.4952e-05   -0.0022864      0.37645     0.047837            0      -117.83        289.6      -374.98       2984.8      -117.83      -362.69       3009.4      -123.46            0            0            0       70.463       4847.6          200       69.371       1212.8        32.41      -19.748      0.14073      -8.2511      -1.1536      -936.22   4.7555e+07       -62600  -0.00033891   -0.0022724            0            0            0            0            0            0            0            0            0         1000       0.0625       -0.212  
          0            0          -11    -0.016204    -0.038708    0.0083592    -0.047067      0.39215     0.016392   -0.0021852     0.018577      0.13375   -0.0021772   1.4931e-05   -0.0021921      0.41861     0.053287            0      -118.24       269.88      -343.45       2861.6      -118.24      -332.54       2885.2      -122.99            0            0            0       77.229       4351.8          200       67.285       1162.7       29.904      -18.927      0.13734      -7.8832      -1.0835      -898.27   4.2691e+07       -56491   -0.0003726   -0.0022254            0            0            0            0            0            0            0            0            0         1000       0.0625       -0.212  
          0            0        -10.5    -0.016257    -0.034703    0.0082253    -0.042929      0.37516     0.015078   -0.0021429     0.017221      0.12795   -0.0020825   1.4602e-05   -0.0020971      0.46847     0.059731            0      -118.63       250.89      -313.26       2737.6      -118.63      -303.67       2760.2      -122.54            0            0            0       84.844       3882.3          200       64.899       1112.3       27.507      -18.104      0.13411      -7.5165      -1.0168      -860.06   3.8085e+07       -50647  -0.00041124   -0.0021803            0            0            0            0            0            0            0            0            0         1000       0.0625       -0.212  
          0            0          -10    -0.016309    -0.030882    0.0080926    -0.038974      0.35804     0.013825   -0.0021006     0.015926      0.12211   -0.0019867   1.4693e-05   -0.0020014       0.5281     0.067441            0      -119.01       232.66       -284.4       2612.7      -119.01      -276.08       2634.3      -122.11            0            0            0       93.396       3438.4          200       62.161       1061.6       25.221      -17.272      0.13105      -7.1511     -0.95357      -821.58   3.3731e+07       -45070  -0.00045583   -0.0021372            0            0            0            0            0            0            0            0            0         1000       0.0625       -0.212  
          0            0         -9.5    -0.016358    -0.027248    0.0079569    -0.035205      0.34082     0.012635   -0.0020556     0.014691      0.11624   -0.0018903   1.4786e-05   -0.0019051      0.60032     0.076779            0      -119.36       215.16       -256.9         2487      -119.36      -249.78       2507.5       -121.7            0            0            0       102.94       3020.3          200       59.023       1010.5        23.05      -16.434      0.12814      -6.7867     -0.89363      -782.86   2.9629e+07       -39767  -0.00050767   -0.0020961            0            0            0            0            0            0            0            0            0         1000       0.0625       -0.212  
          0            0           -9    -0.016404    -0.023804    0.0078185    -0.031623      0.32349     0.011508   -0.0020089     0.013517      0.11033   -0.0017936   1.4726e-05   -0.0018083      0.68914     0.088264            0       -119.7       198.41      -230.75       2360.6       -119.7      -224.79       2380.1      -121.31            0            0            0       113.49       2627.3          200       55.428       959.16       20.994      -15.592       0.1254      -6.4234     -0.83698       -743.9   2.5774e+07       -34740  -0.00056841   -0.0020571            0            0            0            0            0            0            0            0            0         1000       0.0625       -0.212  
          0            0         -8.5    -0.016448    -0.020542    0.0076852    -0.028227      0.30607      0.01044   -0.0019647     0.012404      0.10439   -0.0016972   1.3657e-05   -0.0017109      0.80071      0.10269            0      -120.03       182.48      -205.98       2233.4      -120.03       -201.1       2251.9      -120.94            0            0            0       125.01       2258.1          200       51.315        907.5       19.045      -14.755      0.12282      -6.0611     -0.78359      -704.71   2.2152e+07       -29980  -0.00064021   -0.0020201            0            0            0            0            0            0            0            0            0         1000       0.0625       -0.212  
          0            0           -8     -0.01649    -0.017455    0.0075651     -0.02502      0.28855     0.009428   -0.0019257     0.011354     0.098412   -0.0016009   1.2073e-05    -0.001613       0.9447      0.12131            0      -120.33       167.44      -182.58       2105.6      -120.33      -178.72         2123      -120.59            0            0            0       137.34       1911.5          200       46.629       855.55       17.199      -13.917      0.12039      -5.6997     -0.73343      -665.32   1.8752e+07       -25475  -0.00072593   -0.0019852            0            0            0            0            0            0            0            0            0         1000       0.0625       -0.212  
          0            0         -7.5    -0.016529    -0.014549    0.0074542    -0.022003      0.27094    0.0084765   -0.0018886     0.010365     0.092407   -0.0015026   1.1916e-05   -0.0015145       1.1361      0.14607            0      -120.62       153.27      -160.56       1977.1      -120.62      -157.67       1993.4      -120.26            0            0            0       150.13       1587.6          200       41.354       803.35       15.464      -13.063      0.11811      -5.3393     -0.68646      -625.72   1.5574e+07       -21233  -0.00082941   -0.0019523            0            0            0            0            0            0            0            0            0         1000       0.0625       -0.212  
          0            0           -7    -0.016566    -0.011834    0.0073424    -0.019176      0.25325    0.0075879   -0.0018509    0.0094388     0.086374   -0.0014037   1.1925e-05   -0.0014157       1.3999      0.18018            0      -120.88       139.91      -139.93         1848      -120.88      -137.95       1863.3      -119.95            0            0            0       162.74         1287          200       35.539        750.9       13.842      -12.204      0.11599      -4.9796     -0.64266      -585.94   1.2625e+07       -17270  -0.00095592   -0.0019215            0            0            0            0            0            0            0            0            0         1000       0.0625       -0.212  
          0            0         -6.5      -0.0166   -0.0093088    0.0072312     -0.01654      0.23549    0.0067616   -0.0018136    0.0085751     0.080315   -0.0013049   1.1422e-05   -0.0013164       1.7833      0.22976            0      -121.13       127.38      -120.69       1718.4      -121.13      -119.56       1732.6      -119.67            0            0            0       174.44       1009.3          200       29.282       698.23       12.335      -11.345      0.11402      -4.6207     -0.60199      -545.98    9.901e+06       -13586   -0.0011129   -0.0018928            0            0            0            0            0            0            0            0            0         1000       0.0625       -0.212  
          0            0           -6    -0.016632   -0.0069685    0.0071276    -0.014096      0.21765    0.0059965   -0.0017779    0.0077744     0.074231   -0.0012064   1.0206e-05   -0.0012166       2.3867      0.30781            0      -121.37       115.73      -102.86       1588.2      -121.37      -102.51       1601.3       -119.4            0            0            0       184.46       753.37          200       22.733       645.34       10.939      -10.488      0.11221      -4.2626     -0.56443      -505.85   7.3906e+06       -10170   -0.0013108   -0.0018662            0            0            0            0            0            0            0            0            0         1000       0.0625       -0.212  
          0            0         -5.5    -0.016661   -0.0048071     0.007038    -0.011845      0.19975    0.0052896   -0.0017473    0.0070369     0.068125   -0.0011076   8.9305e-06   -0.0011166        3.466      0.44739            0      -121.58       105.02      -86.435       1457.6      -121.58        -86.8       1469.6      -119.15            0            0            0       192.16       518.33          200       16.094       592.25       9.6497      -9.6293      0.11054      -3.9051     -0.52997      -465.58   5.0848e+06      -7015.6   -0.0015654   -0.0018417            0            0            0            0            0            0            0            0            0         1000       0.0625       -0.212  
          0            0           -5    -0.016688    -0.002831    0.0069565   -0.0097874      0.18178    0.0046433   -0.0017194    0.0063627     0.061998   -0.0010079   8.2772e-06   -0.0010161       5.8948      0.76151            0      -121.77       95.225       -71.42       1326.5      -121.77      -72.444       1337.4      -118.93            0            0            0       197.18       304.52          200        9.628       538.99       8.4707       -8.762      0.10902      -3.5482     -0.49857      -425.16   2.9873e+06      -4131.6   -0.0019006   -0.0018193            0            0            0            0            0            0            0            0            0         1000       0.0625       -0.212  
          0            0         -4.5    -0.016712   -0.0010398     0.006884   -0.0079238      0.16376     0.004058   -0.0016941    0.0057521     0.055852  -0.00090842   6.9868e-06  -0.00091541       16.072       2.0777            0      -121.95       86.349      -57.821         1195      -121.95      -59.442       1204.9      -118.73            0            0            0       199.61       111.61          200       3.5604       485.56       7.4029      -7.8975      0.10764      -3.1918     -0.47022      -384.62   1.0949e+06      -1517.6   -0.0023544    -0.001799            0            0            0            0            0            0            0            0            0         1000       0.0625       -0.212  
          0            0           -4    -0.016734   0.00056637    0.0068213   -0.0062549      0.14569    0.0035328   -0.0016725    0.0052053     0.049689  -0.00080825   6.1539e-06   -0.0008144      -29.546       -3.822            0      -122.11       78.405      -45.643       1063.1      -122.11      -47.797       1071.9      -118.55            0            0            0       199.89      -60.672          200      -1.9385       431.98       6.4448      -7.0266      0.10642      -2.8359      -0.4449      -343.96   -5.952e+05       826.58   -0.0029903   -0.0017808            0            0            0            0            0            0            0            0            0         1000       0.0625       -0.212  
          0            0         -3.5    -0.016753    0.0019872    0.0067683   -0.0047811      0.12758    0.0030677   -0.0016546    0.0047224     0.043511  -0.00070835    4.798e-06  -0.00071315      -8.4305      -1.0912            0      -122.25       71.399      -34.888       930.96      -122.25      -37.515       938.64      -118.39            0            0            0       198.61      -212.51          200      -6.7646       378.27       5.5964      -6.1581      0.10534      -2.4805      -0.4226       -303.2  -2.0848e+06       2900.2   -0.0039211   -0.0017648            0            0            0            0            0            0            0            0            0         1000       0.0625       -0.212  
          0            0           -3     -0.01677    0.0032238    0.0067267   -0.0035029      0.10943    0.0026624   -0.0016411    0.0043036      0.03732  -0.00060733   4.3395e-06  -0.00061167      -5.2019     -0.67363            0      -122.37       65.349      -25.561       798.49      -122.37      -28.597       805.08      -118.25            0            0            0        196.4      -344.24          200      -10.882       324.45        4.857      -5.2799       0.1044      -2.1254     -0.40329      -262.35   -3.377e+06       4704.9   -0.0053625   -0.0017508            0            0            0            0            0            0            0            0            0         1000       0.0625       -0.212  
          0            0         -2.5    -0.016784    0.0042675    0.0066882   -0.0024207     0.091239    0.0023208   -0.0016282     0.003949     0.031118  -0.00050591   4.1025e-06  -0.00051001      -3.9329     -0.50952            0      -122.47       60.199      -17.664       665.78      -122.47      -21.047       671.28      -118.13            0            0            0       193.83      -455.13          200      -14.266       270.52       4.2338      -4.3982      0.10361      -1.7707     -0.38698      -221.42  -4.4648e+06       6228.2   -0.0077728    -0.001739            0            0            0            0            0            0            0            0            0         1000       0.0625       -0.212  
          0            0           -2    -0.016795    0.0051168    0.0066516   -0.0015348     0.073024    0.0020436   -0.0016151    0.0036587     0.024905  -0.00040431   3.8869e-06   -0.0004082      -3.2824     -0.42538            0      -122.56       55.942        -11.2       532.87      -122.56      -14.866       537.27      -118.03            0            0            0       191.32      -545.14          200      -16.944       216.52       3.7281      -3.5149      0.10297      -1.4162     -0.37365      -180.43  -5.3478e+06       7467.7    -0.012276   -0.0017294            0            0            0            0            0            0            0            0            0         1000       0.0625       -0.212  
          0            0         -1.5    -0.016804    0.0057725     0.006618   -0.0008455     0.054788    0.0018301   -0.0016028    0.0034329     0.018686  -0.00030298   3.2777e-06  -0.00030626      -2.9111     -0.37737            0      -122.62       52.591      -6.1697       399.79      -122.62      -10.056       403.09      -117.96            0            0            0       189.15      -614.51          200      -18.958       162.45       3.3386       -2.634      0.10247       -1.062     -0.36328      -139.39  -6.0283e+06       8424.6    -0.022308   -0.0017219            0            0            0            0            0            0            0            0            0         1000       0.0625       -0.212  
          0            0           -1    -0.016811    0.0062413    0.0065943  -0.00035299     0.036534    0.0016754   -0.0015961    0.0032715      0.01246  -0.00020274    1.478e-06  -0.00020422      -2.6935     -0.34922            0      -122.67       50.197      -2.5758        266.6      -122.67      -6.6202        268.8       -117.9            0            0            0       187.49      -664.03          200      -20.368       108.32       3.0564      -1.7626      0.10211      -0.7079     -0.35589      -98.304  -6.5141e+06       9108.7    -0.053475   -0.0017165            0            0            0            0            0            0            0            0            0         1000       0.0625       -0.212  
          0            0         -0.5    -0.016814    0.0065244    0.0065818   -5.742e-05      0.01827    0.0015829   -0.0015918    0.0031747    0.0062311  -0.00010094   1.1912e-06  -0.00010213      -2.5772     -0.33419            0       -122.7       48.773       -0.419       133.32       -122.7      -4.5581       134.42      -117.87            0            0            0       186.46      -693.91          200      -21.207       54.171       2.8876     -0.87749      0.10189     -0.35392     -0.35145      -57.192  -6.8072e+06       9521.8     -0.32889   -0.0017133            0            0            0            0            0            0            0            0            0         1000       0.0625       -0.212  
          0            0            0    -0.016816    0.0066159    0.0065748   4.1112e-05   6.7437e-13    0.0015549   -0.0015875    0.0031424   2.9352e-13   5.1763e-14   1.5024e-16   5.1613e-14      -2.5417      -0.3296            0      -122.71       48.277          0.3   4.9209e-09      -122.71      -3.8706   4.9396e-09      -117.86            0            0            0       186.11      -703.57          200      -21.476   2.5517e-09       2.8366   4.5001e-10      0.10182  -1.5267e-11     -0.34997      -16.065   -6.902e+06       9655.5      0.45941   -0.0017122            0            0            0            0            0            0            0            0            0         1000       0.0625       -0.212  
          0            0          0.5    -0.016814    0.0065244    0.0065818   -5.742e-05     -0.01827    0.0015829   -0.0015918    0.0031747   -0.0062311   0.00010094  -1.1912e-06   0.00010213      -2.5772     -0.33419            0       -122.7       48.773       -0.419      -133.32       -122.7      -4.5581      -134.42      -117.87            0            0            0       186.46      -693.91          200      -21.207      -54.171       2.8876      0.87749      0.10189      0.35392     -0.35145      -57.192  -6.8072e+06       9521.8     -0.32889   -0.0017133            0            0            0            0            0            0            0            0            0         1000       0.0625       -0.212  
          0            0            1    -0.016811    0.0062413    0.0065943  -0.00035299    -0.036534    0.0016754   -0.0015961    0.0032715     -0.01246   0.00020274   -1.478e-06   0.00020422      -2.6935     -0.34922            0      -122.67       50.197      -2.5758       -266.6      -122.67      -6.6202       -268.8       -117.9            0            0            0       187.49      -664.03          200      -20.368      -108.32       3.0564       1.7626      0.10211       0.7079     -0.35589      -98.304  -6.5141e+06       9108.7    -0.053475   -0.0017165            0            0            0            0            0            0            0            0            0         1000       0.0625       -0.212  
          0            0          1.5    -0.016804    0.0057725     0.006618   -0.0008455    -0.054788    0.0018301   -0.0016028    0.0034329    -0.018686   0.00030298  -3.2777e-06   0.00030626      -2.9111     -0.37737            0      -122.62       52.591      -6.1697      -399.79      -122.62      -10.056      -403.09      -117.96            0            0            0       189.15      -614.51          200      -18.958      -162.45       3.3386        2.634      0.10247        1.062     -0.36328      -139.39  -6.0283e+06       8424.6    -0.022308   -0.0017219            0            0            0            0            0            0            0            0            0         1000       0.0625       -0.212  
          0            0            2    -0.016795    0.0051168    0.0066516   -0.0015348    -0.073024    0.0020436   -0.0016151    0.0036587    -0.024905   0.00040431  -3.8869e-06    0.0004082      -3.2824     -0.42538            0      -122.56       55.942        -11.2      -532.87      -122.56      -14.866      -537.27      -118.03            0            0            0       191.32      -545.14          200      -16.944      -216.52       3.7281       3.5149      0.10297       1.4162     -0.37365      -180.43  -5.3478e+06       7467.7    -0.012276   -0.0017294            0            0            0            0            0            0            0            0            0         1000       0.0625       -0.212  
          0            0          2.5    -0.016784    0.0042675    0.0066882   -0.0024207    -0.091239    0.0023208   -0.0016282     0.003949    -0.031118   0.00050591  -4.1025e-06   0.00051001      -3.9329     -0.50952            0      -122.47       60.199      -17.664      -665.78      -122.47      -21.047      -671.28      -118.13            0            0            0       193.83      -455.13          200      -14.266      -270.52       4.2338       4.3982      0.10361       1.7707     -0.38698      -221.42  -4.4648e+06       6228.2   -0.0077728    -0.001739            0            0            0            0            0            0            0            0            0         1000       0.0625       -0.212  
          0            0            3     -0.01677    0.0032238    0.0067267   -0.0035029     -0.10943    0.0026624   -0.0016411    0.0043036     -0.03732   0.00060733  -4.3395e-06   0.00061167      -5.2019     -0.67363            0      -122.37       65.349      -25.561      -798.49      -122.37      -28.597      -805.08      -118.25            0            0            0        196.4      -344.24          200      -10.882      -324.45        4.857       5.2799       0.1044       2.1254     -0.40329      -262.35   -3.377e+06       4704.9   -0.0053625   -0.0017508            0            0            0            0            0            0            0            0            0         1000       0.0625       -0.212  
          0            0          3.5    -0.016753    0.0019872    0.0067683   -0.0047811     -0.12758    0.0030677   -0.0016546    0.0047224    -0.043511   0.00070835   -4.798e-06   0.00071315      -8.4305      -1.0912            0      -122.25       71.399      -34.888      -930.96      -122.25      -37.515      -938.64      -118.39            0            0            0       198.61      -212.51          200      -6.7646      -378.27       5.5964       6.1581      0.10534       2.4805      -0.4226       -303.2  -2.0848e+06       2900.2   -0.0039211   -0.0017648            0            0            0            0            0            0            0            0            0         1000       0.0625       -0.212  
          0            0            4    -0.016734   0.00056637    0.0068213   -0.0062549     -0.14569    0.0035328   -0.0016725    0.0052053    -0.049689   0.00080825  -6.1539e-06    0.0008144      -29.546       -3.822            0      -122.11       78.405      -45.643      -1063.1      -122.11      -47.797      -1071.9      -118.55            0            0            0       199.89      -60.672          200      -1.9385      -431.98       6.4448       7.0266      0.10642       2.8359      -0.4449      -343.96   -5.952e+05       826.58   -0.0029903   -0.0017808            0            0            0            0            0            0            0            0            0         1000       0.0625       -0.212  
          0            0          4.5    -0.016712   -0.0010398     0.006884   -0.0079238     -0.16376     0.004058   -0.0016941    0.0057521    -0.055852   0.00090842  -6.9868e-06   0.00091541       16.072       2.0777            0      -121.95       86.349      -57.821        -1195      -121.95      -59.442      -1204.9      -118.73            0            0            0       199.61       111.61          200       3.5604      -485.56       7.4029       7.8975      0.10764       3.1918     -0.47022      -384.62   1.0949e+06      -1517.6   -0.0023544    -0.001799            0            0            0            0            0            0            0            0            0         1000       0.0625       -0.212  
          0            0            5    -0.016688    -0.002831    0.0069565   -0.0097874     -0.18178    0.0046433   -0.0017194    0.0063627    -0.061998    0.0010079  -8.2772e-06    0.0010161       5.8948      0.76151            0      -121.77       95.225       -71.42      -1326.5      -121.77      -72.444      -1337.4      -118.93            0            0            0       197.18       304.52          200        9.628      -538.99       8.4707        8.762      0.10902       3.5482     -0.49857      -425.16   2.9873e+06      -4131.6   -0.0019006   -0.0018193            0            0            0            0            0            0            0            0            0         1000       0.0625       -0.212  
          0            0          5.5    -0.016661   -0.0048071     0.007038    -0.011845     -0.19975    0.0052896   -0.0017473    0.0070369    -0.068125    0.0011076  -8.9305e-06    0.0011166        3.466      0.44739            0      -121.58       105.02      -86.435      -1457.6      -121.58        -86.8      -1469.6      -119.15            0            0            0       192.16       518.33          200       16.094      -592.25       9.6497       9.6293      0.11054       3.9051     -0.52997      -465.58   5.0848e+06      -7015.6   -0.0015654   -0.0018417            0            0            0            0            0            0            0            0            0         1000       0.0625       -0.212  
          0            0            6    -0.016632   -0.0069685    0.0071276    -0.014096     -0.21765    0.0059965   -0.0017779    0.0077744    -0.074231    0.0012064  -1.0206e-05    0.0012166       2.3867      0.30781            0      -121.37       115.73      -102.86      -1588.2      -121.37      -102.51      -1601.3       -119.4            0            0            0       184.46       753.37          200       22.733      -645.34       10.939       10.488      0.11221       4.2626     -0.56443      -505.85   7.3906e+06       -10170   -0.0013108   -0.0018662            0            0            0            0            0            0            0            0            0         1000       0.0625       -0.212  
          0            0          6.5      -0.0166   -0.0093088    0.0072312     -0.01654     -0.23549    0.0067616   -0.0018136    0.0085751    -0.080315    0.0013049  -1.1422e-05    0.0013164       1.7833      0.22976            0      -121.13       127.38      -120.69      -1718.4      -121.13      -119.56      -1732.6      -119.67            0            0            0       174.44       1009.3          200       29.282      -698.23       12.335       11.345      0.11402       4.6207     -0.60199      -545.98    9.901e+06       -13586   -0.0011129   -0.0018928            0            0            0            0            0            0            0            0            0         1000       0.0625       -0.212  
          0            0            7    -0.016566    -0.011834    0.0073424    -0.019176     -0.25325    0.0075879   -0.0018509    0.0094388    -0.086374    0.0014037  -1.1925e-05    0.0014157       1.3999      0.18018            0      -120.88       139.91      -139.93        -1848      -120.88      -137.95      -1863.3      -119.95            0            0            0       162.74         1287          200       35.539       -750.9       13.842       12.204      0.11599       4.9796     -0.64266      -585.94   1.2625e+07       -17270  -0.00095592   -0.0019215            0            0            0            0            0            0            0            0            0         1000       0.0625       -0.212  
          0            0          7.5    -0.016529    -0.014549    0.0074542    -0.022003     -0.27094    0.0084765   -0.0018886     0.010365    -0.092407    0.0015026  -1.1916e-05    0.0015145       1.1361      0.14607            0      -120.62       153.27      -160.56      -1977.1      -120.62      -157.67      -1993.4      -120.26            0            0            0       150.13       1587.6          200       41.354      -803.35       15.464       13.063      0.11811       5.3393     -0.68646      -625.72   1.5574e+07       -21233  -0.00082941   -0.0019523            0            0            0            0            0            0            0            0            0         1000       0.0625       -0.212  
          0            0            8     -0.01649    -0.017455    0.0075651     -0.02502     -0.28855     0.009428   -0.0019257     0.011354    -0.098412    0.0016009  -1.2073e-05     0.001613       0.9447      0.12131            0      -120.33       167.44      -182.58      -2105.6      -120.33      -178.72        -2123      -120.59            0            0            0       137.34       1911.5          200       46.629      -855.55       17.199       13.917      0.12039       5.6997     -0.73343      -665.32   1.8752e+07       -25475  -0.00072593   -0.0019852            0            0            0            0            0            0            0            0            0         1000       0.0625       -0.212  
          0            0          8.5    -0.016448    -0.020542    0.0076852    -0.028227     -0.30607      0.01044   -0.0019647     0.012404     -0.10439    0.0016972  -1.3657e-05    0.0017109      0.80071      0.10269            0      -120.03       182.48      -205.98      -2233.4      -120.03       -201.1      -2251.9      -120.94            0            0            0       125.01       2258.1          200       51.315       -907.5       19.045       14.755      0.12282       6.0611     -0.78359      -704.71   2.2152e+07       -29980  -0.00064021   -0.0020201            0            0            0            0            0            0            0            0            0         1000       0.0625       -0.212  
          0            0            9    -0.016404    -0.023804    0.0078185    -0.031623     -0.32349     0.011508   -0.0020089     0.013517     -0.11033    0.0017936  -1.4726e-05    0.0018083      0.68914     0.088264            0       -119.7       198.41      -230.75      -2360.6       -119.7      -224.79      -2380.1      -121.31            0            0            0       113.49       2627.3          200       55.428      -959.16       20.994       15.592       0.1254       6.4234     -0.83698       -743.9   2.5774e+07       -34740  -0.00056841   -0.0020571            0            0            0            0            0            0            0            0            0         1000       0.0625       -0.212  
          0            0          9.5    -0.016358    -0.027248    0.0079569    -0.035205     -0.34082     0.012635   -0.0020556     0.014691     -0.11624    0.0018903  -1.4786e-05    0.0019051      0.60032     0.076779            0      -119.36       215.16       -256.9        -2487      -119.36      -249.78      -2507.5       -121.7            0            0            0       102.94       3020.3          200       59.023      -1010.5        23.05       16.434      0.12814       6.7867     -0.89363      -782.86   2.9629e+07       -39767  -0.00050767   -0.0020961            0            0            0            0            0            0            0            0            0         1000       0.0625       -0.212  
          0            0           10    -0.016309    -0.030882    0.0080926    -0.038974     -0.35804     0.013825   -0.0021006     0.015926     -0.12211    0.0019867  -1.4693e-05    0.0020014       0.5281     0.067441            0      -119.01       232.66       -284.4      -2612.7      -119.01      -276.08      -2634.3      -122.11            0            0            0       93.396       3438.4          200       62.161      -1061.6       25.221       17.272      0.13105       7.1511     -0.95357      -821.58   3.3731e+07       -45070  -0.00045583   -0.0021372            0            0            0            0            0            0            0            0            0         1000       0.0625       -0.212  
          0            0         10.5    -0.016257    -0.034703    0.0082253    -0.042929     -0.37516     0.015078   -0.0021429     0.017221     -0.12795    0.0020825  -1.4602e-05    0.0020971      0.46847     0.059731            0      -118.63       250.89      -313.26      -2737.6      -118.63      -303.67      -2760.2      -122.54            0            0            0       84.844       3882.3          200       64.899      -1112.3       27.507       18.104      0.13411       7.5165      -1.0168      -860.06   3.8085e+07       -50647  -0.00041124   -0.0021803            0            0            0            0            0            0            0            0            0         1000       0.0625       -0.212  
          0            0           11    -0.016204    -0.038708    0.0083592    -0.047067     -0.39215     0.016392   -0.0021852     0.018577     -0.13375    0.0021772  -1.4931e-05    0.0021921      0.41861     0.053287            0      -118.24       269.88      -343.45      -2861.6      -118.24      -332.54      -2885.2      -122.99            0            0            0       77.229       4351.8          200       67.285      -1162.7       29.904       18.927      0.13734       7.8832      -1.0835      -898.27   4.2691e+07       -56491   -0.0003726   -0.0022254            0            0            0            0            0            0            0            0            0         1000       0.0625       -0.212  
          0            0         11.5    -0.016147    -0.042893    0.0084944    -0.051388     -0.40903     0.017766   -0.0022272     0.019993      -0.1395    0.0022715  -1.4952e-05    0.0022864      0.37645     0.047837            0      -117.83        289.6      -374.98      -2984.8      -117.83      -362.69      -3009.4      -123.46            0            0            0       70.463       4847.6          200       69.371      -1212.8        32.41       19.748      0.14073       8.2511      -1.1536      -936.22   4.7555e+07       -62600  -0.00033891   -0.0022724            0            0            0            0            0            0            0            0            0         1000       0.0625       -0.212  
          0            0           12    -0.016089    -0.047258    0.0086319     -0.05589     -0.42579     0.019199    -0.002269     0.021468     -0.14522    0.0023652  -1.4918e-05    0.0023801      0.34045     0.043183            0       -117.4       310.05      -407.84      -3107.1       -117.4       -394.1      -3132.7      -123.96            0            0            0       64.456         5370          200       71.199      -1262.5       35.025       20.562      0.14429       8.6204      -1.2271      -973.88    5.268e+07       -68970  -0.00030936   -0.0023215            0            0            0            0            0            0            0            0            0         1000       0.0625       -0.212  
          0            0         12.5    -0.016028    -0.051805    0.0087674    -0.060572     -0.44242     0.020693   -0.0023089     0.023002     -0.15089    0.0024582   -1.485e-05     0.002473      0.30939     0.039169            0      -116.96        331.2      -442.01      -3228.4      -116.96      -426.77        -3255      -124.47            0            0            0       59.113       5920.3          200       72.808      -1311.8       37.751       21.371      0.14802        8.991      -1.3041      -1011.2   5.8078e+07       -75606  -0.00028329   -0.0023725            0            0            0            0            0            0            0            0            0         1000       0.0625       -0.212  
          0            0           13    -0.015965    -0.056531    0.0089021    -0.065433     -0.45891     0.022246   -0.0023492     0.024595     -0.15651    0.0025501  -1.5078e-05    0.0025652      0.28241     0.035683            0       -116.5       353.02      -477.48      -3348.7       -116.5      -460.68      -3376.4         -125            0            0            0       54.355       6498.8          200        74.23      -1360.7       40.583        22.17      0.15192        9.363      -1.3847      -1048.3   6.3753e+07       -82503  -0.00026018   -0.0024254            0            0            0            0            0            0            0            0            0         1000       0.0625       -0.212  
          0            0         13.5    -0.015899    -0.061435     0.009037    -0.070472     -0.47526     0.023856   -0.0023895     0.026246     -0.16209    0.0026412  -1.5467e-05    0.0026566       0.2588     0.032633            0      -116.02       375.51      -514.24        -3468      -116.02      -495.83      -3496.7      -125.54            0            0            0       50.109       7106.1          200        75.49      -1409.1       43.521       22.961        0.156       9.7366      -1.4689      -1085.1   6.9711e+07       -89659   -0.0002396   -0.0024803            0            0            0            0            0            0            0            0            0         1000       0.0625       -0.212  
          0            0           14    -0.015832    -0.066512    0.0091731    -0.075685     -0.49146     0.025524   -0.0024299     0.027954     -0.16762    0.0027316  -1.5634e-05    0.0027472      0.23803     0.029949            0      -115.53       398.66      -552.29      -3586.3      -115.53      -532.21      -3615.9      -126.11            0            0            0       46.311       7742.9          200       76.611      -1457.2       46.563       23.747      0.16025       10.112      -1.5568      -1121.5   7.5958e+07       -97070   -0.0002212   -0.0025371            0            0            0            0            0            0            0            0            0         1000       0.0625       -0.212  
          0            0         14.5    -0.015762    -0.071763    0.0093102    -0.081073     -0.50752      0.02725   -0.0024692     0.029719     -0.17309    0.0028214  -1.5603e-05     0.002837      0.21963     0.027574            0      -115.01       422.45       -591.6      -3703.5      -115.01       -569.8        -3734       -126.7            0            0            0       42.904       8409.8          200       77.613      -1504.8       49.712       24.528      0.16469       10.488      -1.6484      -1157.6     8.25e+07  -1.0473e+05  -0.00020468   -0.0025958            0            0            0            0            0            0            0            0            0         1000       0.0625       -0.212  
          0            0           15    -0.015689    -0.077186    0.0094468    -0.086633     -0.52342     0.029033    -0.002508     0.031541     -0.17852    0.0029102  -1.5635e-05    0.0029259      0.20327      0.02546            0      -114.49       446.86      -632.17      -3819.5      -114.49      -608.59        -3851      -127.31            0            0            0       39.839         9108          200        78.51        -1552       52.964         25.3      0.16931       10.867      -1.7438      -1193.3   8.9349e+07  -1.1265e+05  -0.00018979   -0.0026563            0            0            0            0            0            0            0            0            0         1000       0.0625       -0.212  
