Cirio - HTP&VTP
T5-a0.0°-24.0m/s-TriUniform-ThinSurf-x0.0m


 Ctrl        Alpha        Beta         CL           CD           CD_viscous   CD_induced   CY           Cm           Cm_viscous   Cm_pressure  Cl           Cn           Cn_viscous   Cn_pressure  CL/CD        CL^(3/2)/CD  1/sqrt(CL)   Lift_(N)     Drag_(N)     Fx_FF_(N)    Fy_FF_(N)    Fz_FF_(N)    Fx_sum_(N)   Fy_sum_(N)   Fz_sum_(N)   Extra_drag_(N)  Fuse_drag_(N)  Cf_Fuse      Vx_(m/s)     Vz_(m/s)     V_(m/s)      Gamma        L_(N.m)      M_(N.m)      N_(N.m)      CPx_(m)      CPy_(m)      CPz_(m)      BM_(N.m)     m.g.Vz_(W)   Drag_x_V_(W)  Efficiency   XCp.Cl       XNP_(m)      Phugoid_Freq._(Hz)  Phugoid_Damping  Short_Period_Freq._(Hz)  Short_Period_Damping_Ratio  Dutch_Roll_Freq._(Hz)  Dutch_Roll_Damping  Roll_Damping  Spiral_Damping  Mass_(kg)    CoG_x_(m)    CoG_z_(m)    
          0            0        -13.5   -0.0015076    -0.076556     0.024426     -0.10098      0.59525     0.059409     0.050585    0.0088232     -0.15926      0.01998    0.0004072     0.019573     0.019693   0.00076462            0    -0.031913         1.38      -2.1376         12.6    -0.031913   2.7813e-05       9.3519     -0.23342            0            0            0      0.47253        35755           24       88.872      -2.0227      0.13624      0.25376      0.63388       14.064       2.1943     -0.23314   9.8213e+05      -38.893   -1.194e-06  -0.00095562            0            0            0            0            0            0            0            0            0          2.8            0            0  
          0            0          -13   -0.0013995    -0.070255     0.023512    -0.093767      0.57478     0.057079     0.048887    0.0081926     -0.15378     0.019283   0.00038312       0.0189      0.01992   0.00074519            0    -0.029624       1.3007      -1.9849       12.167    -0.029624   2.6823e-05       9.0302     -0.21673            0            0            0      0.47798        36688           24       88.859      -1.9531      0.13089       0.2449      0.63404        14.63       2.1948     -0.22507   1.0077e+06      -35.692  -1.1081e-06  -0.00088732            0            0            0            0            0            0            0            0            0          2.8            0            0  
          0            0        -12.5   -0.0012951    -0.063958     0.022848    -0.086805      0.55412     0.055326     0.047742    0.0075842     -0.14826     0.018583   0.00036259      0.01822      0.02025   0.00072876            0    -0.027416       1.2285      -1.8375        11.73    -0.027416   2.5828e-05       8.7057     -0.20063            0            0            0       0.4859        37514           24        88.84       -1.883      0.12687      0.23602      0.63423        15.24       2.1954     -0.21694   1.0304e+06      -32.493  -1.0252e-06  -0.00082142            0            0            0            0            0            0            0            0            0          2.8            0            0  
          0            0          -12   -0.0011947    -0.058055     0.022045      -0.0801       0.5333     0.053205     0.046207    0.0069982     -0.14268     0.017876   0.00034071     0.017536     0.020578   0.00071127            0    -0.025289       1.1552      -1.6956       11.289    -0.025289   2.4827e-05       8.3785     -0.18512            0            0            0      0.49377        38437           24       88.821      -1.8122      0.12201      0.22704      0.63444       15.901       2.1961     -0.20874   1.0558e+06      -29.494  -9.4528e-07  -0.00075795            0            0            0            0            0            0            0            0            0          2.8            0            0  
          0            0        -11.5   -0.0010981    -0.052046     0.021606    -0.073652      0.51231     0.051949     0.045514    0.0064347     -0.13707     0.017169   0.00032331     0.016846     0.021098   0.00069911            0    -0.023244       1.0917      -1.5591       10.845    -0.023244   2.3821e-05       8.0488     -0.17021            0            0            0      0.50623        39106           24       88.791      -1.7409      0.11913      0.21806      0.63468       16.619       2.1969     -0.20048   1.0742e+06      -26.441  -8.6848e-07  -0.00069691            0            0            0            0            0            0            0            0            0          2.8            0            0  
          0            0          -11   -0.0010053    -0.046264       0.0212    -0.067464      0.49117     0.050803     0.044909    0.0058939     -0.13141     0.016457   0.00030665      0.01615      0.02173     0.000689            0    -0.021281       1.0308      -1.4281       10.397    -0.021281    2.281e-05       7.7167      -0.1559            0            0            0      0.52141        39679           24       88.755       -1.669       0.1165      0.20902      0.63494       17.403       2.1978     -0.19217   1.0899e+06      -23.504  -7.9478e-07  -0.00063833            0            0            0            0            0            0            0            0            0          2.8            0            0  
          0            0        -10.5  -0.00091653    -0.040806     0.020731    -0.061537      0.46988     0.049496      0.04412     0.005376     -0.12572      0.01574   0.00028941      0.01545     0.022461   0.00067998            0    -0.019401      0.97061      -1.3026       9.9464    -0.019401   2.1795e-05       7.3822      -0.1422            0            0            0      0.53892        40206           24       88.713      -1.5967       0.1135      0.19991      0.63525       18.261       2.1988      -0.1838   1.1044e+06      -20.731   -7.242e-07  -0.00058223            0            0            0            0            0            0            0            0            0          2.8            0            0  
          0            0          -10  -0.00083169    -0.035512     0.020363    -0.055875      0.44844     0.048416     0.043535    0.0048811     -0.11998     0.015019   0.00027333     0.014746      0.02342   0.00067541            0    -0.017605      0.91465      -1.1828       9.4927    -0.017605   2.0776e-05       7.0454      -0.1291            0            0            0      0.56193        40478           24       88.658      -1.5239      0.11103      0.19075       0.6356       19.206       2.1999     -0.17538   1.1118e+06      -18.041  -6.5676e-07  -0.00052862            0            0            0            0            0            0            0            0            0          2.8            0            0  
          0            0         -9.5  -0.00075082    -0.030455     0.020022    -0.050477      0.42687     0.047393     0.042984    0.0044093     -0.11421     0.014294   0.00025755     0.014036     0.024653   0.00067552            0    -0.015893      0.86136      -1.0685       9.0361    -0.015893   1.9753e-05       6.7065     -0.11662            0            0            0       0.5915        40471           24       88.588      -1.4506      0.10868      0.18154      0.63601       20.252       2.2012     -0.16691   1.1117e+06      -15.472  -5.9248e-07  -0.00047752            0            0            0            0            0            0            0            0            0          2.8            0            0  
          0            0           -9  -0.00067395    -0.025647     0.019699    -0.045346      0.40517      0.04643     0.042469    0.0039609      -0.1084     0.013565   0.00024219     0.013323     0.026278   0.00068218            0    -0.014266      0.81061     -0.95988       8.5767    -0.014266   1.8726e-05       6.3656     -0.10475            0            0            0      0.63045        40076           24       88.495      -1.3768      0.10647      0.17229      0.63648       21.415       2.2028     -0.15839   1.1008e+06       -13.03  -5.3139e-07  -0.00042895            0            0            0            0            0            0            0            0            0          2.8            0            0  
          0            0         -8.5   -0.0006011     -0.02106     0.019424    -0.040484      0.38335     0.045568     0.042032     0.003536     -0.10257     0.012832   0.00022728     0.012605     0.028543    0.0006998            0    -0.012724      0.76305     -0.85696       8.1147    -0.012724   1.7696e-05       6.0227    -0.093507            0            0            0      0.68475        39067           24       88.365      -1.3027       0.1045      0.16298      0.63704       22.716       2.2046     -0.14983   1.0731e+06      -10.699   -4.735e-07  -0.00038293            0            0            0            0            0            0            0            0            0          2.8            0            0  
          0            0           -8   -0.0005323    -0.016707     0.019183    -0.035891      0.36141     0.044792     0.041657    0.0031346    -0.096695     0.012096   0.00021272     0.011884      0.03186   0.00073507            0    -0.011268      0.71844     -0.75974       7.6503    -0.011268   1.6663e-05        5.678    -0.082886            0            0            0      0.76426        37192           24       88.175      -1.2281      0.10272      0.15363       0.6377       24.184       2.2068     -0.14122   1.0216e+06      -8.4879  -4.1883e-07  -0.00033945            0            0            0            0            0            0            0            0            0          2.8            0            0  
          0            0         -7.5  -0.00046757    -0.012595     0.018975     -0.03157      0.33936     0.044085     0.041328    0.0027569    -0.090795     0.011357   0.00019842     0.011159     0.037123   0.00080274            0   -0.0098976      0.67674     -0.66827       7.1835   -0.0098976   1.5628e-05       5.3316    -0.072892            0            0            0      0.89035        34057           24       87.874      -1.1532       0.1011      0.14424       0.6385       25.852       2.2094     -0.13258   9.3549e+05      -6.3987  -3.6739e-07  -0.00029855            0            0            0            0            0            0            0            0            0          2.8            0            0  
          0            0           -7  -0.00040693   -0.0087145     0.018806    -0.027521       0.3172     0.043486     0.041083    0.0024031    -0.084867     0.010615   0.00018456      0.01043     0.046696   0.00094197            0   -0.0086139      0.63817     -0.58256       6.7145   -0.0086139    1.459e-05       4.9835    -0.063529            0            0            0       1.1195        29023           24       87.326      -1.0779     0.099722      0.13482      0.63947       27.766       2.2125      -0.1239   7.9721e+05      -4.4272  -3.1921e-07  -0.00026022            0            0            0            0            0            0            0            0            0          2.8            0            0  
          0            0         -6.5  -0.00035039    -0.005071     0.018675    -0.023746      0.29495     0.042984     0.040911    0.0020732    -0.078914    0.0098694   0.00017094    0.0096985     0.069097    0.0012934            0   -0.0074171      0.60267     -0.50266       6.2435   -0.0074171    1.355e-05       4.6339      -0.0548            0            0            0       1.6544        21137           24       86.047      -1.0023     0.098571      0.12535      0.64068       29.984       2.2165     -0.11518    5.806e+05      -2.5762  -2.7429e-07  -0.00022449            0            0            0            0            0            0            0            0            0          2.8            0            0  
          0            0           -6  -0.00029798   -0.0016847     0.018562    -0.020246      0.27261     0.042539     0.040772    0.0017673    -0.072937    0.0091214   0.00015747    0.0089639      0.17687    0.0030531            0   -0.0063076      0.56987     -0.42857       5.7706   -0.0063076   1.2509e-05       4.2829    -0.046706            0            0            0         4.18       8954.4           24        79.97     -0.92635     0.097551      0.11585      0.64219       32.588       2.2214     -0.10643   2.4596e+05     -0.85589  -2.3266e-07  -0.00019136            0            0            0            0            0            0            0            0            0          2.8            0            0  
          0            0         -5.5   -0.0002497     0.001451     0.018473    -0.017022      0.25018     0.042175      0.04069    0.0014855    -0.066937    0.0083707   0.00014419    0.0082265     -0.17209   -0.0027193            0   -0.0052857      0.53996     -0.36033       5.2959   -0.0052857   1.1466e-05       3.9306    -0.039251            0            0            0       4.0703       -10054           24      -80.236     -0.85016     0.096716      0.10631      0.64414       35.689       2.2277    -0.097658  -2.7616e+05      0.73716  -1.9432e-07  -0.00016084            0            0            0            0            0            0            0            0            0          2.8            0            0  
          0            0           -5  -0.00020558    0.0043282     0.018404    -0.014076      0.22768     0.041869     0.040641     0.001228    -0.060917    0.0076177   0.00013099    0.0074867    -0.047497  -0.00068101            0   -0.0043517      0.51281     -0.29795       4.8196   -0.0043517   1.0422e-05       3.5771    -0.032436            0            0            0       1.1386       -40145           24      -87.281      -0.7737     0.096013     0.096751      0.64671        39.45       2.2361    -0.088856  -1.1027e+06       2.1989  -1.5929e-07  -0.00013295            0            0            0            0            0            0            0            0            0          2.8            0            0  
          0            0         -4.5  -0.00016562    0.0069349     0.018342    -0.011407      0.20511     0.041602     0.040607    0.0009947    -0.054879    0.0068624   0.00011784    0.0067446    -0.023882  -0.00030735            0   -0.0035059       0.4882     -0.24146       4.3419   -0.0035059   9.3775e-06       3.2225    -0.026265            0            0            0      0.57301       -88951           24      -88.632       -0.697     0.095402     0.087158      0.65019       44.114       2.2474    -0.080031  -2.4433e+06       3.5232  -1.2758e-07  -0.00010769            0            0            0            0            0            0            0            0            0          2.8            0            0  
          0            0           -4  -0.00012985    0.0092642     0.018281   -0.0090167      0.18248     0.041351     0.040566   0.00078579    -0.048823    0.0061051   0.00010467    0.0060004    -0.014016  -0.00015971            0   -0.0027486      0.46602     -0.19086       3.8628   -0.0027486   8.3325e-06        2.867    -0.020738            0            0            0      0.33635  -1.7118e+05           24      -89.197      -0.6201     0.094827     0.077539      0.65511        50.06       2.2634    -0.071185   -4.702e+06       4.7065  -9.9198e-08  -8.5063e-05            0            0            0            0            0            0            0            0            0          2.8            0            0  
          0            0         -3.5  -9.8259e-05     0.011308     0.018214    -0.006906      0.15979     0.041105     0.040504    0.0006013    -0.042753    0.0053459   9.1483e-05    0.0052544   -0.0086894  -8.6135e-05            0   -0.0020799      0.44613     -0.14619       3.3825   -0.0020799   7.2875e-06       2.5105    -0.015857            0            0            0      0.20854   -3.174e+05           24      -89.502       -0.543     0.094262     0.067897      0.66239       57.927       2.2871    -0.062321  -8.7184e+06       5.7447  -7.4167e-08  -6.5085e-05            0            0            0            0            0            0            0            0            0          2.8            0            0  
          0            0           -3  -7.0872e-05     0.013083     0.018159   -0.0050755      0.13706       0.0409     0.040459    0.0004413     -0.03667    0.0045851   7.8353e-05    0.0045068   -0.0054169  -4.5603e-05            0   -0.0015002      0.42893     -0.10744       2.9012   -0.0015002   6.2428e-06       2.1533    -0.011624            0            0            0         0.13  -5.9951e+05           24       -89.69     -0.46574     0.093793     0.058235      0.67388       68.884       2.3244    -0.053442  -1.6467e+07       6.6468  -5.2501e-08  -4.7759e-05            0            0            0            0            0            0            0            0            0          2.8            0            0  
          0            0         -2.5  -4.7693e-05     0.014581     0.018107   -0.0035257      0.11428     0.040725      0.04042   0.00030582    -0.030576    0.0038231   6.5248e-05    0.0037578   -0.0032709  -2.2589e-05            0   -0.0010096      0.41424    -0.074631       2.4191   -0.0010096   5.1986e-06       1.7955   -0.0080405            0            0            0     0.078501  -1.2103e+06           24      -89.813     -0.38834     0.093392     0.048556      0.69382        85.35       2.3892     -0.04455  -3.3244e+07       7.4076  -3.4227e-08   -3.309e-05            0            0            0            0            0            0            0            0            0          2.8            0            0  
          0            0           -2  -2.8729e-05       0.0158     0.018057   -0.0022569     0.091466     0.040573     0.040378   0.00019491    -0.024472    0.0030598   5.2158e-05    0.0030077   -0.0018183  -9.7458e-06            0  -0.00060814      0.40206    -0.047775       1.9362  -0.00060814   4.1553e-06       1.4371   -0.0051071            0            0            0     0.043638  -2.8052e+06           24      -89.896     -0.31082     0.093042     0.038862      0.73385        113.4       2.5193    -0.035648  -7.7054e+07       8.0271  -1.9401e-08  -2.1083e-05            0            0            0            0            0            0            0            0            0          2.8            0            0  
          0            0         -1.5  -1.3986e-05     0.016746     0.018015   -0.0012698     0.068625     0.040446     0.040338    0.0001086    -0.018361    0.0022957   3.9088e-05    0.0022566  -0.00083523  -3.1236e-06            0  -0.00029606      0.39251    -0.026879       1.4527  -0.00029606   3.1132e-06       1.0782   -0.0028247            0            0            0     0.020045  -8.7524e+06           24      -89.952      -0.2332     0.092751     0.029158      0.83944       174.77       2.8621    -0.026739  -2.4041e+08       8.5073   -8.173e-09  -1.1741e-05            0            0            0            0            0            0            0            0            0          2.8            0            0  
          0            0           -1  -3.4688e-06     0.017423     0.017988  -0.00056443     0.045763     0.040361     0.040314   4.6916e-05    -0.012244     0.001531    2.604e-05    0.0015049  -0.00019909  -3.7081e-07            0  -7.3428e-05      0.38572    -0.011948      0.96872  -7.3428e-05   2.0726e-06      0.71903   -0.0011942            0            0            0    0.0047782  -7.3729e+07           24      -89.989     -0.15551     0.092556     0.019444       1.4606       469.91       4.8787    -0.017826  -2.0252e+09       8.8516   -1.131e-09  -5.0666e-06            0            0            0            0            0            0            0            0            0          2.8            0            0  
          0            0         -0.5   2.8201e-06     0.017831     0.017973  -0.00014113     0.022888     0.040317     0.040307   9.8824e-06    -0.006124   0.00076573   1.3004e-05   0.00075273   0.00015815   2.6559e-07       595.48   5.9695e-05      0.38168   -0.0029873      0.48448   5.9695e-05   1.0338e-06      0.35964  -0.00021601            0            0            0    0.0037957   1.0294e+08           24       89.991     -0.07778     0.092454    0.0097254     -0.37681      -289.07      -1.0853    0.0089177   2.8275e+09       9.0589  -2.9896e-09  -1.0626e-06            0            0            0            0            0            0            0            0            0          2.8            0            0  
          0            0            0   4.8785e-06     0.017966     0.017966    4.419e-12   4.8771e-06     0.040302     0.040304  -2.4925e-06  -1.7776e-06   3.1542e-07   3.4795e-10   3.1507e-07   0.00027155   5.9977e-07       452.75   0.00010327       0.3803   9.3542e-11   0.00010324   0.00010327  -2.8006e-09   0.00013578   0.00010959            0            0            0    0.0065171   4.5582e+07           24       89.984  -2.2577e-05     0.092419   4.0061e-06     0.055348    -0.024348      0.31836   6.8449e-06   1.2521e+09       9.1271      0.28572   2.7002e-07            0            0            0            0            0            0            0            0            0          2.8            0            0  
          0            0          0.5   2.7058e-06     0.017831     0.017973  -0.00014109    -0.022878     0.040317     0.040307   9.7949e-06    0.0061205   -0.0007651  -1.3004e-05   -0.0007521   0.00015174   2.4961e-07       607.92   5.7277e-05      0.38168   -0.0029867     -0.48428   5.7277e-05  -1.0369e-06     -0.35937  -0.00021752            0            0            0    0.0036419   1.0953e+08           24       89.991     0.077735     0.092454   -0.0097174     -0.39509       301.19      -1.1396    0.0089151   3.0085e+09        9.059  -2.7529e-09  -1.0691e-06            0            0            0            0            0            0            0            0            0          2.8            0            0  
          0            0            1  -3.6973e-06     0.017423     0.017988  -0.00056436    -0.045754     0.040361     0.040314   4.6741e-05     0.012241   -0.0015303   -2.604e-05   -0.0015043   -0.0002122  -4.0803e-07            0  -7.8264e-05      0.38572    -0.011946     -0.96851  -7.8264e-05  -2.0683e-06     -0.71876   -0.0011972            0            0            0    0.0050929  -6.7003e+07           24      -89.988      0.15547     0.092556    -0.019436       1.3738      -440.81       4.5896    -0.017823  -1.8404e+09       8.8517   -1.285e-09  -5.0794e-06            0            0            0            0            0            0            0            0            0          2.8            0            0  
          0            0          1.5  -1.4329e-05     0.016746     0.018015   -0.0012697    -0.068615     0.040446     0.040338   0.00010833     0.018358   -0.0022951  -3.9088e-05    -0.002256  -0.00085568   -3.239e-06            0  -0.00030331       0.3925    -0.026876      -1.4525  -0.00030331  -3.0966e-06      -1.0779   -0.0028293            0            0            0     0.020536  -8.4405e+06           24      -89.951      0.23316     0.092751     -0.02915      0.82071      -170.57       2.7985    -0.026737  -2.3184e+08       8.5074  -8.5789e-09   -1.176e-05            0            0            0            0            0            0            0            0            0          2.8            0            0  
          0            0            2  -2.9186e-05     0.015801     0.018057   -0.0022568    -0.091456     0.040573     0.040378   0.00019456     0.024469   -0.0030592  -5.2158e-05   -0.0030071   -0.0018471  -9.9789e-06            0   -0.0006178      0.40206    -0.047772      -1.9359   -0.0006178  -4.1215e-06      -1.4368   -0.0051131            0            0            0     0.044331  -2.7397e+06           24      -89.894      0.31077     0.093041    -0.038854      0.72324      -111.62        2.483    -0.035646  -7.5254e+07       8.0272  -2.0024e-08  -2.1108e-05            0            0            0            0            0            0            0            0            0          2.8            0            0  
          0            0          2.5  -4.8263e-05     0.014581     0.018107   -0.0035255     -0.11427     0.040725      0.04042   0.00030538     0.030572   -0.0038224  -6.5248e-05   -0.0037572     -0.00331  -2.2995e-05            0   -0.0010216      0.41424    -0.074628      -2.4189   -0.0010216  -5.1426e-06      -1.7952   -0.0080481            0            0            0     0.079439  -1.1889e+06           24       -89.81      0.38829     0.093391    -0.048548      0.68628      -84.336       2.3634    -0.044548  -3.2657e+07       7.4077  -3.5052e-08  -3.3122e-05            0            0            0            0            0            0            0            0            0          2.8            0            0  
          0            0            3  -7.1556e-05     0.013084     0.018159   -0.0050753     -0.13705       0.0409      0.04046   0.00044077     0.036667   -0.0045845  -7.8354e-05   -0.0045062    -0.005469  -4.6263e-05            0   -0.0015147      0.42893     -0.10743       -2.901   -0.0015147  -6.1597e-06      -2.1531    -0.011633            0            0            0      0.13125  -5.9095e+05           24      -89.687       0.4657     0.093793    -0.058227      0.66797      -68.222       2.3041     -0.05344  -1.6232e+07        6.647  -5.3521e-08  -4.7797e-05            0            0            0            0            0            0            0            0            0          2.8            0            0  
          0            0          3.5  -9.9056e-05     0.011309     0.018214   -0.0069058     -0.15978     0.041105     0.040504   0.00060069      0.04275   -0.0053452  -9.1485e-05   -0.0052538   -0.0087594   -8.718e-05            0   -0.0020968      0.44614     -0.14618      -3.3823   -0.0020968  -7.1725e-06      -2.5103    -0.015868            0            0            0      0.21022   -3.136e+05           24      -89.498      0.54296     0.094262    -0.067889       0.6575      -57.458       2.2703    -0.062319  -8.6138e+06       5.7451  -7.5379e-08   -6.513e-05            0            0            0            0            0            0            0            0            0          2.8            0            0  
          0            0            4  -0.00013076    0.0092651     0.018281   -0.0090164     -0.18247     0.041352     0.040567   0.00078509      0.04882   -0.0061044  -0.00010467   -0.0059998    -0.014113  -0.00016138            0   -0.0027678      0.46603     -0.19086      -3.8626   -0.0027678  -8.1806e-06      -2.8667     -0.02075            0            0            0      0.33867  -1.6941e+05           24      -89.191      0.62005     0.094828    -0.077531      0.65094      -49.709       2.2491    -0.071183  -4.6534e+06       4.7069   -1.006e-07  -8.5114e-05            0            0            0            0            0            0            0            0            0          2.8            0            0  
          0            0          4.5  -0.00016665     0.006936     0.018342    -0.011406      -0.2051     0.041602     0.040608   0.00099391     0.054875   -0.0068618  -0.00011784   -0.0067439    -0.024026  -0.00031016            0   -0.0035276      0.48821     -0.24145      -4.3416   -0.0035276  -9.1838e-06      -3.2223    -0.026278            0            0            0      0.57647       -88145           24      -88.624      0.69696     0.095403     -0.08715      0.64654      -43.841       2.2349    -0.080029  -2.4212e+06       3.5237  -1.2916e-07  -0.00010774            0            0            0            0            0            0            0            0            0          2.8            0            0  
          0            0            5  -0.00020671    0.0043293     0.018405    -0.014075     -0.22767     0.041869     0.040642    0.0012271     0.060914   -0.0076171  -0.00013099   -0.0074861    -0.047747  -0.00068649            0   -0.0043757      0.51282     -0.29795      -4.8194   -0.0043757  -1.0182e-05      -3.5769    -0.032451            0            0            0       1.1446       -39825           24      -87.266      0.77365     0.096014    -0.096743      0.64346      -39.232       2.2249    -0.088854  -1.0939e+06       2.1994  -1.6106e-07  -0.00013301            0            0            0            0            0            0            0            0            0          2.8            0            0  
          0            0          5.5  -0.00025095    0.0014526     0.018475    -0.017022     -0.25017     0.042176     0.040692    0.0014846     0.066934   -0.0083701  -0.00014419   -0.0082259     -0.17276   -0.0027368            0   -0.0053121      0.53998     -0.36032      -5.2957   -0.0053121  -1.1174e-05      -3.9304    -0.039267            0            0            0       4.0858      -9989.4           24      -80.198      0.85011     0.096719     -0.10631      0.64121       -35.51       2.2177    -0.097656  -2.7439e+05      0.73794  -1.9627e-07  -0.00016091            0            0            0            0            0            0            0            0            0          2.8            0            0  
          0            0            6  -0.00029934   -0.0016826     0.018563    -0.020246      -0.2726     0.042542     0.040775    0.0017662     0.072933   -0.0091207  -0.00015748   -0.0089633      0.17791     0.003078            0   -0.0063364       0.5699     -0.42856      -5.7704   -0.0063364  -1.2161e-05      -4.2827    -0.046724            0            0            0       4.2037       8882.1           24       79.912      0.92631     0.097556     -0.11584      0.63953      -32.439       2.2122     -0.10643   2.4397e+05      -0.8548  -2.3479e-07  -0.00019143            0            0            0            0            0            0            0            0            0          2.8            0            0  
          0            0          6.5  -0.00035186   -0.0050683     0.018677    -0.023746     -0.29494     0.042987     0.040915     0.002072     0.078911   -0.0098688  -0.00017095   -0.0096979     0.069424    0.0013023            0   -0.0074483      0.60271     -0.50265      -6.2433   -0.0074483  -1.3141e-05      -4.6337    -0.054819            0            0            0       1.6622        20993           24       86.029       1.0022     0.098578     -0.12534      0.63823      -29.858        2.208     -0.11518   5.7665e+05      -2.5749  -2.7661e-07  -0.00022457            0            0            0            0            0            0            0            0            0          2.8            0            0  
          0            0            7  -0.00040851   -0.0087119     0.018809    -0.027521     -0.31719     0.043488     0.041087    0.0024019     0.084864    -0.010614  -0.00018457     -0.01043     0.046891   0.00094776            0   -0.0086474       0.6382     -0.58255      -6.7143   -0.0086474  -1.4115e-05      -4.9832     -0.06355            0            0            0       1.1242        28846           24       87.315       1.0778     0.099728     -0.13481      0.63721      -27.658       2.2047     -0.12389   7.9235e+05      -4.4259   -3.217e-07  -0.00026031            0            0            0            0            0            0            0            0            0          2.8            0            0  
          0            0          7.5  -0.00046927    -0.012593     0.018976    -0.031569     -0.33935     0.044086      0.04133    0.0027556     0.090791    -0.011356  -0.00019843    -0.011158     0.037264   0.00080723            0   -0.0099335      0.67675     -0.66826      -7.1833   -0.0099335  -1.5082e-05      -5.3313    -0.072915            0            0            0      0.89371        33868           24       87.866       1.1531       0.1011     -0.14424       0.6364      -25.758       2.2021     -0.13257   9.3028e+05      -6.3977  -3.7006e-07  -0.00029864            0            0            0            0            0            0            0            0            0          2.8            0            0  
          0            0            8  -0.00053411    -0.016706     0.019184     -0.03589      -0.3614     0.044791     0.041658    0.0031332     0.096691    -0.012096  -0.00021273    -0.011883     0.031971   0.00073887            0    -0.011306      0.71844     -0.75973      -7.6501    -0.011306  -1.6042e-05      -5.6778     -0.08291            0            0            0      0.76691        37001           24       88.169       1.2281      0.10272     -0.15363      0.63574      -24.102          2.2     -0.14122   1.0164e+06      -8.4873  -4.2168e-07  -0.00033955            0            0            0            0            0            0            0            0            0          2.8            0            0  
          0            0          8.5  -0.00060302    -0.021057     0.019426    -0.040483     -0.38334     0.045569     0.042035    0.0035345      0.10256    -0.012832  -0.00022728    -0.012605     0.028637   0.00070322            0    -0.012765      0.76307     -0.85694      -8.1145    -0.012765  -1.6994e-05      -6.0225    -0.093532            0            0            0        0.687        38877           24        88.36       1.3026       0.1045     -0.16297      0.63519      -22.644       2.1982     -0.14982   1.0679e+06      -10.698  -4.7652e-07  -0.00038303            0            0            0            0            0            0            0            0            0          2.8            0            0  
          0            0            9  -0.00067597    -0.025645       0.0197    -0.045345     -0.40516     0.046431     0.042472    0.0039594       0.1084    -0.013564   -0.0002422    -0.013322     0.026359   0.00068532            0    -0.014309      0.81063     -0.95987      -8.5765    -0.014309   -1.794e-05      -6.3654     -0.10478            0            0            0      0.63239        39893           24        88.49       1.3768      0.10648     -0.17228      0.63474       -21.35       2.1968     -0.15839   1.0958e+06      -13.028  -5.3459e-07  -0.00042907            0            0            0            0            0            0            0            0            0          2.8            0            0  
          0            0          9.5  -0.00075295    -0.030453     0.020023    -0.050476     -0.42686     0.047395     0.042987    0.0044077      0.11421    -0.014293  -0.00025757    -0.014036     0.024725   0.00067845            0    -0.015938      0.86137      -1.0685      -9.0359    -0.015938  -1.8877e-05      -6.7063     -0.11665            0            0            0      0.59321        40297           24       88.584       1.4505      0.10869     -0.18154      0.63437      -20.194       2.1956     -0.16691   1.1069e+06      -15.471  -5.9586e-07  -0.00047764            0            0            0            0            0            0            0            0            0          2.8            0            0  
          0            0           10  -0.00083393    -0.035509     0.020365    -0.055874     -0.44844     0.048417     0.043537    0.0048794      0.11998    -0.015018  -0.00027334    -0.014745     0.023485    0.0006782            0    -0.017653      0.91467      -1.1827      -9.4925    -0.017653  -1.9806e-05      -7.0452     -0.12913            0            0            0      0.56349        40311           24       88.655       1.5238      0.11103     -0.19074      0.63404      -19.154       2.1945     -0.17538   1.1073e+06       -18.04  -6.6031e-07  -0.00052875            0            0            0            0            0            0            0            0            0          2.8            0            0  
          0            0         10.5  -0.00091888    -0.040802     0.020735    -0.061537     -0.46987       0.0495     0.044126    0.0053742      0.12571    -0.015739  -0.00028943     -0.01545      0.02252   0.00068266            0    -0.019451      0.97067      -1.3026      -9.9462    -0.019451  -2.0726e-05      -7.3819     -0.14223            0            0            0      0.54035        40048           24        88.71       1.5967      0.11351      -0.1999      0.63377      -18.214       2.1937      -0.1838      1.1e+06      -20.729  -7.2792e-07  -0.00058236            0            0            0            0            0            0            0            0            0          2.8            0            0  
          0            0           11   -0.0010078    -0.046262     0.021201    -0.067463     -0.49116     0.050802      0.04491     0.005892      0.13141    -0.016457  -0.00030666     -0.01615     0.021784   0.00069156            0    -0.021333       1.0308      -1.4281      -10.397    -0.021333  -2.1638e-05      -7.7164     -0.15593            0            0            0       0.5227        39533           24       88.752        1.669       0.1165     -0.20901      0.63354       -17.36       2.1929     -0.19217   1.0859e+06      -23.503  -7.9867e-07  -0.00063847            0            0            0            0            0            0            0            0            0          2.8            0            0  
          0            0         11.5   -0.0011006    -0.052048     0.021603    -0.073651      -0.5123     0.051939     0.045506    0.0064328      0.13707    -0.017168  -0.00032327    -0.016845     0.021146   0.00070153            0    -0.023298       1.0916       -1.559      -10.844    -0.023298   -2.254e-05      -8.0486     -0.17025            0            0            0      0.50739        38971           24       88.789       1.7408      0.11911     -0.21805      0.63333       -16.58       2.1923     -0.20048   1.0705e+06      -26.442  -8.7254e-07  -0.00069705            0            0            0            0            0            0            0            0            0          2.8            0            0  
          0            0           12   -0.0011973    -0.058052     0.022047    -0.080099     -0.53329     0.053207     0.046211    0.0069962      0.14268    -0.017876  -0.00034073    -0.017535     0.020625   0.00071368            0    -0.025345       1.1552      -1.6955      -11.289    -0.025345  -2.3433e-05      -8.3783     -0.18516            0            0            0      0.49489        38308           24       88.818       1.8122      0.12201     -0.22704      0.63315      -15.865       2.1917     -0.20874   1.0522e+06      -29.492  -9.4951e-07  -0.00075809            0            0            0            0            0            0            0            0            0          2.8            0            0  
          0            0         12.5   -0.0012979    -0.063952     0.022852    -0.086805     -0.55411     0.055337     0.047755    0.0075821      0.14825    -0.018582  -0.00036266     -0.01822     0.020295   0.00073116            0    -0.027474       1.2285      -1.8375      -11.729    -0.027474  -2.4317e-05      -8.7054     -0.20067            0            0            0      0.48698        37391           24       88.837       1.8829       0.1269     -0.23601        0.633      -15.207       2.1912     -0.21694   1.0271e+06       -32.49  -1.0296e-06  -0.00082158            0            0            0            0            0            0            0            0            0          2.8            0            0  
          0            0           13   -0.0014023    -0.070233     0.023533    -0.093766     -0.57477     0.057122     0.048932    0.0081904      0.15378    -0.019282  -0.00038336    -0.018899     0.019967   0.00074771            0    -0.029685       1.3011      -1.9848      -12.167    -0.029685  -2.5191e-05      -9.0299     -0.21677            0            0            0      0.47911        36564           24       88.856       1.9531      0.13099      -0.2449      0.63286      -14.599       2.1907     -0.22507   1.0043e+06      -35.681  -1.1126e-06  -0.00088748            0            0            0            0            0            0            0            0            0          2.8            0            0  
          0            0         13.5   -0.0015106    -0.076541      0.02444     -0.10098     -0.59525      0.05944     0.050619    0.0088209      0.15926     -0.01998  -0.00040738    -0.019572     0.019735   0.00076703            0    -0.031975       1.3803      -2.1376        -12.6    -0.031975  -2.6054e-05      -9.3517     -0.23346            0            0            0      0.47355        35643           24       88.869       2.0227      0.13631     -0.25376      0.63274      -14.036       2.1904     -0.23314   9.7904e+05      -38.885  -1.1988e-06  -0.00095579            0            0            0            0            0            0            0            0            0          2.8            0            0  
