A400M_w_refined
T6/1-TriUniform-ThickSurf-Vel(200.65,200.65)-alpha(0.00,1.00...(29)



 Ctrl        Alpha        Beta         CL           CD           CD_viscous   CD_induced   CY           Cm           Cm_viscous   Cm_pressure  Cl           Cn           Cn_viscous   Cn_pressure  CL/CD        CL^(3/2)/CD  1/sqrt(CL)   Lift_(N)     Drag_(N)     Fx_FF_(N)    Fy_FF_(N)    Fz_FF_(N)    Fx_sum_(N)   Fy_sum_(N)   Fz_sum_(N)   Extra_drag_(N)  Fuse_drag_(N)  Cf_Fuse      Vx_(m/s)     Vz_(m/s)     V_(m/s)      Gamma        L_(N.m)      M_(N.m)      N_(N.m)      CPx_(m)      CPy_(m)      CPz_(m)      BM_(N.m)     m.g.Vz_(W)   Drag_x_V_(W)  Efficiency   XCp.Cl       XNP_(m)      Phugoid_Freq._(Hz)  Phugoid_Damping  Short_Period_Freq._(Hz)  Short_Period_Damping_Ratio  Dutch_Roll_Freq._(Hz)  Dutch_Roll_Damping  Roll_Damping  Spiral_Damping  Mass_(kg)    CoG_x_(m)    CoG_z_(m)    
        -19          -19            0      -1.4799     0.097448     0.012176     0.085272   1.5048e-13    -0.024177   -0.0014024    -0.022775  -7.1303e-13   1.7465e-13  -2.8832e-14   2.0348e-13      -15.187      -18.475            0  -1.9973e+06   1.3151e+05  -5.4143e+05   2.0309e-07  -1.9259e+06  -5.2743e+05   6.9939e-07  -1.9149e+06            0            0            0       200.22            0       200.65      -3.7674   -4.081e-05   -1.915e+05   9.9961e-06       4.2822   2.1607e-11      0.61035  -8.7374e+06            0   2.6389e+07       1.0068      -6.3373            0            0            0            0            0            0            0            0            0            0          4.8            0  
        -18          -18            0      -1.3941     0.086646     0.010977     0.075669   1.1886e-13    -0.023947   -0.0012878    -0.022659  -1.7529e-13   3.6801e-14  -1.8361e-15   3.8637e-14       -16.09      -18.998            0  -1.8815e+06   1.1694e+05  -4.8428e+05   1.6041e-07  -1.8209e+06  -4.7198e+05   2.6966e-08  -1.8113e+06            0            0            0       200.27            0       200.65      -3.5564  -1.0033e-05  -1.8967e+05   2.1063e-06       4.3218   5.2882e-12      0.53947  -8.2316e+06            0   2.3464e+07       1.0069      -6.0251            0            0            0            0            0            0            0            0            0            0          4.8            0  
        -17          -17            0      -1.3081     0.076579    0.0099631     0.066616   4.4664e-13    -0.024057   -0.0011871     -0.02287  -1.3754e-12   1.7211e-13  -1.5629e-14   1.8774e-13      -17.082      -19.537            0  -1.7654e+06   1.0335e+05  -4.3017e+05   6.0278e-07  -1.7145e+06  -4.1941e+05  -1.8965e-07  -1.7062e+06            0            0            0       200.31            0       200.65      -3.3504  -7.8724e-05  -1.9055e+05   9.8507e-06        4.357   4.1553e-11      0.46604  -7.7242e+06            0   2.0737e+07       1.0069      -5.6993            0            0            0            0            0            0            0            0            0            0          4.8            0  
        -16          -16            0      -1.2219     0.067315    0.0091951      0.05812   1.6995e-13    -0.024482   -0.0011095    -0.023373  -5.4686e-13   7.6792e-14  -5.5208e-15   8.2312e-14      -18.152      -20.064            0   -1.649e+06        90846  -3.7913e+05   2.2936e-07  -1.6067e+06  -3.6976e+05   1.3667e-07  -1.5995e+06            0            0            0       200.35            0       200.65      -3.1533  -3.1299e-05  -1.9391e+05   4.3952e-06       4.3873   1.8323e-11         0.39  -7.2154e+06            0   1.8228e+07        1.007      -5.3607            0            0            0            0            0            0            0            0            0            0          4.8            0  
        -15          -15            0      -1.1354     0.058795    0.0086097     0.050186  -3.8785e-13    -0.025179   -0.0010497    -0.024129   1.7435e-12  -2.4206e-13   1.6313e-14  -2.5837e-13      -19.312      -20.578            0  -1.5323e+06        79348  -3.3118e+05  -5.2343e-07  -1.4977e+06  -3.2309e+05  -1.5623e-07  -1.4915e+06            0            0            0       200.38            0       200.65      -2.9643   9.9787e-05  -1.9943e+05  -1.3854e-05       4.4125  -6.3037e-11      0.31129  -6.7052e+06            0   1.5921e+07        1.007      -5.0101            0            0            0            0            0            0            0            0            0            0          4.8            0  
        -14          -14            0      -1.0488     0.050923    0.0081035      0.04282  -6.0141e-14      -0.0261   -0.0009964    -0.025103   4.3862e-13  -8.9064e-14   5.8314e-15  -9.4896e-14      -20.596      -21.093            0  -1.4155e+06        68724  -2.8636e+05  -8.1164e-08  -1.3874e+06  -2.7941e+05  -4.3173e-07  -1.3821e+06            0            0            0       200.41            0       200.65      -2.7797   2.5104e-05  -2.0672e+05  -5.0976e-06       4.4319  -1.8411e-11      0.22974  -6.1939e+06            0    1.379e+07       1.0071      -4.6483            0            0            0            0            0            0            0            0            0            0          4.8            0  
        -13          -13            0     -0.96206     0.043689    0.0076621     0.036027   5.5559e-13    -0.027207  -0.00094861    -0.026259  -1.8623e-12    2.205e-13  -1.0163e-14   2.3066e-13      -22.021      -21.599            0  -1.2984e+06        58961  -2.4469e+05    7.498e-07   -1.276e+06  -2.3878e+05   3.3745e-07  -1.2715e+06            0            0            0       200.44            0       200.65      -2.6001  -0.00010659  -2.1549e+05    1.262e-05       4.4448   8.0253e-11      0.14513  -5.6815e+06            0   1.1831e+07       1.0071      -4.2761            0            0            0            0            0            0            0            0            0            0          4.8            0  
        -12          -12            0     -0.87516     0.037087    0.0072761     0.029811   2.0098e-13    -0.028464  -0.00090598    -0.027558  -4.4913e-13   4.8651e-14  -2.5191e-15    5.117e-14      -23.598      -22.075            0  -1.1811e+06        50051  -2.0621e+05   2.7123e-07  -1.1636e+06  -2.0123e+05   2.3124e-07  -1.1597e+06            0            0            0       200.47            0       200.65      -2.4266  -2.5706e-05  -2.2545e+05   2.7845e-06       4.4501   2.1533e-11     0.057073  -5.1681e+06            0   1.0043e+07       1.0072      -3.8945            0            0            0            0            0            0            0            0            0            0          4.8            0  
        -11          -11            0     -0.78814     0.031112    0.0069364     0.024176   8.3842e-14    -0.029833  -0.00086807    -0.028965   4.5586e-15   1.5231e-14   1.0984e-15   1.4133e-14      -25.332      -22.489            0  -1.0636e+06        41988  -1.7092e+05   1.1315e-07  -1.0503e+06  -1.6678e+05   3.1227e-07   -1.047e+06            0            0            0       200.49            0       200.65      -2.2606   2.6091e-07  -2.3629e+05   8.7176e-07       4.4465   3.9851e-13    -0.035027  -4.6539e+06            0   8.4249e+06       1.0072      -3.5044            0            0            0            0            0            0            0            0            0            0          4.8            0  
        -10          -10            0     -0.70101     0.025748    0.0066224     0.019126  -5.5291e-14    -0.031275  -0.00083249    -0.030443  -1.4699e-14   4.3341e-15   9.5883e-17   4.2382e-15      -27.226      -22.795            0  -9.4605e+05        34749  -1.3886e+05  -7.4618e-08  -9.3616e+05  -1.3546e+05  -1.1607e-07  -9.3331e+05            0            0            0       200.51            0       200.65      -2.1035   -8.413e-07  -2.4771e+05   2.4806e-07       4.4319   7.5379e-13     -0.13212   -4.139e+06            0   6.9723e+06       1.0072      -3.1068            0            0            0            0            0            0            0            0            0            0          4.8            0  
         -9           -9            0      -0.6138      0.02096    0.0062972     0.014663  -1.5367e-13    -0.032749  -0.00079455    -0.031954   5.0667e-13   -3.347e-14   1.7074e-15  -3.5178e-14      -29.284      -22.943            0  -8.2836e+05        28287  -1.1004e+05  -2.0739e-07  -8.2126e+05  -1.0729e+05  -4.4605e-08  -8.1883e+05            0            0            0       200.53            0       200.65      -1.9558   2.8999e-05  -2.5938e+05  -1.9156e-06       4.4029  -3.4484e-11     -0.23575  -3.6235e+06            0   5.6757e+06       1.0072      -2.7025            0            0            0            0            0            0            0            0            0            0          4.8            0  
         -8           -8            0     -0.52653     0.016826     0.006036      0.01079   4.1396e-14    -0.034225  -0.00076215    -0.033462  -8.4175e-14  -6.1889e-16  -1.6173e-16  -4.5717e-16      -31.293      -22.707            0  -7.1058e+05        22707       -84474   5.5866e-08  -7.0569e+05       -82309   -8.982e-09  -7.0364e+05            0            0            0       200.55            0       200.65      -1.8303  -4.8176e-06  -2.7107e+05  -3.5422e-08       4.3544   6.5691e-12     -0.34861  -3.1075e+06            0   4.5562e+06       1.0072      -2.2927            0            0            0            0            0            0            0            0            0            0          4.8            0  
         -7           -7            0     -0.43921      0.01337    0.0058615    0.0075081  -1.7126e-13    -0.035672  -0.00074104    -0.034931   8.0006e-13  -4.8028e-14   2.0109e-15  -5.0038e-14      -32.852      -21.772            0  -5.9274e+05        18043       -62180  -2.3112e-07  -5.8955e+05       -60519  -1.8269e-07  -5.8784e+05            0            0            0       200.56            0       200.65      -1.7435    4.579e-05  -2.8253e+05  -2.7488e-06       4.2765  -7.6598e-11     -0.47558  -2.5912e+06            0   3.6203e+06       1.0072      -1.8783            0            0            0            0            0            0            0            0            0            0          4.8            0  
         -6           -6            0     -0.35187     0.010509    0.0056896    0.0048193  -4.6493e-13    -0.037044  -0.00072072    -0.036324   1.8848e-12  -9.8284e-14   4.3247e-15  -1.0261e-13      -33.483      -19.862            0  -4.7486e+05        14182       -43168  -6.2744e-07  -4.7294e+05       -41940  -4.1539e-07  -4.7153e+05            0            0            0       200.56            0       200.65      -1.7107   0.00010787   -2.934e+05  -5.6251e-06       4.1503  -2.2589e-10     -0.62655  -2.0747e+06            0   2.8456e+06       1.0071      -1.4603            0            0            0            0            0            0            0            0            0            0          4.8            0  
         -5           -5            0     -0.26451    0.0082908    0.0055667    0.0027241   3.3517e-13     -0.03831  -0.00070575    -0.037604   -1.638e-12     5.07e-14  -2.2091e-15   5.2909e-14      -31.905      -16.409            0  -3.5697e+05        11189       -27450   4.5232e-07  -3.5593e+05       -26585   1.3925e-07  -3.5481e+05            0            0            0       200.55            0       200.65      -1.7953   -9.375e-05  -3.0342e+05   2.9017e-06       3.9313   2.6087e-10     -0.82463   -1.558e+06            0    2.245e+06       1.0069      -1.0399            0            0            0            0            0            0            0            0            0            0          4.8            0  
         -4           -4            0     -0.17717    0.0066896    0.0054667    0.0012229   1.9318e-13     -0.03943  -0.00069423    -0.038735  -4.6841e-13   2.4162e-15  -1.0569e-15   3.4732e-15      -26.484      -11.148            0   -2.391e+05       9027.8       -15032   2.6071e-07  -2.3863e+05       -14462   1.7896e-07   -2.378e+05            0            0            0       200.51            0       200.65      -2.1623  -2.6809e-05  -3.1229e+05   1.3829e-07       3.4881    1.116e-10      -1.1387  -1.0414e+06            0   1.8114e+06       1.0062     -0.61798            0            0            0            0            0            0            0            0            0            0          4.8            0  
         -3           -3            0    -0.089853    0.0056886    0.0053729   0.00031563  -5.2617e-14    -0.040366  -0.00068374    -0.039683   4.6373e-13  -1.4257e-14   2.6517e-16  -1.4522e-14      -15.795      -4.7347            0  -1.2126e+05       7676.9      -5920.8  -7.1008e-08  -1.2111e+05      -5578.5  -6.7593e-08  -1.2059e+05            0            0            0       200.25            0       200.65      -3.6226   2.6541e-05  -3.1971e+05  -8.1597e-07       2.1778  -2.1762e-10      -1.9059   -5.249e+05            0   1.5404e+06       1.0027     -0.19568            0            0            0            0            0            0            0            0            0            0          4.8            0  
         -2           -2            0   -0.0025806    0.0052879    0.0052864   1.5051e-06   4.0479e-14    -0.041084  -0.00067405     -0.04041   -8.454e-14   -3.393e-15  -1.5194e-16   -3.241e-15     -0.48802    -0.024792            0      -3482.6       7136.2      -119.51   5.4627e-08      -3480.6       63.088   5.8544e-08      -3285.6            0            0            0       88.001            0       200.65      -63.986  -4.8384e-06  -3.2539e+05  -1.9419e-07      -87.559   1.3769e-09      -49.066      -8642.8            0   1.4319e+06      0.17345      0.22596            0            0            0            0            0            0            0            0            0            0          4.8            0  
         -1           -1            0     0.084628    0.0054756    0.0051962   0.00027942   4.5905e-14    -0.041547  -0.00066467    -0.040882  -2.6153e-14   1.9782e-15  -9.1477e-17   2.0696e-15       15.456       4.4962       3.4375   1.1421e+05       7389.4       2370.2    6.195e-08   1.1418e+05         2462   8.3796e-08   1.1401e+05            0            0            0       200.23            0       200.65        3.702  -1.4968e-06  -3.2906e+05   1.1322e-07        7.632  -1.2969e-11      0.80234   5.0726e+05            0   1.4827e+06       1.0048      0.64588            0            0            0            0            0            0            0            0            0            0          4.8            0  
          0            0            0      0.17176    0.0062597    0.0051119    0.0011477  -4.2045e-13    -0.041718  -0.00065371    -0.041064   1.6787e-12   3.8907e-15     1.06e-15   2.8307e-15       27.438       11.371       2.4129   2.3179e+05       8447.6       1548.9   -5.674e-07   2.3179e+05       1620.9  -5.9315e-07   2.3119e+05            0            0            0       200.51            0       200.65       2.0872   9.6075e-05  -3.3041e+05   2.2268e-07       6.1891   4.1153e-10    -0.028118   1.0227e+06            0    1.695e+06       1.0076        1.063            0            0            0            0            0            0            0            0            0            0          4.8            0  
          1            1            0      0.25878    0.0076532    0.0050489    0.0026044    8.735e-14    -0.041566  -0.00064522    -0.040921   -3.434e-14   1.6524e-15   4.3436e-16   1.2181e-15       33.814       17.201       1.9658   3.4923e+05        10328      -2580.8   1.1788e-07   3.4924e+05      -2454.6    1.684e-07   3.4815e+05            0            0            0       200.56            0       200.65        1.694  -1.9654e-06  -3.2921e+05   9.4574e-08       5.7049  -5.2926e-12     -0.35329   1.5375e+06            0   2.0723e+06        1.008       1.4763            0            0            0            0            0            0            0            0            0            0          4.8            0  
          2            2            0      0.34569    0.0096852    0.0050385    0.0046468  -3.1644e-13    -0.041058  -0.00063881     -0.04042   1.1886e-12   3.1278e-14   1.6442e-15   2.9634e-14       35.693       20.986       1.7008   4.6652e+05        13070       -10014  -4.2704e-07   4.6645e+05        -9756  -5.1148e-07   4.6479e+05            0            0            0       200.57            0       200.65       1.6048   6.8025e-05  -3.2519e+05   1.7901e-06       5.4521   1.4405e-10     -0.55451   2.0516e+06            0   2.6225e+06       1.0082       1.8848            0            0            0            0            0            0            0            0            0            0          4.8            0  
          3            3            0      0.43247     0.012333    0.0050609    0.0072719   7.9333e-14    -0.040162  -0.00063679    -0.039525  -1.5538e-13   6.9692e-15  -4.9759e-16   7.4668e-15       35.067       23.061       1.5206   5.8362e+05        16643       -20744   1.0706e-07   5.8334e+05       -20272   2.4628e-07   5.8102e+05            0            0            0       200.56            0       200.65       1.6335  -8.8928e-06  -3.1809e+05   3.9886e-07       5.2889  -1.4249e-11     -0.70613   2.5649e+06            0   3.3394e+06       1.0082       2.2873            0            0            0            0            0            0            0            0            0            0          4.8            0  
          4            4            0       0.5191     0.015673     0.005197     0.010476  -7.6913e-14     -0.03886  -0.00065431    -0.038205   2.6355e-13   1.6667e-14  -8.5699e-16   1.7524e-14        33.12       23.862        1.388   7.0052e+05        21151       -34763  -1.0379e-07    6.998e+05       -33988  -3.5469e-08   6.9672e+05            0            0            0       200.55            0       200.65       1.7294   1.5083e-05  -3.0777e+05   9.5391e-07       5.1684   2.1655e-11      -0.8326   3.0773e+06            0   4.2439e+06       1.0083       2.6829            0            0            0            0            0            0            0            0            0            0          4.8            0  
          5            5            0      0.60555     0.019646    0.0053902     0.014256  -1.8166e-13    -0.037109  -0.00068199    -0.036427   5.5177e-13   3.9972e-14  -2.5996e-15   4.2571e-14       30.823       23.986       1.2851   8.1719e+05        26512       -52058  -2.4516e-07   8.1576e+05       -50887  -1.2981e-07    8.118e+05            0            0            0       200.54            0       200.65       1.8582   3.1579e-05   -2.939e+05   2.2877e-06       5.0707   3.8704e-11     -0.94425   3.5886e+06            0   5.3196e+06       1.0083       3.0706            0            0            0            0            0            0            0            0            0            0          4.8            0  
          6            6            0      0.69182     0.024231    0.0056251     0.018606   1.4551e-13    -0.034876  -0.00071891    -0.034157  -6.6615e-13  -3.6564e-14   1.6377e-15  -3.8202e-14       28.551       23.747       1.2023   9.3361e+05        32700       -72617   1.9637e-07   9.3112e+05       -70948   3.1735e-07   9.2615e+05            0            0            0       200.52            0       200.65        2.006  -3.8125e-05  -2.7622e+05  -2.0926e-06        4.986   -3.964e-11      -1.0462   4.0987e+06            0   6.5612e+06       1.0084       3.4494            0            0            0            0            0            0            0            0            0            0          4.8            0  
          7            7            0      0.77789     0.029414    0.0058914     0.023523   1.0872e-13    -0.032128  -0.00076235    -0.031366  -1.2712e-13   8.9453e-15  -1.6998e-15   1.0645e-14       26.446       23.325       1.1338   1.0498e+06        39694       -96425   1.4672e-07   1.0458e+06       -94150   3.8894e-07   1.0397e+06            0            0            0        200.5            0       200.65       2.1655  -7.2752e-06  -2.5445e+05   5.1195e-07       4.9086  -5.7079e-12      -1.1411   4.6076e+06            0   7.9645e+06       1.0084       3.8184            0            0            0            0            0            0            0            0            0            0          4.8            0  
          8            8            0      0.86373     0.035204    0.0062039        0.029   4.2731e-13    -0.028836  -0.00081615     -0.02802  -1.7496e-12  -8.7905e-14    8.626e-15  -9.6531e-14       24.535       22.802        1.076   1.1656e+06        47508  -1.2347e+05   5.7665e-07   1.1597e+06  -1.2046e+05   1.2931e-06   1.1523e+06            0            0            0       200.48            0       200.65        2.334  -0.00010013  -2.2838e+05  -5.0309e-06       4.8355  -8.0944e-11      -1.2307   5.1151e+06            0   9.5322e+06       1.0084       4.1766            0            0            0            0            0            0            0            0            0            0          4.8            0  
          9            9            0      0.94934      0.04159    0.0065573     0.035033   9.3986e-14    -0.024968  -0.00087718    -0.024091  -2.4505e-13  -1.8762e-14   1.2639e-15  -2.0026e-14       22.826        22.24       1.0263   1.2811e+06        56125  -1.5372e+05   1.2683e-07   1.2727e+06  -1.4987e+05   1.9835e-07   1.2639e+06            0            0            0       200.45            0       200.64       2.5085  -1.4025e-05  -1.9774e+05  -1.0738e-06       4.7645  -1.0357e-11      -1.3159   5.6212e+06            0   1.1261e+07       1.0085       4.5231            0            0            0            0            0            0            0            0            0            0          4.8            0  
         10           10            0       1.0347     0.048564    0.0069503     0.041614  -4.1823e-13    -0.020495  -0.00094764    -0.019547   1.0678e-12   9.3244e-14  -5.4453e-15   9.8689e-14       21.306       21.672      0.98309   1.3963e+06        65537  -1.8716e+05  -5.6439e-07   1.3848e+06  -1.8232e+05  -8.9687e-07   1.3744e+06            0            0            0       200.42            0       200.64       2.6873   6.1109e-05  -1.6232e+05   5.3364e-06       4.6943   4.1303e-11      -1.3973   6.1256e+06            0    1.315e+07       1.0085       4.8572            0            0            0            0            0            0            0            0            0            0          4.8            0  
         11           11            0       1.1198     0.056101    0.0073626     0.048738  -1.1714e-13    -0.015382   -0.0010213     -0.01436   4.5005e-13   6.5753e-14  -3.7653e-15   6.9518e-14        19.96       21.122      0.94501   1.5111e+06        75707  -2.2377e+05  -1.5808e-07   1.4959e+06   -2.178e+05  -4.3238e-09   1.4837e+06            0            0            0       200.39            0       200.64       2.8681   2.5757e-05  -1.2182e+05   3.7631e-06        4.624   1.7211e-11      -1.4753   6.6283e+06            0    1.519e+07       1.0085       5.1778            0            0            0            0            0            0            0            0            0            0          4.8            0  
         12           12            0       1.2046     0.064261    0.0078637     0.056398   4.3412e-13   -0.0096188   -0.0011167   -0.0085022  -1.8407e-12  -1.8542e-13   1.6589e-14    -2.02e-13       18.745       20.573      0.91114   1.6255e+06        86719  -2.6352e+05   5.8583e-07   1.6058e+06  -2.5626e+05   1.1488e-06   1.5916e+06            0            0            0       200.36            0       200.64       3.0537  -0.00010534       -76180  -1.0611e-05        4.553  -6.0355e-11      -1.5501   7.1292e+06            0     1.74e+07       1.0085       5.4844            0            0            0            0            0            0            0            0            0            0          4.8            0  
         13           13            0       1.2891     0.072999    0.0084138     0.064586  -1.9324e-13   -0.0031594    -0.001215   -0.0019444   6.1213e-13    2.722e-14  -4.7275e-15   3.1948e-14       17.658       20.049      0.88077   1.7395e+06        98511  -3.0639e+05  -2.6077e-07   1.7146e+06  -2.9766e+05  -9.8749e-07   1.6982e+06            0            0            0       200.32            0       200.64       3.2412   3.5033e-05       -25022   1.5578e-06       4.4808   1.6477e-11      -1.6219   7.6282e+06            0   1.9766e+07       1.0086        5.776            0            0            0            0            0            0            0            0            0            0          4.8            0  
         14           14            0       1.3732       0.0823    0.0090055     0.073294  -3.5591e-13    0.0040198     -0.00132    0.0053398   1.4341e-12    1.705e-13  -1.3509e-14   1.8401e-13       16.686       19.553      0.85335   1.8531e+06   1.1106e+05  -3.5234e+05  -4.8029e-07    1.822e+06  -3.4197e+05  -8.7441e-07   1.8033e+06            0            0            0       200.28            0       200.64       3.4297   8.2073e-05        31836   9.7579e-06       4.4072   4.0768e-11      -1.6907   8.1252e+06            0   2.2284e+07       1.0086       6.0521            0            0            0            0            0            0            0            0            0            0          4.8            0  
         15           15            0       1.4571     0.092202     0.009687     0.082515  -5.6504e-13     0.011931   -0.0014458     0.013377   2.7405e-12   3.1018e-13  -3.6284e-14   3.4647e-13       15.803       19.075      0.82844   1.9662e+06   1.2442e+05  -4.0134e+05   -7.625e-07   1.9281e+06  -3.8913e+05  -1.9138e-06   1.9068e+06            0            0            0       200.24            0       200.64       3.6208   0.00015684        94492   1.7752e-05       4.3319   7.1337e-11      -1.7566     8.62e+06            0   2.4965e+07       1.0086       6.3119            0            0            0            0            0            0            0            0            0            0          4.8            0  
         16           16            0       1.5405      0.10284     0.010602      0.09224  -1.0115e-13     0.020557   -0.0016348     0.022192  -9.2067e-14   4.2809e-14   6.5439e-15   3.6265e-14        14.98       18.592      0.80568   2.0789e+06   1.3878e+05  -4.5337e+05   -1.365e-07   2.0327e+06   -4.391e+05   5.3072e-07   2.0087e+06            0            0            0        200.2            0       200.64       3.8193   -5.269e-06   1.6281e+05     2.45e-06       4.2549   1.9745e-13      -1.8197   9.1127e+06            0   2.7846e+07       1.0086       6.5548            0            0            0            0            0            0            0            0            0            0          4.8            0  
