Wing_short
T1-35.0 m/s-TriUniform-ThickSurf-x0.0675m
Freestream speed = 35.000 m/s


 Ctrl        Alpha        Beta         CL           CD           CD_viscous   CD_induced   CY           Cm           Cm_viscous   Cm_pressure  Cl           Cn           Cn_viscous   Cn_pressure  CL/CD        CL^(3/2)/CD  1/sqrt(CL)   Lift_(N)     Drag_(N)     Fx_FF_(N)    Fy_FF_(N)    Fz_FF_(N)    Fx_sum_(N)   Fy_sum_(N)   Fz_sum_(N)   Extra_drag_(N)  Fuse_drag_(N)  Cf_Fuse      Vx_(m/s)     Vz_(m/s)     V_(m/s)      Gamma        L_(N.m)      M_(N.m)      N_(N.m)      CPx_(m)      CPy_(m)      CPz_(m)      BM_(N.m)     m.g.Vz_(W)   Drag_x_V_(W)  Efficiency   XCp.Cl       XNP_(m)      Phugoid_Freq._(Hz)  Phugoid_Damping  Short_Period_Freq._(Hz)  Short_Period_Damping_Ratio  Dutch_Roll_Freq._(Hz)  Dutch_Roll_Damping  Roll_Damping  Spiral_Damping  Mass_(kg)    CoG_x_(m)    CoG_z_(m)    
          0        -12.5            0     -0.40391      0.17908      0.17235    0.0067268  -1.2321e-15     -0.18383   0.00098451     -0.18481    5.275e-15   1.6582e-15   1.2908e-15   3.6748e-16      -2.2555      -1.4335            0      -159.58       70.752      -31.945  -4.8681e-13      -156.37      -23.653   -3.105e-13      -156.42            0            0            0       31.996      -12.167           35      -23.911   4.1182e-12      -19.296   3.7569e-13     -0.05934  -2.5649e-14   -0.0074126      -32.888      -1193.5       2476.3       1.0232     0.023968            0            0            0            0            0            0            0            0            0           10       0.0675            0  
          0          -12            0     -0.36217      0.14752      0.14211    0.0054071  -1.3634e-15      -0.1845   0.00083411     -0.18533   9.8824e-15   7.5962e-15   7.0642e-15   5.3209e-16      -2.4551      -1.4775            0      -143.09       58.283      -27.661  -5.3868e-13      -140.41       -19.92  -4.6505e-13       -140.7            0            0            0       32.414      -11.804           35      -22.162   7.6994e-12      -19.366   4.2331e-12    -0.073867  -5.3706e-14   -0.0091995      -29.446      -1157.9       2039.9       1.0235     0.026753            0            0            0            0            0            0            0            0            0           10       0.0675            0  
          0        -11.5            0     -0.32036     0.087747     0.083518    0.0042299  -1.4952e-15     -0.18525   0.00058857     -0.18584   1.4547e-14   1.0082e-14   9.4404e-15   6.4123e-16      -3.6509      -2.0664            0      -126.57       34.668      -23.596  -5.9076e-13      -124.36      -16.389  -6.3542e-13      -124.88            0            0            0       33.757      -8.4399           35      -15.318   1.1326e-11      -19.445    5.496e-12    -0.092246  -9.0646e-14    -0.011476      -25.986      -827.95       1213.4       1.0236     0.029552            0            0            0            0            0            0            0            0            0           10       0.0675            0  
          0          -11            0     -0.27847     0.071307      0.06811    0.0031966  -1.6274e-15     -0.18587   0.00045982     -0.18633   1.9142e-14   7.2341e-15   6.5467e-15   6.8737e-16      -3.9052      -2.0608            0      -110.02       28.173      -19.753  -6.4297e-13      -108.24      -13.063  -7.9219e-13      -108.98            0            0            0       33.906       -8.463           35      -14.363     1.49e-11       -19.51    2.716e-12     -0.11622  -1.3714e-13    -0.014465      -22.509      -830.22       986.04       1.0235     0.032363            0            0            0            0            0            0            0            0            0           10       0.0675            0  
          0        -10.5            0     -0.23651     0.058188      0.05588    0.0023085  -1.7594e-15     -0.18646    0.0003423      -0.1868    2.383e-14   7.2393e-15   6.5539e-15   6.8539e-16      -4.0645      -1.9767            0      -93.442        22.99      -16.132  -6.9514e-13      -92.044      -9.9421  -9.3012e-13      -92.988            0            0            0       33.986      -8.8231           35      -13.822    1.855e-11      -19.572   2.1856e-12     -0.14877  -2.0091e-13    -0.018546      -19.018      -865.55       804.64       1.0223     0.035185            0            0            0            0            0            0            0            0            0           10       0.0675            0  
          0          -10            0     -0.19449     0.048516     0.046949     0.001567  -1.8922e-15     -0.18696   0.00029952     -0.18726   2.8452e-14   6.0234e-15   5.4103e-15    6.131e-16      -4.0088      -1.7679            0      -76.841       19.168      -12.734  -7.4761e-13      -75.781      -7.0272  -1.0588e-12      -76.918            0            0            0       33.959      -9.8649           35      -14.007   2.2149e-11      -19.625   7.8058e-13     -0.19547   -2.912e-13    -0.024429      -15.512      -967.75       670.89       1.0185     0.038018            0            0            0            0            0            0            0            0            0           10       0.0675            0  
          0         -9.5            0     -0.15242     0.039968     0.038995   0.00097295  -2.0249e-15     -0.18745   0.00026357     -0.18771   3.3207e-14   3.9624e-15   3.4693e-15   4.9317e-16      -3.8135      -1.4888            0       -60.22       15.791        -9.56       -8e-13      -59.457      -4.3193  -1.1695e-12      -60.772            0            0            0       33.855      -11.714           35      -14.693   2.5855e-11      -19.676  -1.2384e-12     -0.26807  -4.3341e-13    -0.033609      -11.993      -1149.1       552.68       1.0074     0.040859            0            0            0            0            0            0            0            0            0           10       0.0675            0  
          0           -9            0      -0.1103     0.026208      0.02568    0.0005275  -2.1574e-15     -0.18793   0.00020916     -0.18814   3.7823e-14    1.494e-14   1.4634e-14   3.0542e-16      -4.2088      -1.3978            0       -43.58       10.354      -6.6115  -8.5238e-13      -43.076      -1.8193  -1.2869e-12      -44.556            0            0            0       34.052      -12.477           35      -13.365   2.9456e-11      -19.727   6.9604e-12     -0.39625  -6.8251e-13    -0.049869      -8.4613        -1224        362.4      0.97311     0.043707            0            0            0            0            0            0            0            0            0           10       0.0675            0  
          0         -8.5            0    -0.068148     0.018796     0.018564   0.00023149  -2.2899e-15     -0.18838   0.00017444     -0.18856   4.2486e-14   1.3408e-15   1.2758e-15   6.5015e-17      -3.6257     -0.94649            0      -26.924        7.426      -3.8892  -9.0473e-13      -26.642      0.47217  -1.3737e-12      -28.276            0            0            0        33.74      -18.426           35      -15.419   3.3097e-11      -19.774   -3.901e-12     -0.68324  -1.2408e-12    -0.086358      -4.9188      -1807.6       259.91      0.84641     0.046561            0            0            0            0            0            0            0            0            0           10       0.0675            0  
          0           -8            0    -0.025961     0.017421     0.017336   8.5683e-05  -2.4226e-15      -0.1888   0.00015952     -0.18896   4.7172e-14   1.4657e-15   1.6954e-15  -2.2966e-16      -1.4902      -0.2401            0      -10.257        6.883       -1.394  -9.5714e-13      -10.162       2.5543  -1.4537e-12      -11.935            0            0            0       29.063      -72.638           35      -33.864   3.6761e-11      -19.818  -4.0269e-12      -1.9037  -3.6167e-12     -0.24174      -1.3663      -7125.8       240.91      0.33185      0.04942            0            0            0            0            0            0            0            0            0           10       0.0675            0  
          0         -7.5            0     0.016251     0.016041      0.01595   9.0733e-05  -2.5551e-15      -0.1892    0.0001439     -0.18935   5.1842e-14   1.0123e-15   1.5943e-15  -5.8198e-16       1.0131      0.12915       7.8445       6.4205       6.3375      0.87358  -1.0095e-12       6.3609       4.4265  -1.5191e-12       4.4611            0            0            0       24.909       135.04           35       44.627   4.0416e-11       -19.86  -4.5384e-12       3.2172   6.3505e-12      0.41061       2.1951        13248       221.81       0.1228     0.052282            0            0            0            0            0            0            0            0            0           10       0.0675            0  
          0           -7            0     0.058479     0.014864     0.014616   0.00024717  -2.6879e-15     -0.18958   0.00013142     -0.18972   5.6505e-14   8.7373e-16   1.8719e-15  -9.9812e-16       3.9344      0.95144       4.1352       23.105       5.8725       2.9127   -1.062e-12       22.921       6.0882  -1.5737e-12       20.907            0            0            0       33.921        18.33           35       14.261   4.4069e-11        -19.9  -4.7399e-12        0.943   1.9232e-12      0.12099       5.7644       1798.2       205.54      0.58373     0.055146            0            0            0            0            0            0            0            0            0           10       0.0675            0  
          0         -6.5            0      0.10072     0.013882     0.013326   0.00055543  -2.8204e-15     -0.18995   0.00012043     -0.19007   6.1129e-14  -2.0303e-16   1.2738e-15  -1.4768e-15       7.2555       2.3026        3.151       39.793       5.4845       4.7227  -1.1143e-12       39.512       7.5388  -1.6159e-12       37.399            0            0            0       34.672       7.5741           35       7.8474   4.7697e-11      -19.939  -5.6083e-12      0.57597   1.2085e-12     0.074311       9.3404       743.02       191.96      0.77054      0.05801            0            0            0            0            0            0            0            0            0           10       0.0675            0  
          0           -6            0      0.14296     0.013545      0.01253    0.0010158  -2.9519e-15      -0.1903   0.00011241     -0.19041   6.5783e-14  -7.5514e-16   1.2475e-15  -2.0027e-15       10.554       3.9905       2.6448       56.482       5.3517       6.3031  -1.1663e-12       56.131        8.778   -1.651e-12        53.93            0            0            0       34.844       4.3705           35       5.4126   5.1354e-11      -19.975  -6.0063e-12      0.42581   9.1634e-13     0.055254       12.922       428.74       187.31      0.84885     0.060874            0            0            0            0            0            0            0            0            0           10       0.0675            0  
          0         -5.5            0       0.1852     0.013481     0.011852    0.0016285  -3.0844e-15     -0.19063   0.00010552     -0.19073   7.0345e-14  -1.5317e-15   1.0702e-15   -2.602e-15       13.738       5.9121       2.3237        73.17        5.326       7.6534  -1.2186e-12       72.771       9.8054  -1.6656e-12       70.497            0            0            0       34.908       2.9499           35       4.1632   5.4945e-11       -20.01  -6.5102e-12      0.34415   7.5736e-13     0.044922       16.508       289.39       186.41      0.88858     0.063735            0            0            0            0            0            0            0            0            0           10       0.0675            0  
          0           -5            0      0.22742     0.013562     0.011168    0.0023935  -3.2167e-15     -0.19094   9.9267e-05     -0.19104    7.496e-14  -1.9589e-15   1.2716e-15  -3.2305e-15       16.769       7.9971       2.0969       89.853       5.3582       8.7732  -1.2709e-12       89.428       10.621  -1.6716e-12       87.094            0            0            0       34.938       2.1808           35       3.4127   5.8584e-11      -20.043  -6.6816e-12      0.29282   6.5704e-13     0.038454       20.098       213.94       187.54      0.91167     0.066593            0            0            0            0            0            0            0            0            0           10       0.0675            0  
          0         -4.5            0      0.26963     0.013758     0.010447    0.0033109  -3.3464e-15     -0.19124   9.3171e-05     -0.19133   7.9629e-14  -2.4977e-15   1.4429e-15  -3.9406e-15       19.598       10.177       1.9258       106.53       5.4355       9.6622  -1.3221e-12        106.1       11.223  -1.6633e-12       103.72            0            0            0       34.955       1.7138           35        2.921    6.227e-11      -20.074  -6.8808e-12      0.25756   5.8804e-13     0.034035        23.69       168.12       190.24       0.9264     0.069446            0            0            0            0            0            0            0            0            0           10       0.0675            0  
          0           -4            0      0.31181     0.014357    0.0099765    0.0043805  -3.4784e-15     -0.19152   8.8356e-05     -0.19161   8.4177e-14   -3.749e-15   9.4707e-16  -4.6961e-15       21.718       12.128       1.7908       123.19       5.6723        10.32  -1.3743e-12       122.77       11.614   -1.646e-12       120.36            0            0            0       34.963       1.4381           35       2.6363   6.5869e-11      -20.103  -7.5692e-12      0.23185   5.3847e-13     0.030831       27.284       141.07       198.53      0.93642     0.072292            0            0            0            0            0            0            0            0            0           10       0.0675            0  
          0         -3.5            0      0.35396     0.015123    0.0095212    0.0056019  -3.6084e-15     -0.19178    8.381e-05     -0.19187   8.8852e-14  -4.5865e-15   9.2033e-16  -5.5068e-15       23.405       13.925       1.6808       139.85        5.975       10.747  -1.4256e-12       139.45       11.791  -1.6119e-12       137.01            0            0            0       34.968       1.2525           35       2.4465   6.9575e-11      -20.131  -7.8766e-12      0.21226   4.9951e-13     0.028408       30.878       122.87       209.13      0.94357     0.075131            0            0            0            0            0            0            0            0            0           10       0.0675            0  
          0           -3            0      0.39607     0.016163    0.0091884    0.0069749  -3.7391e-15     -0.19203   8.0108e-05     -0.19211   9.3489e-14  -5.4856e-15   8.8986e-16  -6.3755e-15       24.504       15.421        1.589       156.48        6.386       10.942  -1.4773e-12       156.12       11.756  -1.5663e-12       153.68            0            0            0       34.971       1.1309           35       2.3369   7.3258e-11      -20.157   -8.167e-12      0.19684   4.6915e-13     0.026516        34.47       110.94       223.51      0.94887     0.077961            0            0            0            0            0            0            0            0            0           10       0.0675            0  
          0         -2.5            0      0.43813     0.017382     0.008883    0.0084989  -3.8713e-15     -0.19226   7.6674e-05     -0.19234   9.7907e-14  -6.6641e-15    6.382e-16  -7.3023e-15       25.206       16.684       1.5108        173.1       6.8674       10.905  -1.5295e-12       172.79       11.508  -1.5074e-12       170.35            0            0            0       34.972       1.0453           35       2.2719   7.6777e-11      -20.181   -8.606e-12      0.18438   4.4513e-13     0.025001       38.061       102.55       240.36       0.9529     0.080781            0            0            0            0            0            0            0            0            0           10       0.0675            0  
          0           -2            0      0.48013      0.01866    0.0084868     0.010173  -3.9991e-15     -0.19247   7.2959e-05     -0.19255   1.0234e-13  -7.4454e-15   8.4031e-16  -8.2857e-15        25.73       17.829       1.4432        189.7       7.3724       10.637    -1.58e-12       189.44       11.047  -1.4369e-12       187.02            0            0            0       34.974       0.9782           35       2.2257   8.0311e-11      -20.204  -8.6721e-12       0.1741   4.2459e-13     0.023764       41.649       95.961       258.03      0.95603     0.083589            0            0            0            0            0            0            0            0            0           10       0.0675            0  
          0         -1.5            0      0.52207     0.020101    0.0081036     0.011997   -4.128e-15     -0.19267    6.934e-05     -0.19274    1.069e-13  -8.3482e-15   9.7523e-16  -9.3234e-15       25.973       18.767        1.384       206.27       7.9417       10.138  -1.6309e-12       206.07       10.374  -1.3548e-12       203.69            0            0            0       34.974      0.92933           35       2.2049   8.3964e-11      -20.224  -8.7756e-12      0.16546   4.0775e-13     0.022737       45.233       91.167       277.96       0.9585     0.086383            0            0            0            0            0            0            0            0            0           10       0.0675            0  
          0           -1            0      0.56395     0.021854    0.0078841      0.01397  -4.2574e-15     -0.19285   6.6542e-05     -0.19292   1.1149e-13  -9.3536e-15   1.0645e-15  -1.0418e-14       25.805       19.379       1.3316       222.81       8.6344       9.4072  -1.6821e-12       222.68       9.4888  -1.2603e-12       220.34            0            0            0       34.974      0.89997           35       2.2192   8.7642e-11      -20.243  -8.8971e-12      0.15811   3.9367e-13     0.021874       48.811       88.287        302.2      0.96049     0.089164            0            0            0            0            0            0            0            0            0           10       0.0675            0  
          0         -0.5            0      0.60575     0.023884    0.0077938     0.016091  -4.3831e-15     -0.19301   6.4388e-05     -0.19308   1.1569e-13   -1.089e-14   6.7055e-16  -1.1561e-14       25.362       19.739       1.2849       239.33       9.4365       8.4455  -1.7317e-12       239.26       8.3912   -1.156e-12       236.98            0            0            0       34.973      0.88355           35        2.258   9.1021e-11       -20.26  -9.3706e-12      0.15176   3.8068e-13     0.021139       52.383       86.676       330.28       0.9621     0.091928            0            0            0            0            0            0            0            0            0           10       0.0675            0  
          0            0            0      0.64746     0.026109    0.0077512     0.018358  -4.5116e-15     -0.19316   6.2325e-05     -0.19322   1.2019e-13  -1.2347e-14    4.181e-16  -1.2766e-14       24.798       19.954       1.2428       255.81       10.316       7.2531  -1.7825e-12       255.81        7.082  -1.0348e-12        253.6            0            0            0       34.972      0.87403           35       2.3092   9.4648e-11      -20.276  -9.7235e-12      0.14623   3.6995e-13     0.020508       55.948       85.742       361.04      0.96342     0.094676            0            0            0            0            0            0            0            0            0           10       0.0675            0  
          0          0.5            0      0.68909     0.028484    0.0077132     0.020771  -4.6385e-15     -0.19329   6.0113e-05     -0.19335   1.2456e-13  -1.3818e-14   1.7484e-16  -1.3993e-14       24.192       20.082       1.2047       272.25       11.254       5.8303  -1.8326e-12       272.31       5.5614  -9.0565e-13       270.19            0            0            0        34.97      0.86845           35        2.367   9.8185e-11      -20.289  -1.0025e-11      0.14135   3.5976e-13     0.019961       59.504       85.195       393.88       0.9645     0.097405            0            0            0            0            0            0            0            0            0           10       0.0675            0  
          0            1            0      0.73062     0.031043    0.0077146     0.023328  -4.7629e-15      -0.1934   5.8088e-05     -0.19346   1.2906e-13  -1.5174e-14   1.3661e-16   -1.531e-14       23.536       20.118       1.1699       288.66       12.265       4.1775  -1.8818e-12       288.78         3.83  -7.5688e-13       286.76            0            0            0       34.968      0.86692           35       2.4329   1.0183e-10      -20.301  -1.0174e-11      0.13703   3.5188e-13     0.019485        63.05       85.045       429.26       0.9654      0.10011            0            0            0            0            0            0            0            0            0           10       0.0675            0  
          0          1.5            0      0.77204     0.033748    0.0077195     0.026028  -4.8885e-15      -0.1935   5.6418e-05     -0.19355   1.3311e-13  -1.6685e-14  -3.1532e-17  -1.6653e-14       22.877       20.101       1.1381       305.03       13.333       2.2953  -1.9314e-12       305.19       1.8883  -6.0431e-13       303.28            0            0            0       34.967      0.86764           35       2.5029   1.0513e-10      -20.311  -1.0391e-11      0.13316   3.4334e-13     0.019066       66.586       85.115       466.67      0.96616       0.1028            0            0            0            0            0            0            0            0            0           10       0.0675            0  
          0            2            0      0.81335     0.036623    0.0077534     0.028869  -5.0116e-15     -0.19358   5.5046e-05     -0.19363   1.3769e-13   -1.811e-14  -4.2054e-17  -1.8068e-14       22.209       20.029       1.1088       321.35       14.469      0.18421    -1.98e-12       321.55     -0.26323  -4.2968e-13       319.77            0            0            0       34.965      0.87074           35       2.5781   1.0886e-10       -20.32  -1.0469e-11      0.12967   3.3698e-13     0.018697        70.11       85.419       506.43      0.96679      0.10547            0            0            0            0            0            0            0            0            0           10       0.0675            0  
          0          2.5            0      0.85455     0.039673    0.0078225      0.03185   -5.136e-15     -0.19364   5.4022e-05     -0.19369   1.4168e-13  -1.9543e-14  -3.0652e-17  -1.9512e-14        21.54       19.912       1.0818       337.62       15.674      -2.1551  -2.0292e-12       337.85      -2.6238  -2.5411e-13       336.21            0            0            0       34.962      0.87588           35       2.6581   1.1213e-10      -20.326  -1.0508e-11      0.12651   3.3061e-13      0.01837       73.621       85.924       548.61      0.96731      0.10811            0            0            0            0            0            0            0            0            0           10       0.0675            0  
          0            3            0      0.89562      0.04288     0.007911     0.034969  -5.2588e-15     -0.19368   5.3166e-05     -0.19374   1.4579e-13   -2.119e-14  -1.8131e-16  -2.1009e-14       20.886       19.766       1.0567       353.85       16.942       -4.722  -2.0777e-12       354.09      -5.1927  -6.8443e-14        352.6            0            0            0        34.96      0.88232           35       2.7411   1.1552e-10      -20.331  -1.0656e-11      0.12363   3.2383e-13     0.018078       77.118       86.556       592.96      0.96776      0.11073            0            0            0            0            0            0            0            0            0           10       0.0675            0  
          0          3.5            0      0.93656      0.04624    0.0080151     0.038224  -5.3773e-15     -0.19371   5.2455e-05     -0.19376   1.4989e-13  -2.2801e-14  -2.4618e-16  -2.2555e-14       20.254       19.601       1.0333       370.03       18.269      -7.5155  -2.1245e-12       370.26      -7.9692   1.3579e-13       368.93            0            0            0       34.957      0.88975           35       2.8265    1.189e-10      -20.334  -1.0716e-11        0.121   3.1908e-13     0.017817       80.601       87.284       639.41      0.96814      0.11332            0            0            0            0            0            0            0            0            0           10       0.0675            0  
          0            4            0      0.97736      0.04975     0.008136     0.041614   -5.498e-15     -0.19372   5.1861e-05     -0.19377   1.5404e-13   -2.445e-14  -2.9918e-16  -2.4151e-14       19.646       19.422       1.0115       386.15       19.656      -10.535  -2.1722e-12       386.35      -10.952   3.6073e-13        385.2            0            0            0       34.955      0.89797           35        2.914   1.2233e-10      -20.335  -1.0746e-11      0.11857   3.1381e-13     0.017583       84.067       88.091       687.95      0.96846      0.11588            0            0            0            0            0            0            0            0            0           10       0.0675            0  
          0          4.5            0        1.018     0.053425    0.0082896     0.045135  -5.6178e-15     -0.19372   5.1407e-05     -0.19377   1.5816e-13  -2.6149e-14  -3.4286e-16  -2.5806e-14       19.055       19.226      0.99111       402.21       21.108      -13.779  -2.2195e-12       402.37      -14.142   5.9042e-13       401.41            0            0            0       34.952      0.90712           35       3.0041   1.2576e-10      -20.334  -1.0757e-11      0.11632    3.091e-13     0.017373       87.516       88.988       738.76      0.96873      0.11842            0            0            0            0            0            0            0            0            0           10       0.0675            0  
          0            5            0       1.0585     0.057264    0.0084783     0.048786  -5.7364e-15     -0.19369    5.109e-05     -0.19374   1.6199e-13  -2.7856e-14  -3.9621e-16   -2.746e-14       18.485       19.018      0.97197       418.21       22.625      -17.248  -2.2664e-12        418.3      -17.535   8.3042e-13       417.54            0            0            0       34.949      0.91705           35       3.0966   1.2896e-10      -20.332  -1.0735e-11      0.11424   3.0495e-13     0.017183       90.947       89.962       791.86      0.96897      0.12092            0            0            0            0            0            0            0            0            0           10       0.0675            0  
          0          5.5            0       1.0989     0.061286    0.0087211     0.052565  -5.8558e-15     -0.19365   5.1016e-05      -0.1937   1.6595e-13  -2.9643e-14  -4.7085e-16  -2.9172e-14        17.93       18.796      0.95396       434.15       24.214      -20.939  -2.3136e-12       434.14      -21.133   1.0784e-12        433.6            0            0            0       34.946       0.9279           35       3.1922   1.3229e-10      -20.327  -1.0711e-11       0.1123   3.0019e-13     0.017011       94.359       91.027       847.48      0.96917       0.1234            0            0            0            0            0            0            0            0            0           10       0.0675            0  
          0            6            0        1.139     0.065466    0.0089973     0.056469   -5.969e-15      -0.1936   5.1078e-05     -0.19365   1.6923e-13  -3.1506e-14  -6.1275e-16  -3.0894e-14       17.399       18.569      0.93698       450.03       25.865      -24.852  -2.3583e-12       449.89      -24.934   1.3352e-12       449.58            0            0            0       34.942      0.93921           35       3.2894   1.3508e-10      -20.321  -1.0745e-11      0.11048   2.9731e-13     0.016856       97.751       92.136       905.28      0.96935      0.12584            0            0            0            0            0            0            0            0            0           10       0.0675            0  
          0          6.5            0       1.1791     0.069803    0.0093071     0.060496  -6.0829e-15     -0.19352   5.1267e-05     -0.19357   1.7387e-13  -3.3531e-14  -7.3999e-16  -3.2791e-14       16.891       18.341      0.92094       465.83       27.579      -28.986  -2.4033e-12       465.55      -28.936   1.6277e-12       465.48            0            0            0       34.939      0.95088           35       3.3881   1.3897e-10      -20.314  -1.0736e-11      0.10877   2.9362e-13     0.016714       101.12       93.282       965.25      0.96951      0.12825            0            0            0            0            0            0            0            0            0           10       0.0675            0  
          0            7            0       1.2189     0.074307    0.0096632     0.064643     -6.2e-15     -0.19343   5.1615e-05     -0.19348   1.7734e-13  -3.5464e-14  -8.9319e-16  -3.4571e-14       16.404        18.11      0.90577       481.57       29.358      -33.339  -2.4496e-12        481.1      -33.138   1.8981e-12       481.28            0            0            0       34.935      0.96302           35       3.4886   1.4193e-10      -20.304  -1.0699e-11      0.10717   2.9073e-13     0.016585       104.47       94.472       1027.5      0.96965      0.13063            0            0            0            0            0            0            0            0            0           10       0.0675            0  
          0          7.5            0       1.2585     0.078958     0.010049     0.068908  -6.3143e-15     -0.19332   5.2077e-05     -0.19338   1.8151e-13  -3.7598e-14  -1.0774e-15  -3.6521e-14       15.939       17.882      0.89139       497.24       31.195       -37.91  -2.4947e-12       496.54       -37.54   2.2154e-12       496.99            0            0            0       34.931      0.97532           35       3.5899   1.4547e-10      -20.293  -1.0698e-11      0.10565   2.8699e-13     0.016468       107.79       95.679       1091.8      0.96978      0.13296            0            0            0            0            0            0            0            0            0           10       0.0675            0  
          0            8            0        1.298     0.083801     0.010513     0.073288  -6.4251e-15      -0.1932   5.2835e-05     -0.19325   1.8437e-13  -3.9538e-14  -1.1815e-15  -3.8357e-14       15.489       17.647      0.87773       512.83       33.109      -42.698  -2.5385e-12       511.87      -42.139   2.5125e-12        512.6            0            0            0       34.927      0.98831           35        3.694   1.4798e-10       -20.28  -1.0626e-11      0.10421   2.8373e-13      0.01636       111.09       96.954       1158.8       0.9699      0.13527            0            0            0            0            0            0            0            0            0           10       0.0675            0  
          0          8.5            0       1.3373      0.08889      0.01111      0.07778   -6.532e-15     -0.19306   5.4086e-05     -0.19311   1.8831e-13  -4.1639e-14  -1.2557e-15  -4.0383e-14       15.044       17.397      0.86475       528.34        35.12      -47.701  -2.5807e-12       527.08      -46.934   2.8183e-12        528.1            0            0            0       34.923       1.0025           35        3.803   1.5136e-10      -20.265  -1.0511e-11      0.10285   2.8043e-13     0.016262       114.37       98.345       1229.2      0.97001      0.13753            0            0            0            0            0            0            0            0            0           10       0.0675            0  
          0            9            0       1.3763     0.094232     0.011852     0.082381  -6.6448e-15      -0.1929   5.5858e-05     -0.19295   1.9201e-13  -4.3586e-14  -1.2583e-15  -4.2328e-14       14.606       17.135      0.85239       543.77        37.23      -52.918  -2.6253e-12       542.17      -51.925   3.1902e-12        543.5            0            0            0       34.918       1.0178           35       3.9167   1.5456e-10      -20.248  -1.0248e-11      0.10154   2.7961e-13     0.016172       117.62       99.849       1303.1      0.97012      0.13976            0            0            0            0            0            0            0            0            0           10       0.0675            0  
          0          9.5            0       1.4152     0.099805     0.012717     0.087088  -6.7519e-15     -0.19272   5.8067e-05     -0.19278   1.9598e-13  -4.5841e-14  -1.3404e-15    -4.45e-14       14.179       16.868      0.84061       559.12       39.432      -58.346  -2.6676e-12       557.13      -57.108   3.4963e-12       558.78            0            0            0       34.913       1.0339           35       4.0341     1.58e-10       -20.23  -1.0131e-11       0.1003   2.7653e-13      0.01609       120.84       101.43       1380.1      0.97023      0.14194            0            0            0            0            0            0            0            0            0           10       0.0675            0  
          0           10            0       1.4538      0.10584     0.013938     0.091898  -6.8576e-15     -0.19253   6.1547e-05     -0.19259   1.9951e-13  -4.7842e-14  -1.3256e-15  -4.6516e-14       13.737       16.563      0.82936       574.39       41.815      -63.985  -2.7094e-12       571.97      -62.484   3.8696e-12       573.94            0            0            0       34.908        1.053           35       4.1637   1.6108e-10      -20.209  -9.8211e-12     0.099111   2.7415e-13     0.016014       124.03        103.3       1463.5      0.97034      0.14409            0            0            0            0            0            0            0            0            0           10       0.0675            0  
          0         10.5            0       1.4922      0.11245     0.015637     0.096808  -6.9607e-15     -0.19232   6.6742e-05     -0.19238   2.0221e-13  -4.9856e-14  -1.3583e-15  -4.8497e-14       13.271       16.211      0.81862       589.57       44.426      -69.833  -2.7501e-12       586.67      -68.049   4.2041e-12       588.98            0            0            0       34.901       1.0758           35       4.3093   1.6353e-10      -20.187  -9.5845e-12     0.097968   2.7077e-13     0.015944        127.2       105.54       1554.9      0.97045      0.14619            0            0            0            0            0            0            0            0            0           10       0.0675            0  
          0           11            0       1.5304      0.11967      0.01786      0.10181  -7.0669e-15     -0.19209   7.3821e-05     -0.19216   2.0604e-13  -5.1026e-14  -2.2924e-16  -5.0797e-14       12.788        15.82      0.80834       604.66       47.282      -75.888  -2.7921e-12       601.23      -73.804   4.6193e-12       603.89            0            0            0       34.893       1.1024           35       4.4712   1.6691e-10      -20.163  -8.4843e-12      0.09687   2.6784e-13     0.015879       130.33       108.14       1654.9      0.97057      0.14825            0            0            0            0            0            0            0            0            0           10       0.0675            0  
          0         11.5            0       1.5684      0.12837     0.021457      0.10691  -7.1715e-15     -0.19184   8.5846e-05     -0.19192   2.0846e-13  -5.1822e-14   8.6785e-16   -5.269e-14       12.218       15.301      0.79849       619.66       50.718      -82.147  -2.8334e-12       615.64      -79.744   4.9899e-12       618.67            0            0            0       34.883       1.1398           35       4.6792   1.6913e-10      -20.137  -7.2625e-12     0.095811   2.6646e-13      0.01582       133.43       111.82       1775.1       0.9707      0.15027            0            0            0            0            0            0            0            0            0           10       0.0675            0  
