T75_HTP&VTP_detail
T1-46.9 m/s-LLT-x0.155m
Freestream speed = 46.900 m/s


 Ctrl        Alpha        Beta         CL           CD           CD_viscous   CD_induced   CY           Cm           Cm_viscous   Cm_pressure  Cl           Cn           Cn_viscous   Cn_pressure  CL/CD        CL^(3/2)/CD  1/sqrt(CL)   Lift_(N)     Drag_(N)     Fx_FF_(N)    Fy_FF_(N)    Fz_FF_(N)    Fx_sum_(N)   Fy_sum_(N)   Fz_sum_(N)   Extra_drag_(N)  Fuse_drag_(N)  Cf_Fuse      Vx_(m/s)     Vz_(m/s)     V_(m/s)      Gamma        L_(N.m)      M_(N.m)      N_(N.m)      CPx_(m)      CPy_(m)      CPz_(m)      BM_(N.m)     m.g.Vz_(W)   Drag_x_V_(W)  Efficiency   XCp.Cl       XNP_(m)      Phugoid_Freq._(Hz)  Phugoid_Damping  Short_Period_Freq._(Hz)  Short_Period_Damping_Ratio  Dutch_Roll_Freq._(Hz)  Dutch_Roll_Damping  Roll_Damping  Spiral_Damping  Mass_(kg)    CoG_x_(m)    CoG_z_(m)    
          0          -12            0     -0.90243     0.068923     0.015569     0.053354            0     0.025632     0.006011     0.019621   1.0377e-17    3.364e-19   3.5023e-20   3.0138e-19      -13.093      -12.438            0      -411.25       31.409      -61.722            0      -407.32            0            0            0            0            0            0       46.764      -6.0602         46.9      -4.3674   6.1761e-15       3.0253   2.0021e-16      0.06232            0            0      -59.916      -7134.1       1473.1      0.96354    -0.056239            0            0            0            0            0            0            0            0            0          120        0.155            0  
          0        -11.5            0     -0.86562     0.063984     0.014964      0.04902            0     0.023434    0.0057774     0.017657   7.8451e-18   4.7459e-19   1.7901e-19   2.9558e-19      -13.529      -12.587            0      -394.48       29.159      -56.756            0      -391.01            0            0            0            0            0            0       46.772      -5.9886         46.9      -4.2274   4.6691e-15        2.766   2.8246e-16     0.062323            0            0      -57.374      -7049.8       1367.5      0.96492    -0.053948            0            0            0            0            0            0            0            0            0          120        0.155            0  
          0          -11            0     -0.82549     0.058937     0.014343     0.044594            0     0.020406    0.0055377     0.014869   6.8904e-18   2.0834e-19   1.3879e-19   6.9548e-20      -14.006      -12.726            0      -376.19       26.858      -51.832            0      -373.16            0            0            0            0            0            0       46.781      -5.9234         46.9      -4.0838   4.1009e-15       2.4086     1.24e-16     0.062056            0            0      -54.707        -6973       1259.7      0.96462    -0.051227            0            0            0            0            0            0            0            0            0          120        0.155            0  
          0        -10.5            0     -0.78541     0.054013     0.013653      0.04036            0     0.017399    0.0052715     0.012127   1.4113e-18   1.6319e-19   1.2842e-19   3.4774e-20      -14.541      -12.887            0      -357.93       24.615      -47.142            0      -355.28            0            0            0            0            0            0       46.789      -5.8493         46.9       -3.934   8.3995e-16       2.0536   9.7126e-17     0.061742            0            0      -52.039      -6885.8       1154.4      0.96484    -0.048493            0            0            0            0            0            0            0            0            0          120        0.155            0  
          0          -10            0     -0.74492     0.049315     0.013008     0.036308            0      0.01442    0.0050223    0.0093976   4.0678e-18   1.9926e-19   1.2971e-19   6.9548e-20      -15.105      -13.037            0      -339.47       22.474      -42.654            0      -337.19            0            0            0            0            0            0       46.798      -5.7819         46.9      -3.7876    2.421e-15        1.702   1.1859e-16     0.061352            0            0      -49.336      -6806.5         1054      0.96477    -0.045702            0            0            0            0            0            0            0            0            0          120        0.155            0  
          0         -9.5            0     -0.70371     0.044876      0.01246     0.032415            0     0.011429    0.0048109     0.006618   7.7206e-18   3.3033e-19   8.6908e-20   2.4342e-19      -15.681      -13.155            0      -320.69       20.451       -38.36            0      -318.73            0            0            0            0            0            0       46.805      -5.7302         46.9      -3.6488    4.595e-15        1.349    1.966e-16     0.060868            0            0       -46.61      -6745.6       959.13      0.96436    -0.042833            0            0            0            0            0            0            0            0            0          120        0.155            0  
          0           -9            0     -0.66196     0.040671      0.01196      0.02871            0    0.0084525    0.0046179    0.0038346   5.6867e-18   2.8827e-19   1.4917e-19    1.391e-19      -16.276      -13.242            0      -301.67       18.534      -34.269            0         -300            0            0            0            0            0            0       46.812      -5.6922         46.9      -3.5158   3.3845e-15      0.99766   1.7157e-16     0.060271            0            0      -43.869      -6700.9       869.26      0.96347    -0.039898            0            0            0            0            0            0            0            0            0          120        0.155            0  
          0         -8.5            0     -0.62133     0.036733     0.011435     0.025298            0    0.0058918    0.0044151    0.0014766   4.1509e-18   3.1885e-19   1.4787e-19   1.7097e-19      -16.915      -13.333            0      -283.15        16.74       -30.45            0      -281.74            0            0            0            0            0            0       46.818      -5.6537         46.9      -3.3834   2.4704e-15      0.69541   1.8977e-16     0.059717            0            0      -41.176      -6655.5       785.11       0.9633    -0.037104            0            0            0            0            0            0            0            0            0          120        0.155            0  
          0           -8            0     -0.57983     0.033001     0.010944     0.022057            0    0.0032277    0.0042256   -0.0009979   1.5358e-18   1.4302e-19   5.3183e-20   8.9833e-20       -17.57      -13.379            0      -264.24       15.039      -26.821            0      -263.06            0            0            0            0            0            0       46.824      -5.6342         46.9      -3.2575   9.1406e-16      0.38097   8.5118e-17     0.058976            0            0      -38.436      -6632.6       705.34      0.96218    -0.034196            0            0            0            0            0            0            0            0            0          120        0.155            0  
          0         -7.5            0     -0.53798     0.029512     0.010485     0.019026            0   0.00061616    0.0040483   -0.0034322   3.9848e-18   2.1411e-19   8.9503e-20   1.2461e-19      -18.229      -13.371            0      -245.16       13.449      -23.404            0       -244.2            0            0            0            0            0            0        46.83      -5.6377         46.9      -3.1399   2.3716e-15     0.072726   1.2743e-16     0.058097            0            0      -35.707      -6636.7       630.75      0.96023    -0.031255            0            0            0            0            0            0            0            0            0          120        0.155            0  
          0           -7            0     -0.49723     0.026307     0.010015     0.016292            0   -0.0015077     0.003867   -0.0053746   2.5943e-18   1.9341e-19   3.1131e-20   1.6228e-19      -18.901      -13.328            0       -226.6       11.989      -20.246            0      -225.81            0            0            0            0            0            0       46.834      -5.6557         46.9      -3.0285    1.544e-15     -0.17795   1.1511e-16     0.057256            0            0      -33.052      -6657.9       562.27      0.95798     -0.02847            0            0            0            0            0            0            0            0            0          120        0.155            0  
          0         -6.5            0     -0.45756     0.023372    0.0095425      0.01383            0   -0.0031965    0.0036844   -0.0068809   3.8395e-18   8.3707e-20   8.9503e-20  -5.7957e-21      -19.577      -13.243            0      -208.52       10.651      -17.343            0      -207.89            0            0            0            0            0            0       46.839      -5.6922         46.9      -2.9241   2.2852e-15     -0.37729    4.982e-17     0.056442            0            0      -30.462      -6700.8       499.54      0.95563    -0.025826            0            0            0            0            0            0            0            0            0          120        0.155            0  
          0           -6            0     -0.41915     0.020706    0.0090696     0.011636            0   -0.0043967    0.0035018   -0.0078985   3.6527e-18   1.4372e-19   8.4314e-20   5.9406e-20      -20.243      -13.106            0      -191.01       9.4359      -14.693            0      -190.52            0            0            0            0            0            0       46.843      -5.7515         46.9       -2.828    2.174e-15     -0.51894   8.5537e-17     0.055765            0            0      -27.952      -6770.7       442.54      0.95311    -0.023374            0            0            0            0            0            0            0            0            0          120        0.155            0  
          0         -5.5            0     -0.38207     0.018271    0.0085746    0.0096967            0   -0.0051007    0.0033107   -0.0084114   1.3283e-18   1.2366e-19   7.0046e-20    5.361e-20      -20.911      -12.925            0      -174.11       8.3265       -12.29            0      -173.74            0            0            0            0            0            0       46.846      -5.8319         46.9      -2.7379   7.9054e-16     -0.60204   7.3596e-17     0.055261            0            0      -25.528      -6865.3       390.52      0.95031    -0.021114            0            0            0            0            0            0            0            0            0          120        0.155            0  
          0           -5            0     -0.34658     0.016039     0.008037    0.0080023            0   -0.0052617    0.0031031   -0.0083648   3.3622e-18    1.167e-19   4.2806e-20   7.3895e-20      -21.608      -12.721            0      -157.94       7.3094      -10.133            0      -157.66            0            0            0            0            0            0        46.85      -5.9257         46.9      -2.6497   2.0011e-15     -0.62104   6.9456e-17        0.055            0            0      -23.205      -6975.7       342.81      0.94753    -0.019062            0            0            0            0            0            0            0            0            0          120        0.155            0  
          0         -4.5            0     -0.31344     0.013983    0.0074303    0.0065526            0   -0.0047095    0.0028688   -0.0075784    7.264e-19   1.2199e-19   8.4314e-20   3.7672e-20      -22.416       -12.55            0      -142.84       6.3722      -8.2302            0      -142.63            0            0            0            0            0            0       46.853      -6.0064         46.9      -2.5543   4.3233e-16     -0.55587   7.2602e-17      0.05528            0            0      -20.996      -7070.7       298.86      0.94646    -0.017327            0            0            0            0            0            0            0            0            0          120        0.155            0  
          0           -4            0     -0.28073     0.012077    0.0068154    0.0052616            0   -0.0039689    0.0026314   -0.0066003   1.5981e-18   4.1929e-20   4.4103e-20  -2.1734e-21      -23.245      -12.316            0      -127.93       5.5037      -6.5321            0      -127.79            0            0            0            0            0            0       46.857      -6.1205         46.9      -2.4634   9.5112e-16     -0.46845   2.4955e-17     0.055709            0            0      -18.813        -7205       258.12      0.94548    -0.015639            0            0            0            0            0            0            0            0            0          120        0.155            0  
          0         -3.5            0     -0.24893     0.010337    0.0062035    0.0041339            0   -0.0028779    0.0023952   -0.0052731    1.982e-18   4.9326e-20   4.2806e-20   6.5201e-21      -24.081      -12.015            0      -113.44       4.7109      -5.0451            0      -113.35            0            0            0            0            0            0        46.86      -6.2739         46.9      -2.3779   1.1796e-15     -0.33968   2.9357e-17       0.0566            0            0      -16.671      -7385.7       220.94      0.94626    -0.014089            0            0            0            0            0            0            0            0            0          120        0.155            0  
          0           -3            0     -0.21663     0.008835    0.0057097    0.0031253            0   -0.0017274    0.0022045    -0.003932   1.5669e-18   8.2034e-20    6.356e-20   1.8474e-20      -24.519      -11.412            0      -98.721       4.0263      -3.7444            0       -98.66            0            0            0            0            0            0       46.861      -6.6052         46.9      -2.3355   9.3259e-16     -0.20389   4.8824e-17     0.057643            0            0      -14.471      -7775.6       188.83      0.94787    -0.012487            0            0            0            0            0            0            0            0            0          120        0.155            0  
          0         -2.5            0     -0.18236    0.0076346    0.0054221    0.0022124            0  -0.00089256    0.0020935    -0.002986   1.0377e-19    7.895e-20   7.1343e-20   7.6068e-21      -23.887      -10.201            0      -83.107       3.4792      -2.6178            0      -83.072            0            0            0            0            0            0       46.859      -7.3896         46.9      -2.3972   6.1761e-17     -0.10535   4.6988e-17     0.058344            0            0      -12.158      -8699.1       163.17       0.9489     -0.01064            0            0            0            0            0            0            0            0            0          120        0.155            0  
          0           -2            0     -0.14637    0.0066962    0.0052675    0.0014287            0  -0.00037281    0.0020338   -0.0024066   1.0273e-18   4.6575e-20   4.9291e-20  -2.7167e-21      -21.859      -8.3628            0      -66.704       3.0516      -1.6772            0      -66.686            0            0            0            0            0            0       46.851      -9.0136         46.9      -2.6194   6.1143e-16    -0.044003    2.772e-17     0.058618            0            0      -9.7523       -10611       143.12      0.94659     -0.00858            0            0            0            0            0            0            0            0            0          120        0.155            0  
          0         -1.5            0     -0.10972    0.0059733    0.0051677   0.00080562            0   4.2054e-05    0.0019953   -0.0019532   1.2816e-18   8.1816e-20   7.3937e-20   7.8785e-21      -18.369      -6.0845            0      -50.002       2.7221      -0.9419            0      -49.995            0            0            0            0            0            0       46.831      -12.389         46.9      -3.1161   7.6275e-16    0.0049636   4.8694e-17     0.058539            0            0      -7.3087       -14584       127.67      0.94333    -0.006423            0            0            0            0            0            0            0            0            0          120        0.155            0  
          0           -1            0    -0.072855    0.0054569    0.0050984   0.00035851            0   0.00051779    0.0019685   -0.0014507   6.2782e-19   3.3214e-20   3.1131e-20   2.0828e-21      -13.351      -3.6037            0      -33.201       2.4868     -0.41609            0      -33.199            0            0            0            0            0            0       46.769      -20.917         46.9      -4.2835   3.7365e-16     0.061116   1.9768e-17     0.058402            0            0      -4.8536       -24624       116.63      0.93461   -0.0042549            0            0            0            0            0            0            0            0            0          120        0.155            0  
          0         -0.5            0    -0.036055    0.0051428    0.0050524    9.034e-05            0    0.0011441    0.0019507  -0.00080666   3.3466e-19   5.4865e-20    5.448e-20   3.8487e-22      -7.0108      -1.3312            0      -16.431       2.3436     -0.10222            0      -16.431            0            0            0            0            0            0        46.43      -56.624         46.9      -8.1178   1.9918e-16      0.13504   3.2654e-17     0.066103            0            0      -2.4043       -66658       109.92      0.90836   -0.0023833            0            0            0            0            0            0            0            0            0          120        0.155            0  
          0            0            0   0.00055373    0.0050259    0.0050259   -5.589e-08            0    0.0019534    0.0019405   1.2902e-05  -3.9117e-21    3.632e-20    3.632e-20  -3.7827e-25      0.11018    0.0025926       42.496      0.25235       2.2904   -2.547e-05            0      0.25235            0            0            0            0            0            0       5.1362        29074         46.9       83.713  -2.3281e-18      0.23056   2.1616e-17     0.086395            0            0     0.033981   3.4226e+07       107.42     -0.34632    4.784e-05            0            0            0            0            0            0            0            0            0          120        0.155            0  
          0          0.5            0     0.037165     0.005139    0.0050533   8.5712e-05            0    0.0028516    0.0019511   0.00090052  -5.7074e-20   6.5038e-20   6.4857e-20   1.8112e-22        7.232       1.3942       5.1872       16.937       2.3419     -0.10874            0       16.936            0            0            0            0            0            0       46.458       54.066         46.9       7.8726  -3.3969e-17      0.33657   3.8708e-17     0.065442            0            0       2.4724        63647       109.84       1.0173    0.0024321            0            0            0            0            0            0            0            0            0          120        0.155            0  
          0            1            0     0.073971    0.0054495    0.0051001   0.00034934            0    0.0037135    0.0019692    0.0017443  -5.3961e-19   4.0363e-20   3.8914e-20   1.4489e-21       13.574       3.6918       3.6768        33.71       2.4834     -0.42914            0       33.708            0            0            0            0            0            0       46.773       20.418         46.9       4.2134  -3.2116e-16      0.43831   2.4023e-17     0.058409            0            0       4.9221        24036       116.47      0.98875    0.0043206            0            0            0            0            0            0            0            0            0          120        0.155            0  
          0          1.5            0      0.11084    0.0059623    0.0051705   0.00079178            0    0.0045862    0.0019963    0.0025899   -7.264e-19   5.6653e-20    5.448e-20   2.1734e-21        18.59       6.1889       3.0037        50.51       2.7171      -0.9615            0       50.502            0            0            0            0            0            0       46.832        12.18         46.9       3.0791  -4.3233e-16      0.54131   3.3718e-17     0.058544            0            0        7.377        14338       127.43      0.97942    0.0064889            0            0            0            0            0            0            0            0            0          120        0.155            0  
          0            2            0       0.1475    0.0066813     0.005272    0.0014093            0    0.0055639    0.0020355    0.0035284  -2.0132e-18   7.0716e-20   5.9668e-20   1.1048e-20       22.077       8.4789       2.6038        67.22       3.0448      -1.7041            0       67.201            0            0            0            0            0            0       46.852       8.8902         46.9       2.5935  -1.1982e-15      0.65671   4.2088e-17     0.058613            0            0       9.8218        10466        142.8      0.97456    0.0086455            0            0            0            0            0            0            0            0            0          120        0.155            0  
          0          2.5            0      0.18342    0.0076172    0.0054283     0.002189            0    0.0068116    0.0020959    0.0047158  -1.2453e-18    5.221e-20    1.816e-20    3.405e-20       24.079       10.313        2.335       83.587       3.4713      -2.6494            0       83.551            0            0            0            0            0            0        46.86       7.3094         46.9       2.3781  -7.4113e-16      0.80398   3.1073e-17     0.058332            0            0       12.223       8604.7        162.8      0.97018     0.010699            0            0            0            0            0            0            0            0            0          120        0.155            0  
          0            3            0      0.21772    0.0088146    0.0057209    0.0030938            0    0.0085883    0.0022088    0.0063795  -8.7168e-19   6.2763e-20    3.632e-20   2.6443e-20         24.7       11.525       2.1432       99.217        4.017      -3.7847            0       99.155            0            0            0            0            0            0       46.862       6.5406         46.9       2.3184  -5.1879e-16       1.0137   3.7354e-17     0.057615            0            0       14.539       7699.6        188.4      0.96717     0.012544            0            0            0            0            0            0            0            0            0          120        0.155            0  
          0          3.5            0      0.24992      0.01032    0.0062236     0.004096            0     0.010915     0.002403    0.0085117  -1.2453e-18   1.2246e-19   1.0507e-19   1.7387e-20       24.218       12.107       2.0003       113.89       4.7028      -5.0898            0       113.79            0            0            0            0            0            0        46.86       6.2262         46.9       2.3645  -7.4113e-16       1.2883   7.2881e-17     0.056562            0            0       16.733       7329.5       220.56      0.96258     0.014136            0            0            0            0            0            0            0            0            0          120        0.155            0  
          0            4            0      0.28124     0.012079    0.0068758    0.0052029            0     0.013471    0.0026547     0.010816  -2.6565e-18   7.9719e-20   4.9291e-20   3.0427e-20       23.284       12.348       1.8856       128.17       5.5045      -6.5752            0       128.02            0            0            0            0            0            0       46.857       6.1044         46.9       2.4592  -1.5811e-15       1.5899   4.7446e-17      0.05556            0            0       18.856       7186.2       258.16      0.95968     0.015626            0            0            0            0            0            0            0            0            0          120        0.155            0  
          0          4.5            0      0.31322     0.014007    0.0075454    0.0064619            0     0.015861    0.0029133     0.012948  -6.0187e-19   1.4905e-19    6.356e-20   8.5486e-20       22.361       12.515       1.7868       142.74       6.3834      -8.2635            0       142.53            0            0            0            0            0            0       46.853       6.0233         46.9       2.5606  -3.5821e-16       1.8721   8.8707e-17     0.054962            0            0        20.99       7090.6       299.38      0.95839     0.017215            0            0            0            0            0            0            0            0            0          120        0.155            0  
          0            5            0      0.34719     0.016027    0.0080963    0.0079306            0     0.017798     0.003126     0.014672  -4.6697e-18   1.4554e-19   6.8748e-20   7.6793e-20       21.663       12.764       1.6971       158.22       7.3038      -10.189            0       157.93            0            0            0            0            0            0        46.85       5.9055         46.9        2.643  -2.7792e-15       2.1007   8.6621e-17     0.054885            0            0       23.231         6952       342.55      0.95946     0.019055            0            0            0            0            0            0            0            0            0          120        0.155            0  
          0          5.5            0      0.38299     0.018244    0.0086139    0.0096304            0     0.019284    0.0033258     0.015958  -2.3452e-18   1.6425e-19   1.1934e-19   4.4917e-20       20.992       12.992       1.6159       174.54       8.3142       -12.36            0       174.15            0            0            0            0            0            0       46.847       5.8022         46.9       2.7273  -1.3958e-15       2.2761   9.7758e-17     0.055218            0            0       25.576       6830.3       389.94      0.96149     0.021148            0            0            0            0            0            0            0            0            0          120        0.155            0  
          0            6            0      0.42011     0.020665    0.0090979     0.011567            0     0.020445    0.0035127     0.016932  -3.2169e-18   1.7332e-19   1.0377e-19   6.9548e-20        20.33       13.177       1.5428       191.45       9.4174       -14.77            0       190.95            0            0            0            0            0            0       46.843       5.7206         46.9       2.8161  -1.9146e-15       2.4131   1.0315e-16     0.055755            0            0       28.009       6734.3       441.68      0.96319     0.023423            0            0            0            0            0            0            0            0            0          120        0.155            0  
          0          6.5            0       0.4585     0.023326    0.0095722     0.013754            0     0.021308    0.0036958     0.017612  -1.7849e-18     1.29e-19   7.3937e-20   5.5059e-20       19.656        13.31       1.4768       208.95        10.63      -17.426            0       208.31            0            0            0            0            0            0       46.839       5.6634         46.9       2.9124  -1.0623e-15       2.5149   7.6774e-17     0.056437            0            0       30.516       6666.9       498.55      0.96488     0.025876            0            0            0            0            0            0            0            0            0          120        0.155            0  
          0            7            0      0.49839      0.02626     0.010038     0.016222            0     0.021823    0.0038756     0.017947  -3.2584e-18   1.1906e-19   3.5023e-20   8.4037e-20       18.979       13.399       1.4165       227.13       11.967      -20.342            0       226.33            0            0            0            0            0            0       46.835       5.6258         46.9       3.0161  -1.9393e-15       2.5758   7.0861e-17     0.057268            0            0       33.119       6622.7       561.26      0.96659     0.028542            0            0            0            0            0            0            0            0            0          120        0.155            0  
          0          7.5            0      0.53923     0.029464     0.010499     0.018965            0     0.022126    0.0040537     0.018072  -5.3961e-18   7.7828e-21   7.7828e-21            0       18.301       13.439       1.3618       245.74       13.427      -23.506            0       244.76            0            0            0            0            0            0        46.83        5.609         46.9       3.1276  -3.2116e-15       2.6115   4.6321e-18     0.058127            0            0       35.782       6602.9       629.74      0.96783     0.031344            0            0            0            0            0            0            0            0            0          120        0.155            0  
          0            8            0      0.58108     0.032954     0.010961     0.021993            0     0.022207    0.0042322     0.017975  -1.7849e-18   3.4001e-19     9.08e-20   2.4921e-19       17.633       13.441       1.3118       264.81       15.018      -26.929            0       263.63            0            0            0            0            0            0       46.825       5.6079         46.9       3.2459  -1.0623e-15       2.6211   2.0236e-16     0.059002            0            0        38.51       6601.7       704.33      0.96917     0.034285            0            0            0            0            0            0            0            0            0          120        0.155            0  
          0          8.5            0      0.62246     0.036684     0.011458     0.025227            0     0.022447    0.0044239     0.018023  -2.8641e-18   1.0937e-19   3.1131e-20   7.8242e-20       16.968       13.387       1.2675       283.66       16.718      -30.558            0       282.25            0            0            0            0            0            0       46.819       5.6308         46.9       3.3728  -1.7046e-15       2.6494   6.5095e-17     0.059726            0            0        41.24       6628.6       784.06      0.96954     0.037177            0            0            0            0            0            0            0            0            0          120        0.155            0  
          0            9            0      0.66321     0.040616     0.011982     0.028633            0     0.022909    0.0046264     0.018282  -7.6376e-18   4.8695e-19   1.9717e-19   2.8978e-19       16.329       13.298       1.2279       302.24       18.509      -34.392            0       300.56            0            0            0            0            0            0       46.812       5.6685         46.9       3.5045  -4.5456e-15       2.7039   2.8982e-16     0.060284            0            0       43.941         6673       868.09      0.96969     0.039981            0            0            0            0            0            0            0            0            0          120        0.155            0  
          0          9.5            0      0.70494     0.044819     0.012478     0.032341            0     0.023164    0.0048177     0.018347   -5.064e-18   4.0269e-19   2.1143e-19   1.9126e-19       15.729       13.206        1.191       321.25       20.425      -38.486            0       319.28            0            0            0            0            0            0       46.805        5.708         46.9       3.6379  -3.0139e-15       2.7341   2.3967e-16     0.060885            0            0       46.682       6719.4       957.91      0.96997      0.04292            0            0            0            0            0            0            0            0            0          120        0.155            0  
          0           10            0       0.7462     0.049253     0.013024     0.036229            0     0.023586    0.0050286     0.018557  -3.0301e-18   1.8933e-19     9.08e-20   9.8527e-20        15.15       13.087       1.1576       340.06       22.446      -42.791            0       337.76            0            0            0            0            0            0       46.798       5.7597         46.9       3.7764  -1.8034e-15       2.7838   1.1268e-16     0.061372            0            0       49.413       6780.4       1052.7      0.97019     0.045796            0            0            0            0            0            0            0            0            0          120        0.155            0  
          0         10.5            0       0.7866     0.053954     0.013672     0.040282            0     0.024237    0.0052789     0.018958  -2.8641e-18    3.624e-19   1.5955e-19   2.0285e-19       14.579        12.93       1.1275       358.47       24.588      -47.276            0       355.81            0            0            0            0            0            0        46.79       5.8296         46.9       3.9238  -1.7046e-15       2.8607   2.1569e-16     0.061758            0            0        52.11       6862.6       1153.2      0.96964     0.048579            0            0            0            0            0            0            0            0            0          120        0.155            0  
          0           11            0      0.82679      0.05887     0.014359     0.044511            0     0.025019    0.0055441     0.019475  -8.7168e-18   3.0971e-19   1.7641e-19    1.333e-19       14.044        12.77       1.0998       376.78       26.828      -51.981            0       373.73            0            0            0            0            0            0       46.782       5.9028         46.9       4.0728  -5.1879e-15        2.953   1.8433e-16     0.062073            0            0       54.786       6948.7       1258.2      0.96945     0.051321            0            0            0            0            0            0            0            0            0          120        0.155            0  
          0         11.5            0      0.86664     0.063917     0.014977      0.04894            0     0.025914    0.0057827     0.020131  -1.1249e-17   3.5879e-20   6.4857e-20  -2.8978e-20       13.559       12.622       1.0742       394.94       29.128      -56.884            0       391.46            0            0            0            0            0            0       46.773       5.9718         46.9       4.2181  -6.6949e-15       3.0586   2.1354e-17     0.062331            0            0       57.435         7030       1366.1      0.96878     0.054019            0            0            0            0            0            0            0            0            0          120        0.155            0  
          0           12            0      0.90314     0.068836     0.015583     0.053253            0     0.027585    0.0060167     0.021569  -6.5999e-18   9.5657e-20   4.9291e-20   4.6365e-20        13.12       12.469       1.0523       411.58        31.37      -61.834            0       407.63            0            0            0            0            0            0       46.764       6.0455         46.9       4.3586   -3.928e-15       3.2559   5.6932e-17      0.06231            0            0       59.963       7116.8       1471.2      0.96688     0.056275            0            0            0            0            0            0            0            0            0          120        0.155            0  
          0         12.5            0      0.93123     0.073239     0.016363     0.056877            0     0.031179    0.0063176     0.024861  -3.9018e-18  -5.0806e-19   9.4691e-20  -6.0275e-19       12.715        12.27       1.0363       424.38       33.376      -66.547            0       419.93            0            0            0            0            0            0       46.756       6.1434         46.9       4.4969  -2.3222e-15       3.6801  -3.0238e-16     0.061683            0            0        62.12         7232       1565.3      0.96247     0.057441            0            0            0            0            0            0            0            0            0          120        0.155            0  
          0           13            0      0.95661     0.077355     0.017069     0.060286            0     0.035457    0.0065903     0.028866  -6.1018e-18   6.8196e-19     9.08e-20   5.9116e-19       12.367       12.095       1.0224       435.94       35.252      -71.297            0       430.95            0            0            0            0            0            0       46.747       6.2321         46.9       4.6231  -3.6316e-15        4.185   4.0588e-16     0.060854            0            0       64.057       7336.4       1653.3      0.95821     0.058214            0            0            0            0            0            0            0            0            0          120        0.155            0  
          0         13.5            0      0.98121     0.081397     0.017694     0.063702            0     0.039933    0.0068318     0.033102  -5.1055e-18   9.2521e-19   6.7451e-20   8.5776e-19       12.055       11.941       1.0095       447.15       37.094      -76.157            0       441.57            0            0            0            0            0            0       46.739       6.3127         46.9       4.7422  -3.0386e-15       4.7134   5.5065e-16     0.059996            0            0       65.919       7431.3       1739.7      0.95405     0.058868            0            0            0            0            0            0            0            0            0          120        0.155            0  
          0           14            0        1.004     0.085307     0.018369     0.066938            0     0.044793    0.0070923       0.0377  -5.5621e-18   1.0609e-18   1.3361e-19   9.2731e-19        11.77       11.794      0.99798       457.56       38.876      -81.096            0       451.35            0            0            0            0            0            0       46.732       6.3915         46.9       4.8563  -3.3104e-15       5.2869   6.3142e-16     0.059049            0            0       67.623         7524       1823.3       0.9507     0.059288            0            0            0            0            0            0            0            0            0          120        0.155            0  
          0         14.5            0       1.0252     0.089349     0.019223     0.070127            0      0.04985     0.007422     0.042428   4.1509e-19   6.0513e-19   1.5306e-19   4.5206e-19       11.474       11.617      0.98764       467.19       40.718      -86.036            0       460.31            0            0            0            0            0            0       46.723       6.4884         46.9        4.981   2.4704e-16       5.8839   3.6015e-16     0.058086            0            0       69.275       7638.2       1909.7      0.94608     0.059549            0            0            0            0            0            0            0            0            0          120        0.155            0  
          0           15            0       1.0464     0.093351     0.020082     0.073269            0     0.054866    0.0077537     0.047112  -1.0045e-17   7.8051e-19   3.8914e-21   7.7662e-19       11.209       11.466      0.97759       476.85       42.541      -91.166            0       469.24            0            0            0            0            0            0       46.714       6.5741         46.9       5.0981  -5.9785e-15       6.4759   4.6453e-16     0.057157            0            0       70.811       7739.1       1995.2      0.94333     0.059807            0            0            0            0            0            0            0            0            0          120        0.155            0  
          0         15.5            0        1.069      0.09754     0.020866     0.076673            0     0.059443    0.0080565     0.051387  -8.7168e-18   6.2823e-19   1.4139e-19   4.8684e-19        10.96       11.332      0.96717       487.18        44.45      -96.523            0        478.8            0            0            0            0            0            0       46.706       6.6518         46.9       5.2133  -5.1879e-15       7.0161    3.739e-16     0.056386            0            0       72.424       7830.5       2084.7      0.94091     0.060279            0            0            0            0            0            0            0            0            0          120        0.155            0  
          0           16            0       1.0914      0.10183     0.021759     0.080068            0     0.063906    0.0084013     0.055505  -6.9734e-18    1.723e-19   3.2299e-19  -1.5069e-19       10.718       11.197      0.95721       497.37       46.405      -102.02            0       488.16            0            0            0            0            0            0       46.697       6.7319         46.9       5.3302  -4.1503e-15       7.5429   1.0255e-16     0.055668            0            0       74.005       7924.8       2176.4      0.93911     0.060757            0            0            0            0            0            0            0            0            0          120        0.155            0  
          0         16.5            0       1.1134      0.10632     0.022759     0.083563            0     0.068138    0.0087873     0.059351  -3.9018e-18  -5.2589e-19   1.2323e-19  -6.4912e-19       10.472       11.049      0.94773       507.38       48.453      -107.59            0        497.3            0            0            0            0            0            0       46.688       6.8222         46.9        5.455  -2.3222e-15       8.0424  -3.1299e-16     0.055035            0            0       75.616       8031.1       2272.4       0.9364     0.061274            0            0            0            0            0            0            0            0            0          120        0.155            0  
          0           17            0       1.1328      0.11076      0.02406     0.086698            0     0.072637    0.0092897     0.063347  -1.5939e-17   1.9249e-18  -2.6591e-19   2.1908e-18       10.227       10.885      0.93957       516.22       50.474      -113.15            0       505.22            0            0            0            0            0            0       46.677       6.9249         46.9       5.5844  -9.4865e-15       8.5734   1.1456e-15      0.05433            0            0       77.017         8152       2367.2      0.93429     0.061543            0            0            0            0            0            0            0            0            0          120        0.155            0  
          0         17.5            0       1.1529      0.11528      0.02536     0.089923            0     0.076817    0.0097915     0.067026            0    1.795e-19   2.4905e-19  -6.9548e-20           10       10.737      0.93135       525.38       52.536       -118.9            0       513.38            0            0            0            0            0            0       46.667       7.0203         46.9       5.7105            0       9.0668   1.0683e-16     0.053718            0            0       78.436       8264.2       2463.9      0.93301      0.06193            0            0            0            0            0            0            0            0            0          120        0.155            0  
          0           18            0       1.1723      0.12001     0.026774     0.093237            0     0.080691     0.010337     0.070354  -2.4075e-18   1.0476e-18   2.5943e-19   7.8821e-19       9.7683       10.576      0.92359       534.24       54.691      -124.68            0       521.22            0            0            0            0            0            0       46.656        7.127         46.9       5.8451  -1.4329e-15       9.5241   6.2352e-16     0.053195            0            0       79.869         8390         2565      0.93047     0.062361            0            0            0            0            0            0            0            0            0          120        0.155            0  
          0         18.5            0       1.1883      0.12488     0.028682       0.0962            0     0.084453     0.011074     0.073378   -5.064e-18  -2.1329e-20   4.4233e-19  -4.6365e-19       9.5151       10.372      0.91737       541.51       56.911      -130.25            0       527.44            0            0            0            0            0            0       46.643       7.2675         46.9       5.9996  -3.0139e-15        9.968  -1.2695e-17     0.052681            0            0       81.169       8555.3       2669.1      0.92652     0.062599            0            0            0            0            0            0            0            0            0          120        0.155            0  
          0           19            0       1.2023      0.12997     0.030987     0.098987            0     0.087888     0.011964     0.075924  -1.0211e-17   7.1008e-19   6.0966e-20   6.4912e-19       9.2499       10.142      0.91201       547.89       59.232      -135.72            0       532.72            0            0            0            0            0            0       46.628       7.4322         46.9       6.1702  -6.0773e-15       10.373   4.2262e-16      0.05224            0            0       82.361       8749.1         2778      0.92176     0.062805            0            0            0            0            0            0            0            0            0          120        0.155            0  
          0         19.5            0       1.2138      0.13522     0.033829      0.10139            0     0.091035     0.013061     0.077973  -4.0678e-18   1.2392e-18  -1.5177e-19    1.391e-18       8.9766       9.8898      0.90767       553.15       61.621      -141.09            0       536.85            0            0            0            0            0            0       46.612       7.6219         46.9       6.3566   -2.421e-15       10.745   7.3753e-16     0.051847            0            0       83.383       8972.5         2890       0.9173     0.062932            0            0            0            0            0            0            0            0            0          120        0.155            0  
          0           20            0       1.2214      0.14098     0.037521      0.10346            0     0.093442     0.014487     0.078955  -1.0128e-17   5.5727e-19   4.8772e-19   6.9548e-20       8.6634       9.5745      0.90484       556.61       64.248      -146.07            0       539.17            0            0            0            0            0            0       46.591       7.8729         46.9       6.5844  -6.0279e-15       11.029   3.3167e-16     0.051612            0            0       84.266       9267.9       3013.2      0.91021     0.063038            0            0            0            0            0            0            0            0            0          120        0.155            0  
