T75_HTP&VTP
HTP&VTP_T75_T5-a0.0°-29.5m/s-VLM2-x0.15m


 Ctrl        Alpha        Beta         CL           CD           CD_viscous   CD_induced   CY           Cm           Cm_viscous   Cm_pressure  Cl           Cn           Cn_viscous   Cn_pressure  CL/CD        CL^(3/2)/CD  1/sqrt(CL)   Lift_(N)     Drag_(N)     Fx_FF_(N)    Fy_FF_(N)    Fz_FF_(N)    Fx_sum_(N)   Fy_sum_(N)   Fz_sum_(N)   Extra_drag_(N)  Fuse_drag_(N)  Cf_Fuse      Vx_(m/s)     Vz_(m/s)     V_(m/s)      Gamma        L_(N.m)      M_(N.m)      N_(N.m)      CPx_(m)      CPy_(m)      CPz_(m)      BM_(N.m)     m.g.Vz_(W)   Drag_x_V_(W)  Efficiency   XCp.Cl       XNP_(m)      Phugoid_Freq._(Hz)  Phugoid_Damping  Short_Period_Freq._(Hz)  Short_Period_Damping_Ratio  Dutch_Roll_Freq._(Hz)  Dutch_Roll_Damping  Roll_Damping  Spiral_Damping  Mass_(kg)    CoG_x_(m)    CoG_z_(m)    
          0            0          -15      0.33522     0.077111     0.019679     0.057432     -0.47735    -0.075368    0.0092625    -0.084631     0.074846   -0.0062997  -0.00022864   -0.0060711       4.3472       2.5169       1.7272       44.848       10.317      -9.1575      -63.864       44.848      -17.089      -63.777        50.04            0            0            0       28.749            0         29.5       12.955       13.078      -2.6116      -1.1007      0.17391     0.072012       0.1142       8.3676            0       304.34      0.12351     0.058299            0            0            0            0            0            0            0            0            0            0         0.15            0  
          0            0        -14.5      0.33637     0.073591     0.019473     0.054118     -0.46285    -0.070614    0.0091652    -0.079779     0.072573   -0.0061032  -0.00021655   -0.0058867       4.5708        2.651       1.7242       45.003       9.8457       -8.536      -61.924       45.003      -15.993      -61.839       49.862            0            0            0       28.818            0         29.5       12.341       12.681      -2.4469      -1.0664      0.17275     0.069584      0.11293       8.3537            0       290.45      0.13198     0.058108            0            0            0            0            0            0            0            0            0            0         0.15            0  
          0            0          -14      0.33749     0.070166     0.019275     0.050891      -0.4482    -0.066016    0.0090624    -0.075078     0.070277   -0.0059114  -0.00021097   -0.0057004       4.8099       2.7943       1.7213       45.153       9.3874      -7.9338      -59.965       45.153       -14.93      -59.883       49.689            0            0            0       28.882            0         29.5       11.745       12.279      -2.2875      -1.0329      0.17162     0.067159       0.1117       8.3384            0       276.93      0.14128     0.057922            0            0            0            0            0            0            0            0            0            0         0.15            0  
          0            0        -13.5      0.33858     0.066828     0.019074     0.047754     -0.43342    -0.061574     0.008955    -0.070529     0.067959   -0.0057202  -0.00020773   -0.0055124       5.0664        2.948       1.7186       45.298       8.9409       -7.351      -57.987       45.298      -13.903      -57.908       49.521            0            0            0       28.942            0         29.5       11.166       11.874      -2.1336     -0.99948      0.17055     0.064737      0.11053       8.3216            0       263.76      0.15153     0.057743            0            0            0            0            0            0            0            0            0            0         0.15            0  
          0            0          -13      0.33962     0.063574     0.018864     0.044709     -0.41851    -0.057292    0.0088409    -0.066133     0.065621    -0.005534  -0.00021121   -0.0053228       5.3422       3.1133       1.7159       45.438       8.5055      -6.7879      -55.992       45.438      -12.909      -55.916       49.359            0            0            0       28.996            0         29.5       10.602       11.466      -1.9853     -0.96695      0.16951     0.062316       0.1094       8.3034            0       250.91      0.16286     0.057569            0            0            0            0            0            0            0            0            0            0         0.15            0  
          0            0        -12.5      0.34064     0.060414     0.018655     0.041759     -0.40347    -0.053167    0.0087243    -0.061892     0.063263   -0.0053543  -0.00022282   -0.0051315       5.6383       3.2907       1.7134       45.573       8.0828      -6.2446       -53.98       45.573      -11.951      -53.907       49.203            0            0            0       29.047            0         29.5       10.057       11.054      -1.8423     -0.93556      0.16851     0.059899      0.10832       8.2839            0       238.44       0.1754     0.057402            0            0            0            0            0            0            0            0            0            0         0.15            0  
          0            0          -12      0.34161     0.057351     0.018445     0.038906     -0.38831    -0.049204    0.0086024    -0.057806     0.060886   -0.0051772  -0.00023849   -0.0049387       5.9565       3.4814       1.7109       45.704       7.6729      -5.7212      -51.952       45.704      -11.028      -51.881       49.053            0            0            0       29.093            0         29.5       9.5302       10.638       -1.705      -0.9046      0.16756     0.057484      0.10728       8.2629            0       226.35      0.18934     0.057241            0            0            0            0            0            0            0            0            0            0         0.15            0  
          0            0        -11.5      0.34254     0.054382      0.01823     0.036152     -0.37303    -0.045403    0.0084741    -0.053878      0.05849   -0.0049994  -0.00025511   -0.0047443       6.2989       3.6866       1.7086       45.829       7.2757      -5.2179      -49.907       45.829       -10.14      -49.839       48.908            0            0            0       29.135            0         29.5       9.0209        10.22      -1.5733     -0.87355      0.16665     0.055071      0.10629       8.2405            0       214.63      0.20488     0.057086            0            0            0            0            0            0            0            0            0            0         0.15            0  
          0            0          -11      0.34344     0.051515     0.018015       0.0335     -0.35764    -0.041764    0.0083438    -0.050107     0.056076   -0.0048189   -0.0002703   -0.0045485       6.6669       3.9071       1.7064       45.949       6.8921      -4.7349      -47.848       45.949       -9.288      -47.782        48.77            0            0            0       29.174            0         29.5       8.5304       9.7981      -1.4472     -0.84199      0.16578      0.05266      0.10534       8.2167            0       203.32      0.22227     0.056937            0            0            0            0            0            0            0            0            0            0         0.15            0  
          0            0        -10.5       0.3443     0.048748     0.017798      0.03095     -0.34213    -0.038285    0.0082111    -0.046497     0.053645   -0.0046366  -0.00028523   -0.0043514        7.063       4.1444       1.7042       46.064       6.5219      -4.2724      -45.774       46.064      -8.4721      -45.711       48.637            0            0            0       29.209            0         29.5       8.0586       9.3733      -1.3266     -0.81015      0.16495     0.050251      0.10444       8.1916            0        192.4      0.24179     0.056794            0            0            0            0            0            0            0            0            0            0         0.15            0  
          0            0          -10      0.34513      0.04606     0.017555     0.028506     -0.32653    -0.034981    0.0080657    -0.043046     0.051198   -0.0044646  -0.00031173   -0.0041529       7.4929       4.4019       1.7022       46.174       6.1624      -3.8304      -43.686       46.174      -7.6924      -43.626        48.51            0            0            0       29.241            0         29.5       7.6018       8.9458      -1.2121     -0.78009      0.16417     0.047845      0.10358       8.1651            0       181.79      0.26377     0.056658            0            0            0            0            0            0            0            0            0            0         0.15            0  
          0            0         -9.5      0.34591      0.04347     0.017302     0.026169     -0.31082    -0.031843    0.0079144    -0.039758     0.048735   -0.0042922  -0.00033904   -0.0039531       7.9574       4.6801       1.7003       46.279       5.8158      -3.4091      -41.584       46.279      -6.9493      -41.527       48.389            0            0            0        29.27            0         29.5       7.1628       8.5154      -1.1034     -0.74996      0.16342      0.04544      0.10277       8.1372            0       171.57      0.28864     0.056528            0            0            0            0            0            0            0            0            0            0         0.15            0  
          0            0           -9      0.34666     0.041018     0.017078      0.02394     -0.29502     -0.02885    0.0077811    -0.036631     0.046258   -0.0040952  -0.00034305   -0.0037521       8.4513       4.9759       1.6984       46.379       5.4877      -3.0086       -39.47       46.379      -6.2429      -39.416       48.274            0            0            0       29.296            0         29.5       6.7481       8.0825      -0.9997     -0.71555      0.16271     0.043037        0.102       8.1079            0       161.89      0.31686     0.056405            0            0            0            0            0            0            0            0            0            0         0.15            0  
          0            0         -8.5      0.34736     0.038698     0.016875     0.021822     -0.27913    -0.026008    0.0076605    -0.033669     0.043766   -0.0038809   -0.0003309     -0.00355       8.9763       5.2904       1.6967       46.473       5.1773      -2.6291      -37.344       46.473      -5.5735      -37.293       48.165            0            0            0       29.319            0         29.5       6.3568       7.6472     -0.90123     -0.67811      0.16205     0.040636      0.10127       8.0773            0       152.73      0.34903     0.056288            0            0            0            0            0            0            0            0            0            0         0.15            0  
          0            0           -8      0.34803     0.036498     0.016681     0.019817     -0.26315    -0.023325    0.0075461    -0.030871     0.041261   -0.0036619   -0.0003151   -0.0033468       9.5356       5.6254       1.6951       46.562        4.883      -2.2706      -35.207       46.562      -4.9412      -35.159       48.062            0            0            0       29.339            0         29.5       5.9867       7.2095     -0.80823     -0.63985      0.16142     0.038237      0.10059       8.0454            0       144.05      0.38583     0.056178            0            0            0            0            0            0            0            0            0            0         0.15            0  
          0            0         -7.5      0.34866     0.034432     0.016506     0.017925     -0.24709    -0.020789    0.0074486    -0.028238     0.038743   -0.0034325  -0.00028991   -0.0031426       10.126       5.9791       1.6936       46.646       4.6066      -1.9333      -33.059       46.646      -4.3463      -33.013       47.965            0            0            0       29.357            0         29.5         5.64       6.7696     -0.72038     -0.59976      0.16083     0.035839     0.099949       8.0121            0       135.89      0.42809     0.056074            0            0            0            0            0            0            0            0            0            0         0.15            0  
          0            0           -7      0.34924     0.032484     0.016335     0.016149     -0.23096    -0.018419    0.0073526    -0.025771     0.036214   -0.0031993  -0.00026188   -0.0029375       10.751       6.3537       1.6921       46.725        4.346      -1.6173        -30.9       46.725      -3.7889      -30.858       47.874            0            0            0       29.373            0         29.5       5.3139       6.3276     -0.63823     -0.55902      0.16028     0.033443     0.099351       7.9776            0       128.21      0.47679     0.055977            0            0            0            0            0            0            0            0            0            0         0.15            0  
          0            0         -6.5      0.34979      0.03066     0.016171     0.014489     -0.21476    -0.016211    0.0072603    -0.023471     0.033674    -0.002958  -0.00022656   -0.0027314       11.409       6.7476       1.6908       46.798       4.1019      -1.3227      -28.733       46.798      -3.2692      -28.693       47.789            0            0            0       29.387            0         29.5       5.0092       5.8837     -0.56173     -0.51684      0.15977     0.031048     0.098795       7.9417            0       121.01      0.53309     0.055886            0            0            0            0            0            0            0            0            0            0         0.15            0  
          0            0           -6       0.3503     0.028949     0.016002     0.012946     -0.19849    -0.014172    0.0071664    -0.021339     0.031123   -0.0027097  -0.00018516   -0.0025245       12.101        7.162       1.6896       46.866        3.873      -1.0495      -26.556       46.866      -2.7874       -26.52       47.711            0            0            0         29.4            0         29.5       4.7242       5.4381     -0.49109     -0.47346       0.1593     0.028655     0.098281       7.9045            0       114.25      0.59833     0.055802            0            0            0            0            0            0            0            0            0            0         0.15            0  
          0            0         -5.5      0.35077     0.027372     0.015848     0.011523     -0.18217    -0.012293    0.0070819    -0.019375     0.028563   -0.0024627  -0.00014583   -0.0023168       12.815       7.5898       1.6885       46.929        3.662     -0.79792      -24.372       46.929      -2.3435      -24.338       47.639            0            0            0       29.411            0         29.5       4.4619       4.9907     -0.42596      -0.4303      0.15886     0.026263     0.097809        7.866            0       108.03      0.67402     0.055724            0            0            0            0            0            0            0            0            0            0         0.15            0  
          0            0           -5       0.3512      0.02596      0.01574      0.01022     -0.16578    -0.010552     0.007027    -0.017579     0.025994   -0.0022305  -0.00012206   -0.0021085       13.529       8.0172       1.6874       46.986       3.4731     -0.56793       -22.18       46.986      -1.9378      -22.149       47.573            0            0            0        29.42            0         29.5       4.2275       4.5419     -0.36565     -0.38974      0.15847     0.023872     0.097379       7.8262            0       102.46      0.76182     0.055653            0            0            0            0            0            0            0            0            0            0         0.15            0  
          0            0         -4.5      0.35158     0.024686     0.015648     0.009038     -0.14935   -0.0089716    0.0069816    -0.015953     0.023417   -0.0020021  -0.00010262   -0.0018995       14.242       8.4448       1.6865       47.038       3.3027     -0.35962      -19.981       47.038      -1.5704      -19.954       47.513            0            0            0       29.428            0         29.5       4.0164       4.0916     -0.31088     -0.34982      0.15811     0.021481      0.09699       7.7852            0        97.43      0.86335     0.055589            0            0            0            0            0            0            0            0            0            0         0.15            0  
          0            0           -4      0.35193     0.023553     0.015575     0.007978     -0.13287   -0.0075485    0.0069485    -0.014497     0.020833   -0.0017788  -8.8898e-05   -0.0016899       14.942       8.8643       1.6857       47.084       3.1511     -0.17307      -17.776       47.084      -1.2413      -17.752       47.459            0            0            0       29.434            0         29.5       3.8288       3.6402     -0.26157      -0.3108      0.15779     0.019092     0.096642        7.743            0       92.957         0.98     0.055532            0            0            0            0            0            0            0            0            0            0         0.15            0  
          0            0         -3.5      0.35224      0.02256     0.015519    0.0070407     -0.11635   -0.0062854    0.0069256    -0.013211     0.018243   -0.0015572  -7.7448e-05   -0.0014798       15.613       9.2664       1.6849       47.125       3.0183   -0.0083325      -15.566       47.125     -0.95077      -15.545       47.412            0            0            0        29.44            0         29.5       3.6647       3.1876      -0.2178     -0.27209      0.15751     0.016704     0.096336       7.6995            0       89.039       1.1124     0.055481            0            0            0            0            0            0            0            0            0            0         0.15            0  
          0            0           -3       0.3525     0.021702     0.015474     0.006227    -0.099793   -0.0051891    0.0069067    -0.012096     0.015647   -0.0013329  -6.3717e-05   -0.0012692       16.243       9.6439       1.6843       47.161       2.9034      0.13454      -13.351       47.161     -0.69875      -13.333       47.371            0            0            0       29.444            0         29.5       3.5229        2.734     -0.17981      -0.2329      0.15727     0.014316     0.096071       7.6547            0       85.651       1.2597     0.055437            0            0            0            0            0            0            0            0            0            0         0.15            0  
          0            0         -2.5      0.35273     0.020982     0.015445    0.0055374    -0.083208   -0.0042545     0.006897    -0.011151     0.013047   -0.0011095  -5.1212e-05   -0.0010583       16.811        9.984       1.6838       47.191       2.8072      0.25551      -11.132       47.191     -0.48538      -11.117       47.336            0            0            0       29.448            0         29.5       3.4043       2.2796     -0.14742     -0.19386      0.15706     0.011929     0.095846       7.6088            0       82.812       1.4183       0.0554            0            0            0            0            0            0            0            0            0            0         0.15            0  
          0            0           -2      0.35291     0.020392      0.01542    0.0049725    -0.066596   -0.0034893    0.0068892    -0.010379     0.010442  -0.00088598  -3.8981e-05    -0.000847       17.306       10.281       1.6833       47.216       2.7283      0.35453      -8.9099       47.216     -0.31071      -8.8977       47.308            0            0            0       29.451            0         29.5       3.3071       1.8245     -0.12091     -0.15481      0.15689    0.0095428     0.095663       7.5617            0       80.485       1.5811     0.055369            0            0            0            0            0            0            0            0            0            0         0.15            0  
          0            0         -1.5      0.35305     0.019934     0.015402    0.0045327    -0.049965   -0.0028935    0.0068836   -0.0097771    0.0078343  -0.00066227  -2.6792e-05  -0.00063547       17.711       10.524        1.683       47.235        2.667      0.43158      -6.6848       47.235     -0.17481      -6.6756       47.285            0            0            0       29.453            0         29.5       3.2316       1.3689     -0.10026     -0.11572      0.15676    0.0071568     0.095521       7.5134            0       78.676        1.736     0.055345            0            0            0            0            0            0            0            0            0            0         0.15            0  
          0            0           -1      0.35316     0.019602     0.015384    0.0042182    -0.033319   -0.0024725    0.0068748   -0.0093473    0.0052242  -0.00044106  -1.7307e-05  -0.00042376       18.017       10.707       1.6827       47.249       2.6225      0.48663      -4.4577       47.249    -0.077702      -4.4516        47.27            0            0            0       29.455            0         29.5       3.1769      0.91282    -0.085675    -0.077066      0.15667     0.004771     0.095419       7.4639            0       77.364       1.8664     0.055328            0            0            0            0            0            0            0            0            0            0         0.15            0  
          0            0         -0.5      0.35322     0.019401     0.015371    0.0040295    -0.016662   -0.0022212    0.0068682   -0.0090894    0.0026125  -0.00022116  -9.2499e-06  -0.00021191       18.206        10.82       1.6826       47.257       2.5956      0.51967      -2.2292       47.257    -0.019427      -2.2261        47.26            0            0            0       29.456            0         29.5       3.1439      0.45648    -0.076969    -0.038643      0.15661    0.0023855     0.095358       7.4132            0       76.571       1.9545     0.055318            0            0            0            0            0            0            0            0            0            0         0.15            0  
          0            0            0      0.35324     0.019335     0.015368    0.0039666  -7.7344e-16   -0.0021373    0.0068662   -0.0090034   5.7725e-16  -6.6714e-07  -6.6714e-07  -2.8838e-16        18.27       10.858       1.6825        47.26       2.5868      0.53068  -1.0348e-13        47.26            0  -1.0595e-13       47.257            0            0            0       29.456            0         29.5        3.133   1.0086e-13     -0.07406  -0.00011657      0.15659   1.8143e-15     0.095337       7.3615            0       76.309       1.9858     0.055315            0            0            0            0            0            0            0            0            0            0         0.15            0  
          0            0          0.5      0.35322     0.019399     0.015369    0.0040295     0.016662   -0.0022223    0.0068671   -0.0090894   -0.0026125   0.00021979   7.8837e-06   0.00021191       18.208       10.821       1.6826       47.257       2.5954      0.51967       2.2292       47.257    -0.019427       2.2261        47.26            0            0            0       29.456            0         29.5       3.1436     -0.45648    -0.077007     0.038404      0.15661   -0.0023855     0.095358       7.4132            0       76.563       1.9545     0.055318            0            0            0            0            0            0            0            0            0            0         0.15            0  
          0            0            1      0.35316       0.0196     0.015382    0.0042182     0.033319   -0.0024734    0.0068739   -0.0093473   -0.0052242   0.00044019   1.6433e-05   0.00042376       18.018       10.708       1.6827       47.249       2.6223      0.48663       4.4577       47.249    -0.077702       4.4516        47.27            0            0            0       29.455            0         29.5       3.1766     -0.91282    -0.085707     0.076914      0.15667    -0.004771     0.095419       7.4639            0       77.357       1.8664     0.055328            0            0            0            0            0            0            0            0            0            0         0.15            0  
          0            0          1.5      0.35305     0.019933     0.015401    0.0045327     0.049965   -0.0028939    0.0068832   -0.0097771   -0.0078343    0.0006619   2.6427e-05   0.00063547       17.712       10.524        1.683       47.235       2.6669      0.43158       6.6848       47.235     -0.17481       6.6756       47.285            0            0            0       29.453            0         29.5       3.2315      -1.3689     -0.10028      0.11565      0.15676   -0.0071568     0.095521       7.5134            0       78.673        1.736     0.055345            0            0            0            0            0            0            0            0            0            0         0.15            0  
          0            0            2      0.35291     0.020392      0.01542    0.0049725     0.066596   -0.0034893    0.0068892    -0.010379    -0.010442   0.00088598   3.8988e-05     0.000847       17.306       10.281       1.6833       47.216       2.7283      0.35453       8.9099       47.216     -0.31071       8.8977       47.308            0            0            0       29.451            0         29.5       3.3071      -1.8245     -0.12091      0.15481      0.15689   -0.0095428     0.095663       7.5617            0       80.485       1.5811     0.055369            0            0            0            0            0            0            0            0            0            0         0.15            0  
          0            0          2.5      0.35273     0.020982     0.015445    0.0055374     0.083208   -0.0042544    0.0068971    -0.011151    -0.013047    0.0011096    5.133e-05    0.0010583       16.811       9.9839       1.6838       47.191       2.8072      0.25551       11.132       47.191     -0.48538       11.117       47.336            0            0            0       29.448            0         29.5       3.4043      -2.2796     -0.14742      0.19388      0.15706    -0.011929     0.095846       7.6088            0       82.813       1.4183       0.0554            0            0            0            0            0            0            0            0            0            0         0.15            0  
          0            0            3       0.3525     0.021702     0.015475     0.006227     0.099793   -0.0051891    0.0069067    -0.012096    -0.015647    0.0013331   6.3859e-05    0.0012692       16.243       9.6439       1.6843       47.161       2.9034      0.13454       13.351       47.161     -0.69875       13.333       47.371            0            0            0       29.444            0         29.5       3.5229       -2.734     -0.17981      0.23292      0.15727    -0.014316     0.096071       7.6547            0       85.651       1.2597     0.055437            0            0            0            0            0            0            0            0            0            0         0.15            0  
          0            0          3.5      0.35224     0.022559     0.015518    0.0070407      0.11635   -0.0062859    0.0069251    -0.013211    -0.018243    0.0015577   7.7974e-05    0.0014798       15.614       9.2668       1.6849       47.125       3.0182   -0.0083325       15.566       47.125     -0.95077       15.545       47.412            0            0            0        29.44            0         29.5       3.6645      -3.1876     -0.21782      0.27218      0.15751    -0.016704     0.096336       7.6995            0       89.036       1.1124     0.055481            0            0            0            0            0            0            0            0            0            0         0.15            0  
          0            0            4      0.35193     0.023551     0.015573     0.007978      0.13287   -0.0075496    0.0069474    -0.014497    -0.020833    0.0017798   8.9917e-05    0.0016899       14.944       8.8651       1.6857       47.084       3.1508     -0.17307       17.776       47.084      -1.2413       17.752       47.459            0            0            0       29.434            0         29.5       3.8284      -3.6402      -0.2616      0.31098      0.15779    -0.019092     0.096642        7.743            0       92.949         0.98     0.055532            0            0            0            0            0            0            0            0            0            0         0.15            0  
          0            0          4.5      0.35158     0.024684     0.015646     0.009038      0.14935   -0.0089729    0.0069803    -0.015953    -0.023417    0.0020032   0.00010378    0.0018995       14.244       8.4457       1.6865       47.038       3.3024     -0.35962       19.981       47.038      -1.5704       19.954       47.513            0            0            0       29.428            0         29.5        4.016      -4.0916     -0.31092      0.35002      0.15811    -0.021481      0.09699       7.7852            0       97.421      0.86335     0.055589            0            0            0            0            0            0            0            0            0            0         0.15            0  
          0            0            5       0.3512     0.025958     0.015738      0.01022      0.16578    -0.010553    0.0070262    -0.017579    -0.025994    0.0022312   0.00012269    0.0021085       13.529       8.0177       1.6874       46.986       3.4729     -0.56793        22.18       46.986      -1.9378       22.149       47.573            0            0            0        29.42            0         29.5       4.2273      -4.5419     -0.36568      0.38985      0.15847    -0.023872     0.097379       7.8262            0       102.45      0.76182     0.055653            0            0            0            0            0            0            0            0            0            0         0.15            0  
          0            0          5.5      0.35077     0.027371     0.015848     0.011523      0.18217    -0.012293    0.0070816    -0.019375    -0.028563    0.0024628   0.00014595    0.0023168       12.815       7.5899       1.6885       46.929        3.662     -0.79792       24.372       46.929      -2.3435       24.338       47.639            0            0            0       29.411            0         29.5       4.4619      -4.9907     -0.42597      0.43032      0.15886    -0.026263     0.097809        7.866            0       108.03      0.67402     0.055724            0            0            0            0            0            0            0            0            0            0         0.15            0  
          0            0            6       0.3503     0.028948     0.016002     0.012946      0.19849    -0.014173    0.0071663    -0.021339    -0.031123    0.0027097   0.00018515    0.0025245       12.101        7.162       1.6896       46.866        3.873      -1.0495       26.556       46.866      -2.7874        26.52       47.711            0            0            0         29.4            0         29.5       4.7241      -5.4381      -0.4911      0.47345       0.1593    -0.028655     0.098281       7.9045            0       114.25      0.59833     0.055802            0            0            0            0            0            0            0            0            0            0         0.15            0  
          0            0          6.5      0.34979     0.030659     0.016171     0.014489      0.21476    -0.016211    0.0072601    -0.023471    -0.033674    0.0029579   0.00022653    0.0027314       11.409       6.7476       1.6908       46.798       4.1019      -1.3227       28.733       46.798      -3.2692       28.693       47.789            0            0            0       29.387            0         29.5       5.0092      -5.8837     -0.56174      0.51683      0.15977    -0.031048     0.098795       7.9417            0       121.01      0.53309     0.055886            0            0            0            0            0            0            0            0            0            0         0.15            0  
          0            0            7      0.34924     0.032489      0.01634     0.016149      0.23096    -0.018415    0.0073563    -0.025771    -0.036214    0.0032018   0.00026432    0.0029375        10.75       6.3527       1.6921       46.725       4.3466      -1.6173         30.9       46.725      -3.7889       30.858       47.874            0            0            0       29.373            0         29.5       5.3147      -6.3276      -0.6381      0.55944      0.16028    -0.033443     0.099351       7.9776            0       128.23      0.47679     0.055977            0            0            0            0            0            0            0            0            0            0         0.15            0  
          0            0          7.5      0.34866     0.034444     0.016518     0.017925      0.24709    -0.020779    0.0074585    -0.028238    -0.038743    0.0034387   0.00029606    0.0031426       10.122        5.977       1.6936       46.646       4.6082      -1.9333       33.059       46.646      -4.3463       33.013       47.965            0            0            0       29.357            0         29.5       5.6419      -6.7696     -0.72003      0.60084      0.16083    -0.035839     0.099949       8.0121            0       135.94      0.42809     0.056074            0            0            0            0            0            0            0            0            0            0         0.15            0  
          0            0            8      0.34803     0.036517       0.0167     0.019817      0.26315    -0.023309     0.007562    -0.030871    -0.041261    0.0036716   0.00032471    0.0033468       9.5307       5.6225       1.6951       46.562       4.8855      -2.2706       35.207       46.562      -4.9412       35.159       48.062            0            0            0       29.339            0         29.5       5.9898      -7.2095     -0.80768      0.64152      0.16142    -0.038237      0.10059       8.0454            0       144.12      0.38583     0.056178            0            0            0            0            0            0            0            0            0            0         0.15            0  
          0            0          8.5      0.34736     0.038713      0.01689     0.021822      0.27913    -0.025995    0.0076737    -0.033669    -0.043766    0.0038886    0.0003386      0.00355       8.9727       5.2883       1.6967       46.473       5.1794      -2.6291       37.344       46.473      -5.5735       37.293       48.165            0            0            0       29.318            0         29.5       6.3593      -7.6472     -0.90077      0.67946      0.16205    -0.040636      0.10127       8.0773            0       152.79      0.34903     0.056288            0            0            0            0            0            0            0            0            0            0         0.15            0  
          0            0            9      0.34666     0.041026     0.017086      0.02394      0.29502    -0.028842    0.0077891    -0.036631    -0.046258    0.0040997   0.00034751    0.0037521       8.4496       4.9749       1.6984       46.379       5.4889      -3.0086        39.47       46.379      -6.2429       39.416       48.274            0            0            0       29.296            0         29.5       6.7495      -8.0825     -0.99943      0.71633      0.16271    -0.043037        0.102       8.1079            0       161.92      0.31686     0.056405            0            0            0            0            0            0            0            0            0            0         0.15            0  
          0            0          9.5      0.34591     0.043472     0.017303     0.026169      0.31082    -0.031841    0.0079165    -0.039758    -0.048735    0.0042932   0.00034013    0.0039531       7.9571       4.6799       1.7003       46.279       5.8161      -3.4091       41.584       46.279      -6.9493       41.527       48.389            0            0            0        29.27            0         29.5       7.1631      -8.5154      -1.1033      0.75015      0.16342     -0.04544      0.10277       8.1372            0       171.57      0.28864     0.056528            0            0            0            0            0            0            0            0            0            0         0.15            0  
          0            0           10      0.34513      0.04606     0.017555     0.028506      0.32653     -0.03498    0.0080659    -0.043046    -0.051198    0.0044648   0.00031191    0.0041529       7.4929       4.4019       1.7022       46.174       6.1624      -3.8304       43.686       46.174      -7.6924       43.626        48.51            0            0            0       29.241            0         29.5       7.6017      -8.9458      -1.2121      0.78013      0.16417    -0.047845      0.10358       8.1651            0       181.79      0.26377     0.056658            0            0            0            0            0            0            0            0            0            0         0.15            0  
          0            0         10.5       0.3443     0.048749     0.017799      0.03095      0.34213    -0.038284    0.0082127    -0.046497    -0.053645    0.0046356   0.00028419    0.0043514       7.0627       4.1442       1.7042       46.064       6.5221      -4.2724       45.774       46.064      -8.4721       45.711       48.637            0            0            0       29.209            0         29.5       8.0588      -9.3733      -1.3266      0.80997      0.16495    -0.050251      0.10444       8.1916            0        192.4      0.24179     0.056794            0            0            0            0            0            0            0            0            0            0         0.15            0  
          0            0           11      0.34344     0.051524     0.018024       0.0335      0.35764    -0.041756    0.0083515    -0.050107    -0.056076    0.0048142   0.00026567    0.0045485       6.6658       3.9064       1.7064       45.949       6.8933      -4.7349       47.848       45.949       -9.288       47.782        48.77            0            0            0       29.174            0         29.5       8.5319      -9.7981      -1.4469      0.84118      0.16578     -0.05266      0.10534       8.2167            0       203.35      0.22227     0.056937            0            0            0            0            0            0            0            0            0            0         0.15            0  
          0            0         11.5      0.34254     0.054399     0.018246     0.036152      0.37303    -0.045389    0.0084882    -0.053878     -0.05849    0.0049911   0.00024675    0.0047443       6.2969       3.6854       1.7086       45.829        7.278      -5.2179       49.907       45.829       -10.14       49.839       48.908            0            0            0       29.135            0         29.5       9.0237       -10.22      -1.5728      0.87208      0.16665    -0.055071      0.10629       8.2405            0        214.7      0.20488     0.057086            0            0            0            0            0            0            0            0            0            0         0.15            0  
          0            0           12      0.34161     0.057369     0.018463     0.038906      0.38831    -0.049188    0.0086175    -0.057806    -0.060886    0.0051681   0.00022944    0.0049387       5.9546       3.4803       1.7109       45.704       7.6753      -5.7212       51.952       45.704      -11.028       51.881       49.053            0            0            0       29.093            0         29.5       9.5332      -10.638      -1.7044      0.90302      0.16756    -0.057484      0.10728       8.2629            0       226.42      0.18934     0.057241            0            0            0            0            0            0            0            0            0            0         0.15            0  
          0            0         12.5      0.34064     0.060426     0.018666     0.041759      0.40347    -0.053158     0.008734    -0.061892    -0.063263    0.0053484   0.00021687    0.0051315       5.6373       3.2901       1.7134       45.573       8.0843      -6.2446        53.98       45.573      -11.951       53.907       49.203            0            0            0       29.047            0         29.5       10.059      -11.054       -1.842      0.93452      0.16851    -0.059899      0.10832       8.2839            0       238.49       0.1754     0.057402            0            0            0            0            0            0            0            0            0            0         0.15            0  
          0            0           13      0.33962     0.063578     0.018869     0.044709      0.41851    -0.057288    0.0088448    -0.066133    -0.065621    0.0055314   0.00020857    0.0053228       5.3418       3.1131       1.7159       45.438       8.5061      -6.7879       55.992       45.438      -12.909       55.916       49.359            0            0            0       28.996            0         29.5       10.603      -11.466      -1.9851      0.96649      0.16951    -0.062316       0.1094       8.3034            0       250.93      0.16286     0.057569            0            0            0            0            0            0            0            0            0            0         0.15            0  
          0            0         13.5      0.33858     0.066828     0.019074     0.047754      0.43342    -0.061574    0.0089547    -0.070529    -0.067959    0.0057198   0.00020739    0.0055124       5.0664        2.948       1.7186       45.298       8.9408       -7.351       57.987       45.298      -13.903       57.908       49.521            0            0            0       28.942            0         29.5       11.165      -11.874      -2.1336      0.99942      0.17055    -0.064737      0.11053       8.3216            0       263.75      0.15153     0.057743            0            0            0            0            0            0            0            0            0            0         0.15            0  
          0            0           14      0.33749     0.070164     0.019274     0.050891       0.4482    -0.066017    0.0090616    -0.075078    -0.070277    0.0059113   0.00021089    0.0057004         4.81       2.7943       1.7213       45.153       9.3872      -7.9338       59.965       45.153       -14.93       59.883       49.689            0            0            0       28.882            0         29.5       11.744      -12.279      -2.2876       1.0329      0.17162    -0.067159       0.1117       8.3384            0       276.92      0.14128     0.057922            0            0            0            0            0            0            0            0            0            0         0.15            0  
          0            0         14.5      0.33637      0.07359     0.019472     0.054118      0.46285    -0.070615    0.0091645    -0.079779    -0.072573    0.0061031   0.00021647    0.0058867       4.5709        2.651       1.7242       45.003       9.8455       -8.536       61.924       45.003      -15.993       61.839       49.862            0            0            0       28.818            0         29.5        12.34      -12.681      -2.4469       1.0664      0.17275    -0.069584      0.11293       8.3537            0       290.44      0.13198     0.058108            0            0            0            0            0            0            0            0            0            0         0.15            0  
          0            0           15      0.33522      0.07711     0.019678     0.057432      0.47735    -0.075369    0.0092617    -0.084631    -0.074846    0.0062997   0.00022856    0.0060711       4.3473        2.517       1.7272       44.848       10.316      -9.1575       63.864       44.848      -17.089       63.777        50.04            0            0            0       28.749            0         29.5       12.954      -13.078      -2.6116       1.1007      0.17391    -0.072012       0.1142       8.3676            0       304.33      0.12351     0.058299            0            0            0            0            0            0            0            0            0            0         0.15            0  
