First Responder_wing
T1-200.0 m/s-TriUniform-ThickSurf-x0.095m
Freestream speed = 200.000 m/s


 Ctrl        Alpha        Beta         CL           CD           CD_viscous   CD_induced   CY           Cm           Cm_viscous   Cm_pressure  Cl           Cn           Cn_viscous   Cn_pressure  CL/CD        CL^(3/2)/CD  1/sqrt(CL)   Lift_(N)     Drag_(N)     Fx_FF_(N)    Fy_FF_(N)    Fz_FF_(N)    Fx_sum_(N)   Fy_sum_(N)   Fz_sum_(N)   Extra_drag_(N)  Fuse_drag_(N)  Cf_Fuse      Vx_(m/s)     Vz_(m/s)     V_(m/s)      Gamma        L_(N.m)      M_(N.m)      N_(N.m)      CPx_(m)      CPy_(m)      CPz_(m)      BM_(N.m)     m.g.Vz_(W)   Drag_x_V_(W)  Efficiency   XCp.Cl       XNP_(m)      Phugoid_Freq._(Hz)  Phugoid_Damping  Short_Period_Freq._(Hz)  Short_Period_Damping_Ratio  Dutch_Roll_Freq._(Hz)  Dutch_Roll_Damping  Roll_Damping  Spiral_Damping  Mass_(kg)    CoG_x_(m)    CoG_z_(m)    
          0          -13            0     -0.78091     0.049186     0.017738     0.031448    -2.38e-19    -0.072918   3.5085e-05    -0.072954   5.5361e-15    3.814e-16   1.0955e-17   3.7045e-16      -15.877       -14.03            0      -8035.5       506.12      -1492.3   -2.449e-15      -7902.4      -824.23  -4.1184e-12        -7961            0            0            0        199.6      -6.9593          200       -3.604   9.0182e-11      -200.09  -1.4385e-11      0.06751  -1.0899e-14   -0.0016213      -1374.5       -17068   1.0122e+05       1.0127    -0.052719            0            0            0            0            0            0            0            0            0          250        0.095            0  
          0        -12.5            0     -0.74269      0.04316     0.014708     0.028451  -2.1762e-19    -0.073358   3.7546e-05    -0.073396   5.6539e-15   4.4231e-16   1.1901e-16    3.233e-16      -17.208       -14.83            0      -7642.3       444.11      -1368.3  -2.2393e-15      -7524.5      -745.49  -3.9227e-12      -7586.5            0            0            0       199.66       -6.584          200      -3.3259   9.2031e-11      -201.29  -1.3038e-11     0.066311  -1.2924e-14   -0.0018252      -1308.5       -16147        88823       1.0125    -0.049249            0            0            0            0            0            0            0            0            0          250        0.095            0  
          0          -12            0     -0.70433     0.038452     0.012859     0.025593  -1.9811e-19     -0.07379   3.7775e-05    -0.073828   6.1077e-15   4.7783e-16   1.0544e-16    3.724e-16      -18.317      -15.373            0      -7247.6       395.67      -1249.3  -2.0385e-15        -7144      -670.36  -3.8999e-12      -7208.9            0            0            0        199.7      -6.3515          200      -3.1249   9.9635e-11      -202.48  -1.3211e-11      0.06495  -1.4089e-14   -0.0020563        -1242       -15577        79135       1.0123    -0.045746            0            0            0            0            0            0            0            0            0          250        0.095            0  
          0        -11.5            0     -0.66584     0.034399     0.011523     0.022876  -1.7948e-19    -0.074213   3.7067e-05     -0.07425   6.5336e-15   4.8873e-16   9.6297e-17   3.9243e-16      -19.356      -15.795            0      -6851.5       353.97      -1135.3  -1.8468e-15      -6760.9      -598.86  -3.6552e-12      -6828.5            0            0            0       199.73      -6.1819          200      -2.9574    1.067e-10      -203.64  -1.3561e-11     0.063398  -1.5663e-14   -0.0023195      -1175.1       -15161        70794       1.0121    -0.042213            0            0            0            0            0            0            0            0            0          250        0.095            0  
          0          -11            0     -0.62722     0.030805     0.010503     0.020302  -1.6173e-19    -0.074626   3.5943e-05    -0.074662   6.7383e-15    4.642e-16   8.2759e-17   3.8144e-16      -20.361      -16.125            0      -6454.1       316.99      -1026.4  -1.6642e-15      -6375.4      -531.02  -3.4614e-12      -6445.3            0            0            0       199.76      -6.0551          200      -2.8118    1.101e-10      -204.77  -1.3666e-11     0.061621  -1.7557e-14   -0.0026207      -1107.8       -14850        63397       1.0119     -0.03865            0            0            0            0            0            0            0            0            0          250        0.095            0  
          0        -10.5            0     -0.58847     0.027548     0.009675     0.017873  -1.4488e-19    -0.075029   3.4973e-05    -0.075064   7.2949e-15   4.8283e-16   6.6792e-17   4.1604e-16      -21.362      -16.387            0      -6055.4       283.47      -922.67  -1.4908e-15      -5987.5      -466.84  -3.2505e-12      -6059.4            0            0            0       199.78      -5.9584          200      -2.6802   1.1934e-10      -205.88  -1.4071e-11     0.059575  -1.9962e-14   -0.0029677      -1040.1       -14613        56694       1.0118    -0.035058            0            0            0            0            0            0            0            0            0          250        0.095            0  
          0          -10            0     -0.54961     0.024613     0.009022     0.015591  -1.2891e-19    -0.075422    3.394e-05    -0.075456   7.8807e-15   5.2514e-16   5.8874e-17   4.6626e-16       -22.33      -16.554            0      -5655.5       253.27      -824.07  -1.3265e-15      -5597.5      -406.36   -3.173e-12        -5671            0            0            0        199.8      -5.8981          200      -2.5642   1.2911e-10      -206.96  -1.4016e-11     0.057204  -2.2683e-14   -0.0033702      -971.97       -14465        50654       1.0118     -0.03144            0            0            0            0            0            0            0            0            0          250        0.095            0  
          0         -9.5            0     -0.51064     0.022018    0.0085587     0.013459  -1.1385e-19    -0.075805   3.2799e-05    -0.075838   7.8982e-15   4.5361e-16   5.1369e-17   4.0224e-16      -23.192      -16.573            0      -5254.5       226.56      -730.65  -1.1715e-15      -5205.3      -349.58  -2.9382e-12      -5280.1            0            0            0       199.81      -5.8915          200      -2.4689   1.2935e-10      -208.01  -1.4096e-11     0.054435   -2.505e-14   -0.0038411       -903.5       -14449        45313       1.0118    -0.027797            0            0            0            0            0            0            0            0            0          250        0.095            0  
          0           -9            0     -0.47157     0.019788    0.0083104     0.011478  -9.9693e-20    -0.076178   3.0867e-05    -0.076208   8.5152e-15    4.662e-16   3.2638e-17   4.3356e-16      -23.831      -16.365            0      -4852.5       203.62      -642.44  -1.0258e-15      -4811.2      -296.54  -2.7181e-12        -4887            0            0            0       199.82      -5.9664          200      -2.4029   1.3959e-10      -209.03  -1.4351e-11     0.051168  -2.8921e-14   -0.0043976      -834.68       -14633        40724       1.0118     -0.02413            0            0            0            0            0            0            0            0            0          250        0.095            0  
          0         -8.5            0     -0.43241     0.017654    0.0080045    0.0096498  -8.6442e-20     -0.07654   2.8614e-05    -0.076569   8.9139e-15    4.773e-16   5.2348e-17   4.2495e-16      -24.493      -16.106            0      -4449.5       181.66      -559.47  -8.8949e-16      -4415.3      -247.23  -2.5025e-12      -4491.7            0            0            0       199.83      -6.0623          200       -2.338   1.4618e-10      -210.03  -1.3921e-11     0.047271  -3.3011e-14   -0.0050631      -765.55       -14868        36332       1.0119     -0.02044            0            0            0            0            0            0            0            0            0          250        0.095            0  
          0           -8            0     -0.39316     0.015664    0.0076879    0.0079761  -7.4104e-20    -0.076891   2.7147e-05    -0.076918   9.1933e-15   4.3552e-16   4.5508e-17   3.9001e-16      -25.099      -15.738            0      -4045.6       161.18      -481.76  -7.6253e-16      -4017.6      -201.69  -2.3027e-12      -4094.2            0            0            0       199.84      -6.2042          200      -2.2816   1.5078e-10      -210.99  -1.3964e-11     0.042553   -3.691e-14   -0.0058705      -696.11       -15216        32236        1.012     -0.01673            0            0            0            0            0            0            0            0            0          250        0.095            0  
          0         -7.5            0     -0.35382     0.013907    0.0074481    0.0064584  -6.2682e-20    -0.077231   2.6036e-05    -0.077257   9.5058e-15   3.8212e-16   2.2768e-17   3.5935e-16      -25.443      -15.134            0      -3640.8        143.1      -409.33  -6.4499e-16      -3618.4      -159.92  -2.1246e-12      -3694.9            0            0            0       199.85      -6.4516          200      -2.2508   1.5594e-10      -211.92   -1.419e-11     0.036743  -4.3925e-14   -0.0068674       -626.4       -15823        28620       1.0123       -0.013            0            0            0            0            0            0            0            0            0          250        0.095            0  
          0           -7            0     -0.31441     0.012509    0.0074113    0.0050982  -5.2179e-20     -0.07756    2.444e-05    -0.077584   1.0015e-14   3.8147e-16   3.5613e-17   3.4585e-16      -25.134      -14.093            0      -3235.3       128.72      -342.22  -5.3692e-16      -3217.6      -121.93  -1.8941e-12      -3293.7            0            0            0       199.84      -6.9281          200      -2.2784   1.6436e-10      -212.82  -1.3862e-11     0.029431  -5.0731e-14   -0.0081254      -556.43       -16991        25745       1.0126   -0.0092534            0            0            0            0            0            0            0            0            0          250        0.095            0  
          0         -6.5            0     -0.27494     0.011326     0.007429    0.0038966  -4.2599e-20    -0.077879   2.2352e-05    -0.077901   1.0392e-14   3.7327e-16   5.6278e-17   3.1699e-16      -24.276      -12.729            0      -2829.2       116.54      -280.43  -4.3834e-16      -2815.5      -87.741  -1.6027e-12      -2890.9            0            0            0       199.83      -7.6705          200      -2.3588   1.7058e-10       -213.7  -1.3262e-11     0.019969  -6.0515e-14   -0.0097574      -486.22       -18812        23308       1.0131   -0.0054902            0            0            0            0            0            0            0            0            0          250        0.095            0  
          0           -6            0     -0.23541     0.010135    0.0072799    0.0028549  -3.3944e-20    -0.078187   1.9456e-05    -0.078207   1.0687e-14   3.7209e-16   9.9216e-17   2.7288e-16      -23.228       -11.27            0      -2422.4       104.29      -223.99  -3.4928e-16      -2412.2      -57.358  -1.4033e-12      -2486.4            0            0            0       199.81      -8.6637          200      -2.4652   1.7546e-10      -214.55    -1.23e-11    0.0072747  -7.2712e-14    -0.011952       -415.8       -21248        20857       1.0137   -0.0017125            0            0            0            0            0            0            0            0            0          250        0.095            0  
          0         -5.5            0     -0.19583    0.0089086    0.0069345    0.0019741  -2.6218e-20    -0.078484   1.7169e-05    -0.078501   1.1101e-14   3.1702e-16   8.4694e-17   2.3233e-16      -21.982      -9.7274            0        -2015       91.669      -172.91  -2.6978e-16      -2007.7      -30.792  -1.1643e-12      -2080.5            0            0            0       199.79      -10.038          200      -2.6047   1.8229e-10      -215.36  -1.2322e-11    -0.010612  -9.1355e-14    -0.015053      -345.19       -24617        18334       1.0145    0.0020781            0            0            0            0            0            0            0            0            0          250        0.095            0  
          0           -5            0      -0.1562    0.0078115    0.0065565    0.0012549  -1.9422e-20    -0.078768   1.6004e-05    -0.078784   1.1504e-14    2.665e-16   7.9931e-17   1.8657e-16      -19.996      -7.9028            0      -1607.3        80.38      -127.22  -1.9985e-16      -1602.3      -8.0496   -9.446e-13      -1673.3            0            0            0       199.75      -12.355          200       -2.863   1.8895e-10      -216.14  -1.2137e-11    -0.037644  -1.1864e-13    -0.019748       -274.4       -30301        16076       1.0153      0.00588            0            0            0            0            0            0            0            0            0          250        0.095            0  
          0         -4.5            0     -0.11653    0.0069891    0.0062908   0.00069838  -1.3559e-20     -0.07904    1.482e-05    -0.079055   1.1906e-14   1.8354e-16   4.9098e-17   1.3444e-16      -16.673      -5.6917            0      -1199.1       71.918      -86.917  -1.3952e-16        -1196       10.861  -6.8564e-13      -1264.8            0            0            0       199.64      -17.155          200      -3.4323   1.9559e-10      -216.89  -1.2367e-11    -0.083167  -1.6327e-13     -0.02767      -203.46       -42072        14384       1.0154    0.0096916            0            0            0            0            0            0            0            0            0          250        0.095            0  
          0           -4            0    -0.076835    0.0064421    0.0061371   0.00030499  -8.6304e-21    -0.079301   1.3749e-05    -0.079315   1.2291e-14   8.7811e-17   1.3482e-17   7.4329e-17      -11.927      -3.3061            0      -790.64       66.289      -52.021  -8.8807e-17      -788.93       25.934  -4.2591e-13      -855.28            0            0            0        199.3      -29.533          200      -4.7926   2.0194e-10       -217.6  -1.2673e-11     -0.17585  -2.5599e-13    -0.043821       -132.4       -72430        13258       1.0109     0.013511            0            0            0            0            0            0            0            0            0          250        0.095            0  
          0         -3.5            0    -0.037117    0.0061504     0.006075   7.5321e-05  -4.6378e-21    -0.079551   1.2578e-05    -0.079564   1.2646e-14   2.6439e-17   1.5721e-17   1.0719e-17      -6.0349      -1.1627            0      -381.93       63.287      -22.543  -4.7723e-17      -381.27       37.166  -1.7269e-13      -444.79            0            0            0       197.31       -83.98          200      -9.4086   2.0782e-10      -218.29  -1.2276e-11     -0.46711  -5.4597e-13    -0.094633      -61.223  -2.0596e+05        12657      0.95517     0.017337            0            0            0            0            0            0            0            0            0          250        0.095            0  
          0           -3            0    0.0026176    0.0060443    0.0060345   9.7692e-06  -1.5824e-21    -0.079789   1.1323e-05      -0.0798   1.3041e-14  -4.3559e-17    1.608e-17  -5.9639e-17      0.43307     0.022157       19.546       26.935       62.196       1.5101  -1.6283e-17       26.893       44.552   1.2123e-13      -33.463            0            0            0       79.481       4406.7          200       66.584   2.1436e-10      -218.94  -1.1953e-11        8.087   7.9724e-12       1.3985       10.035   1.0808e+07        12439     0.036627     0.021168            0            0            0            0            0            0            0            0            0          250        0.095            0  
          0         -2.5            0      0.04236    0.0060093    0.0059007   0.00010862   5.3488e-22    -0.080015   9.9078e-06    -0.080025   1.3412e-14  -6.9993e-17   6.2964e-17  -1.3296e-16       7.0491       1.4508       4.8587       435.88       61.836        20.13   5.5039e-18       435.42       48.091   3.9784e-13       378.57            0            0            0       198.02         67.3          200       8.0743   2.2051e-10      -219.56  -1.0783e-11      0.59024   5.0711e-13     0.089978       81.357   1.6505e+05        12367      0.86274     0.025003            0            0            0            0            0            0            0            0            0          250        0.095            0  
          0           -2            0     0.082103    0.0061038    0.0057318   0.00037201   1.7134e-21     -0.08023    8.575e-06    -0.080239   1.3794e-14  -1.6502e-16   5.1257e-17  -2.1627e-16       13.451       3.8543         3.49       844.84       62.808        33.31   1.7631e-17       844.19       47.782   6.7477e-13       791.18            0            0            0       199.45       25.333          200       4.2517   2.2683e-10      -220.15  -1.0641e-11      0.35125    2.688e-13     0.048293       152.72        62129        12562      0.94628     0.028838            0            0            0            0            0            0            0            0            0          250        0.095            0  
          0         -1.5            0      0.12184    0.0063754    0.0055754   0.00079999   1.9529e-21    -0.080433   7.3739e-06     -0.08044   1.4204e-14  -2.4767e-16    5.241e-17  -3.0008e-16       19.111       6.6707       2.8649       1253.7       65.603       41.048   2.0095e-17       1253.1       43.623   9.5145e-13       1204.3            0            0            0       199.73       14.637          200       2.9954   2.3365e-10      -220.71  -1.0198e-11      0.26817   1.8606e-13     0.033823       224.11        35897        13121      0.96906     0.032674            0            0            0            0            0            0            0            0            0          250        0.095            0  
          0           -1            0      0.16156    0.0068111    0.0054187    0.0013925   1.2531e-21    -0.080623   6.2114e-06    -0.080629   1.4539e-14  -3.3562e-16   5.5543e-17  -3.9116e-16        23.72       9.5344       2.4879       1662.5       70.086        43.34   1.2895e-17         1662       35.618   1.2485e-12       1617.7            0            0            0       199.82       10.241          200        2.414   2.3922e-10      -221.23  -9.7024e-12      0.22597   1.4371e-13     0.026489       295.49        25116        14017      0.97894     0.036508            0            0            0            0            0            0            0            0            0          250        0.095            0  
          0         -0.5            0      0.20126    0.0072279    0.0050787    0.0021492   -3.856e-22    -0.080802   4.9275e-06    -0.080807   1.4918e-14  -3.0033e-16    1.867e-16  -4.8703e-16       27.845       12.492        2.229         2071       74.375       40.187  -3.9679e-18       2070.7       23.768   1.5662e-12       2031.3            0            0            0       199.87       7.8161          200       2.0567   2.4553e-10      -221.72  -7.0877e-12      0.20043   1.1856e-13     0.022064       366.85        19169        14875      0.98428     0.040339            0            0            0            0            0            0            0            0            0          250        0.095            0  
          0            0            0      0.24094     0.007652    0.0045822    0.0030698  -2.9628e-21    -0.080969   3.5965e-06    -0.080972   1.5289e-14  -4.2548e-16   1.6359e-16  -5.8907e-16       31.487       15.455       2.0373       2479.2       78.739       31.589  -3.0487e-17       2479.2       8.0773   1.8855e-12         2445            0            0            0        199.9       6.3175          200       1.8191   2.5172e-10      -222.18  -7.0051e-12       0.1833   1.0119e-13     0.019109       438.16        15494        15748      0.98753     0.044164            0            0            0            0            0            0            0            0            0          250        0.095            0  
          0          0.5            0      0.28057    0.0083109     0.004157    0.0041539  -6.4777e-21    -0.081123   2.4409e-06    -0.081126   1.5562e-14  -5.5133e-16   1.4336e-16  -6.9469e-16        33.76       17.882       1.8879       2887.1       85.519       17.548  -6.6655e-17       2887.4       -11.45   2.1926e-12       2858.6            0            0            0       199.91       5.4601          200       1.6967    2.563e-10       -222.6   -6.841e-12      0.17102   8.9251e-14        0.017       509.41        13391        17104      0.98969     0.047983            0            0            0            0            0            0            0            0            0          250        0.095            0  
          0            1            0      0.32017    0.0093661    0.0039653    0.0054008  -1.0929e-20    -0.081265   1.5459e-06    -0.081267   1.5925e-14  -7.7253e-16   3.5877e-17   -8.084e-16       34.184       19.342       1.7673       3294.5       96.377      -1.9312  -1.1246e-16         3295      -34.808   2.4856e-12       3272.1            0            0            0       199.91        5.048          200       1.6756   2.6237e-10      -222.99  -8.1412e-12      0.16177   7.9194e-14     0.015422       580.57        12380        19275      0.99118     0.051794            0            0            0            0            0            0            0            0            0          250        0.095            0  
          0          1.5            0      0.35971     0.010695    0.0038855    0.0068099  -1.6316e-20    -0.081395   7.7894e-07    -0.081396   1.6374e-14  -9.2198e-16   1.7401e-18  -9.2372e-16       33.632       20.171       1.6673       3701.4       110.06      -26.842  -1.6789e-16         3702      -61.989    2.852e-12       3685.2            0            0            0       199.91       4.8405          200       1.7031   2.6989e-10      -223.35  -8.1174e-12      0.15455   7.3025e-14     0.014199       651.62        11871        22011      0.99226     0.055595            0            0            0            0            0            0            0            0            0          250        0.095            0  
          0            2            0       0.3992     0.012267    0.0038871    0.0083802  -2.2636e-20    -0.081513   1.2925e-07    -0.081513   1.6738e-14  -1.0866e-15  -4.0983e-17  -1.0457e-15       32.541        20.56       1.5827       4107.7       126.23      -57.178  -2.3293e-16       4108.3      -92.985   3.1749e-12         4098            0            0            0       199.91       4.7489          200       1.7602     2.76e-10      -223.67  -8.2625e-12      0.14876   6.7291e-14     0.013226       722.54        11647        25246      0.99307     0.059384            0            0            0            0            0            0            0            0            0          250        0.095            0  
          0          2.5            0      0.43862     0.014134    0.0040234     0.010111  -2.9888e-20    -0.081618   -2.607e-07    -0.081617   1.7185e-14  -1.2435e-15  -6.8918e-17  -1.1746e-15       31.032       20.552       1.5099       4513.4       145.44      -92.929  -3.0755e-16       4513.6      -127.79    3.457e-12       4510.2            0            0            0        199.9       4.7508          200       1.8457   2.8351e-10      -223.96  -8.1124e-12        0.144   6.2768e-14     0.012435        793.3        11651        29088      0.99367      0.06316            0            0            0            0            0            0            0            0            0          250        0.095            0  
          0            3            0      0.47797     0.016555    0.0045546     0.012001   -3.807e-20    -0.081709   9.3214e-08     -0.08171   1.7494e-14  -1.5402e-15  -2.2778e-16  -1.3124e-15       28.871        19.96       1.4464       4918.3       170.35      -134.08  -3.9174e-16         4918      -166.38   3.8177e-12       4921.7            0            0            0       199.88       4.8918          200       1.9838   2.8876e-10      -224.21  -1.0249e-11      0.14001   5.8192e-14      0.01178       863.89        11997        34071      0.99414     0.066922            0            0            0            0            0            0            0            0            0          250        0.095            0  
          0          3.5            0      0.51724     0.019204    0.0051555     0.014049  -4.7179e-20    -0.081789   4.0728e-07     -0.08179   1.7687e-14   -1.718e-15  -2.9007e-16   -1.428e-15       26.934        19.37       1.3904       5322.4       197.61      -180.63  -4.8547e-16       5321.3      -208.76   4.1537e-12       5332.4            0            0            0       199.86       5.0407          200       2.1263   2.9208e-10      -224.43  -1.0456e-11      0.13662   5.5599e-14      0.01123       934.28        12362        39522       0.9945     0.070667            0            0            0            0            0            0            0            0            0          250        0.095            0  
          0            4            0      0.55642     0.022033    0.0057802     0.016253  -5.7211e-20    -0.081857   1.2208e-07    -0.081857   1.8274e-14  -1.9234e-15  -3.2977e-16  -1.5936e-15       25.253       18.837       1.3406       5725.6       226.72      -232.56   -5.887e-16       5723.3      -254.91   4.4838e-12       5742.2            0            0            0       199.84       5.1833          200       2.2676   3.0196e-10      -224.62  -1.0602e-11       0.1337   5.1802e-14     0.010762       1004.5        12712        45345      0.99478     0.074394            0            0            0            0            0            0            0            0            0          250        0.095            0  
          0          4.5            0      0.59551     0.025011    0.0063981     0.018613  -6.8165e-20    -0.081913  -4.9661e-07    -0.081912   1.8578e-14  -2.0161e-15  -2.7498e-16  -1.7411e-15        23.81       18.374       1.2959       6127.8       257.36      -289.84  -7.0142e-16       6123.9      -304.82   4.8651e-12       6150.9            0            0            0       199.82       5.3141          200        2.405   3.0717e-10      -224.77  -9.0928e-12      0.13115   4.9255e-14      0.01036       1074.4        13033        51473      0.99499     0.078101            0            0            0            0            0            0            0            0            0          250        0.095            0  
          0            5            0       0.6345     0.028029    0.0069025     0.021126  -8.0037e-20    -0.081957  -1.4414e-06    -0.081955   1.9039e-14  -2.0748e-15  -1.7156e-16  -1.9033e-15       22.637       18.032       1.2554         6529       288.42      -352.48  -8.2358e-16       6523.1      -358.47   5.2182e-12       6558.5            0            0            0       199.81       5.4149          200       2.5294     3.15e-10      -224.89  -6.7096e-12       0.1289   4.7346e-14     0.010012       1144.1        13280        57684      0.99516     0.081787            0            0            0            0            0            0            0            0            0          250        0.095            0  
          0          5.5            0      0.67338      0.03098     0.007188     0.023792  -9.2823e-20    -0.081989  -2.9248e-06    -0.081986   1.9197e-14  -2.1799e-15  -1.3251e-16  -2.0473e-15       21.736       17.837       1.2186       6929.1       318.78      -420.43  -9.5515e-16       6920.7      -415.84   5.5701e-12       6964.8            0            0            0       199.79       5.4741          200       2.6341   3.1783e-10      -224.98  -5.4317e-12       0.1269   4.5989e-14    0.0097084       1213.5        13425        63757      0.99529     0.085451            0            0            0            0            0            0            0            0            0          250        0.095            0  
          0            6            0      0.71215     0.034024     0.007416     0.026607  -1.0652e-19    -0.082009  -4.5318e-06    -0.082004   1.9415e-14   -2.313e-15  -1.1926e-16  -2.1937e-15       20.931       17.663        1.185         7328        350.1      -493.69  -1.0961e-15       7316.5      -476.92   5.9288e-12       7369.6            0            0            0       199.77       5.5278          200       2.7353   3.2167e-10      -225.03  -4.4603e-12       0.1251   4.4019e-14    0.0094412       1282.6        13557        70020       0.9954      0.08909            0            0            0            0            0            0            0            0            0          250        0.095            0  
          0          6.5            0      0.75079     0.037237    0.0076662     0.029571  -1.2112e-19    -0.082016   -5.998e-06     -0.08201   1.9687e-14  -2.4934e-15  -1.4721e-16  -2.3462e-15       20.162        17.47       1.1541       7725.7       383.17      -572.24  -1.2463e-15       7710.4      -541.69   6.2532e-12       7772.9            0            0            0       199.75       5.5889          200       2.8394   3.2642e-10      -225.05  -4.0949e-12      0.12347   4.2417e-14    0.0092049       1351.3        13707        76635      0.99547     0.092704            0            0            0            0            0            0            0            0            0          250        0.095            0  
          0            7            0      0.78931     0.040654    0.0079727     0.032681  -1.3663e-19     -0.08201  -7.2118e-06    -0.082003    2.003e-14   -2.664e-15  -1.4727e-16  -2.5167e-15       19.415       17.249       1.1256         8122       418.33      -656.04  -1.4059e-15       8102.4      -610.12   6.6451e-12       8174.5            0            0            0       199.74       5.6605          200       2.9484   3.3236e-10      -225.04  -3.3445e-12      0.12199   4.0898e-14    0.0089948       1419.7        13882        83666      0.99553      0.09629            0            0            0            0            0            0            0            0            0          250        0.095            0  
          0          7.5            0      0.82769     0.044212    0.0082769     0.035935  -1.5303e-19    -0.081993  -8.5356e-06    -0.081984   2.0451e-14  -2.8358e-15  -1.4126e-16  -2.6946e-15       18.721       17.032       1.0992         8517       454.94      -745.07  -1.5746e-15       8492.4      -682.21   7.0085e-12       8574.4            0            0            0       199.72       5.7328          200       3.0576   3.3962e-10      -224.99  -2.3403e-12      0.12063   3.9588e-14    0.0088072       1487.8        14060        90989      0.99558     0.099848            0            0            0            0            0            0            0            0            0          250        0.095            0  
          0            8            0      0.86593     0.047922    0.0085906     0.039331  -1.7032e-19    -0.081963   -9.982e-06    -0.081953   2.0731e-14   -3.031e-15  -1.5258e-16  -2.8784e-15        18.07       16.815       1.0746       8910.4       493.11      -839.32  -1.7526e-15       8880.1      -757.92   7.3615e-12       8972.3            0            0            0       199.69       5.8068          200       3.1676   3.4459e-10      -224.91  -1.9156e-12      0.11938   3.8345e-14    0.0086388       1555.5        14241        98623      0.99561      0.10337            0            0            0            0            0            0            0            0            0          250        0.095            0  
          0          8.5            0      0.90402     0.051799    0.0089324     0.042866   -1.885e-19     -0.08192  -1.1303e-05    -0.081909   2.1422e-14  -3.3159e-15  -1.8416e-16  -3.1317e-15       17.453       16.594       1.0517       9302.4       533.01      -938.73  -1.9397e-15       9265.4      -837.23   7.7813e-12       9368.2            0            0            0       199.67       5.8841          200       3.2794   3.5643e-10      -224.79  -1.8622e-12      0.11822   3.7074e-14    0.0084871       1622.7        14431    1.066e+05      0.99564      0.10687            0            0            0            0            0            0            0            0            0          250        0.095            0  
          0            9            0      0.94196     0.055868    0.0093292     0.046539  -2.0756e-19    -0.081865  -1.2576e-05    -0.081852   2.0919e-14  -3.3725e-15   -2.297e-16  -3.1428e-15       16.861       16.364       1.0303       9692.8       574.88      -1043.3  -2.1358e-15       9648.4      -920.12   8.2106e-12       9761.9            0            0            0       199.65       5.9668          200       3.3942   3.4827e-10      -224.64  -9.6194e-13      0.11713   3.6494e-14    0.0083501       1689.6        14633   1.1498e+05      0.99566      0.11033            0            0            0            0            0            0            0            0            0          250        0.095            0  
          0          9.5            0      0.97974     0.060131    0.0097861     0.050345   -2.275e-19    -0.081798  -1.3685e-05    -0.081784   2.1492e-14  -3.6864e-15  -2.8713e-16  -3.3993e-15       16.293       16.127       1.0103        10081       618.75        -1153  -2.3409e-15        10029      -1006.6   8.5491e-12        10153            0            0            0       199.62       6.0543          200       3.5121   3.5823e-10      -224.45  -1.4586e-12      0.11611   3.5119e-14    0.0082258         1756        14848   1.2375e+05      0.99568      0.11376            0            0            0            0            0            0            0            0            0          250        0.095            0  
          0           10            0       1.0173      0.06462     0.010336     0.054283   -2.483e-19    -0.081718   -1.468e-05    -0.081703   2.1704e-14  -3.9226e-15  -3.4434e-16  -3.5782e-15       15.744       15.879      0.99144        10468       664.94      -1267.7   -2.555e-15        10406      -1096.5   8.8848e-12        10542            0            0            0        199.6       6.1488          200       3.6344   3.6213e-10      -224.23   -1.551e-12      0.11515   3.3577e-14    0.0081128       1821.9        15080   1.3299e+05       0.9957      0.11715            0            0            0            0            0            0            0            0            0          250        0.095            0  
          0         10.5            0       1.0548     0.069529     0.011179      0.05835  -2.6997e-19    -0.081625   -1.481e-05     -0.08161   2.2327e-14  -4.3903e-15  -5.6803e-16  -3.8223e-15        15.17        15.58      0.97369        10854       715.46      -1387.5   -2.778e-15        10781        -1190   9.4622e-12        10929            0            0            0       199.57       6.2669          200       3.7714   3.7291e-10      -223.98  -4.0825e-12      0.11425   3.3478e-14    0.0080097       1887.3        15370   1.4309e+05      0.99572       0.1205            0            0            0            0            0            0            0            0            0          250        0.095            0  
          0           11            0        1.092     0.075115     0.012572     0.062543   -2.925e-19    -0.081517  -1.3073e-05    -0.081504    2.223e-14  -4.4479e-15  -4.6353e-16  -3.9844e-15       14.538       15.192      0.95694        11237       772.93      -1512.4  -3.0098e-15        11153        -1287    9.789e-12        11313            0            0            0       199.53       6.4269          200       3.9349   3.7179e-10      -223.68  -2.0494e-12      0.11338   3.2801e-14    0.0079155       1952.2        15762   1.5459e+05      0.99574      0.12382            0            0            0            0            0            0            0            0            0          250        0.095            0  
          0         11.5            0       1.1291     0.079679     0.012819     0.066859  -3.1587e-19    -0.081404  -1.7235e-05    -0.081387   2.2752e-14  -4.0853e-15   1.2068e-16   -4.206e-15       14.171       15.057       0.9411        11618       819.89      -1642.2  -3.2503e-15        11522      -1387.3   1.0177e-11        11694            0            0            0        199.5       6.4845          200       4.0366   3.8087e-10      -223.37   8.7691e-12      0.11256   3.1959e-14    0.0078291       2016.6        15903   1.6398e+05      0.99576      0.12709            0            0            0            0            0            0            0            0            0          250        0.095            0  
          0           12            0        1.166     0.084114     0.012819     0.071295  -3.4009e-19    -0.081281  -2.3992e-05    -0.081257    2.335e-14  -4.5387e-15  -3.4876e-17  -4.5038e-15       13.862       14.968       0.9261        11998       865.53      -1776.9  -3.4995e-15        11888      -1491.1   1.0621e-11        12072            0            0            0       199.48       6.5233          200       4.1262   3.9146e-10      -223.03   6.8376e-12      0.11178    3.159e-14    0.0077498       2080.5        15998   1.7311e+05      0.99579      0.13033            0            0            0            0            0            0            0            0            0          250        0.095            0  
          0         12.5            0       1.2026     0.088753     0.012905     0.075848  -3.6514e-19    -0.081143  -2.8906e-05    -0.081114   2.3109e-14  -4.7155e-15  -5.4001e-17  -4.6615e-15        13.55        14.86      0.91187        12375       913.26      -1916.5  -3.7573e-15        12251      -1598.3   1.1029e-11        12448            0            0            0       199.46       6.5706          200       4.2207   3.8807e-10      -222.66   6.5546e-12      0.11102   3.0913e-14    0.0076767       2143.7        16114   1.8265e+05      0.99583      0.13352            0            0            0            0            0            0            0            0            0          250        0.095            0  
          0           13            0       1.2391     0.093547     0.013033     0.080514  -3.9102e-19    -0.080993  -3.3058e-05     -0.08096   2.3795e-14  -5.0386e-15  -1.8199e-16  -4.8566e-15       13.246       14.745      0.89835        12750       962.59        -2061  -4.0236e-15        12610      -1708.8   1.1212e-11        12820            0            0            0       199.43       6.6221          200       4.3174   3.9971e-10      -222.25   7.2995e-12      0.11029   3.0288e-14    0.0076094       2206.4        16241   1.9252e+05      0.99587      0.13666            0            0            0            0            0            0            0            0            0          250        0.095            0  
          0         13.5            0       1.2754     0.098505     0.013215      0.08529  -4.1772e-19     -0.08083  -3.6468e-05    -0.080794   2.4003e-14  -5.2365e-15   -1.118e-16  -5.1247e-15       12.947       14.622      0.88549        13123       1013.6      -2210.2  -4.2983e-15        12966      -1822.7   1.1653e-11        13189            0            0            0       199.41       6.6778          200       4.4166   4.0397e-10       -221.8   8.4238e-12      0.10959   3.0415e-14    0.0075471       2268.5        16377   2.0272e+05      0.99593      0.13977            0            0            0            0            0            0            0            0            0          250        0.095            0  
          0           14            0       1.3114      0.10364     0.013469     0.090173  -4.4523e-19    -0.080655  -3.9942e-05    -0.080616   2.3826e-14   -5.422e-15  -1.5461e-16  -5.2674e-15       12.653        14.49      0.87324        13494       1066.5      -2364.3  -4.5814e-15        13318      -1939.8   1.1973e-11        13555            0            0            0       199.38       6.7385          200       4.5188    4.016e-10      -221.32   8.2811e-12      0.10891    2.908e-14    0.0074895         2330        16526    2.133e+05      0.99599      0.14282            0            0            0            0            0            0            0            0            0          250        0.095            0  
          0         14.5            0       1.3472      0.10895     0.013788     0.095159  -4.7354e-19    -0.080468  -4.2879e-05    -0.080425   2.3906e-14  -5.7068e-15  -3.0587e-16  -5.4009e-15       12.366       14.353      0.86155        13863       1121.1        -2523  -4.8727e-15        13666      -2060.2   1.2685e-11        13917            0            0            0       199.35       6.8027          200       4.6233   4.0332e-10       -220.8   7.5811e-12      0.10824   2.8914e-14     0.007436       2390.8        16684   2.2421e+05      0.99606      0.14583            0            0            0            0            0            0            0            0            0          250        0.095            0  
          0           15            0       1.3828      0.11447      0.01423      0.10024  -5.0265e-19    -0.080268  -4.5274e-05    -0.080223   2.4066e-14  -6.2112e-15  -5.5603e-16  -5.6551e-15        12.08       14.205      0.85039        14229       1177.9      -2686.4  -5.1722e-15        14011      -2183.7   1.3119e-11        14276            0            0            0       199.32       6.8737          200       4.7324   4.0682e-10      -220.26   3.7738e-12       0.1076   2.8412e-14    0.0073862         2451        16858   2.3559e+05      0.99615      0.14878            0            0            0            0            0            0            0            0            0          250        0.095            0  
          0         15.5            0       1.4182      0.12041     0.014985      0.10542  -5.3254e-19    -0.080056  -4.6807e-05    -0.080009   2.4691e-14  -6.6813e-15  -6.5792e-16  -6.0234e-15       11.778       14.026      0.83972        14593         1239      -2854.4  -5.4798e-15        14352      -2310.5   1.3317e-11        14631            0            0            0       199.28       6.9615          200       4.8531   4.1824e-10      -219.67   2.6373e-12      0.10696    2.733e-14    0.0073399       2510.4        17073    2.478e+05      0.99625      0.15169            0            0            0            0            0            0            0            0            0          250        0.095            0  
          0           16            0       1.4533       0.1265     0.015804       0.1107  -5.6321e-19     -0.07983  -4.7478e-05    -0.079783    2.496e-14  -6.8549e-15  -6.0123e-16  -6.2537e-15       11.488       13.849      0.82952        14954       1301.7        -3027  -5.7954e-15        14689      -2440.3    1.385e-11        14982            0            0            0       199.25       7.0502          200       4.9748   4.2341e-10      -219.05   4.7848e-12      0.10634   2.7687e-14    0.0072967       2569.2        17291   2.6034e+05      0.99637      0.15455            0            0            0            0            0            0            0            0            0          250        0.095            0  
          0         16.5            0       1.4882      0.13259     0.016536      0.11606  -5.9465e-19    -0.079595  -4.9494e-05    -0.079545   2.5164e-14  -7.0811e-15   -6.949e-16  -6.3862e-15       11.223       13.691      0.81974        15313       1364.4      -3204.1  -6.1189e-15        15022      -2573.3   1.4143e-11        15330            0            0            0       199.21       7.1315          200       5.0916   4.2711e-10      -218.41    5.889e-12      0.10574   2.6492e-14    0.0072563       2627.3        17490   2.7288e+05       0.9965      0.15735            0            0            0            0            0            0            0            0            0          250        0.095            0  
          0           17            0       1.5228      0.13893     0.017425       0.1215  -6.2684e-19    -0.079349    -5.33e-05    -0.079296   2.5494e-14  -7.7468e-15  -1.0975e-15  -6.6493e-15       10.961       13.526      0.81037        15669       1429.6      -3385.6  -6.4502e-15        15350      -2709.3   1.4608e-11        15673            0            0            0       199.17       7.2188          200       5.2129   4.3339e-10      -217.73   7.4445e-13      0.10514   2.6461e-14    0.0072184       2684.6        17704   2.8591e+05      0.99665       0.1601            0            0            0            0            0            0            0            0            0          250        0.095            0  
          0         17.5            0       1.5571      0.14714     0.020109      0.12703  -6.5978e-19    -0.079099  -6.3996e-05    -0.079035   2.5024e-14  -1.0515e-14  -3.8098e-15  -6.7048e-15       10.583       13.206      0.80137        16023         1514      -3571.6  -6.7891e-15        15675      -2848.3   1.5151e-11        16012            0            0            0       199.11       7.3936          200        5.398   4.2613e-10      -217.05  -4.1208e-11      0.10455   2.5955e-14    0.0071829       2741.2        18133   3.0281e+05      0.99682       0.1628            0            0            0            0            0            0            0            0            0          250        0.095            0  
