T120_wing
T1-46.9 m/s-LLT-x0.085m
Freestream speed = 46.900 m/s


 Ctrl        Alpha        Beta         CL           CD           CD_viscous   CD_induced   CY           Cm           Cm_viscous   Cm_pressure  Cl           Cn           Cn_viscous   Cn_pressure  CL/CD        CL^(3/2)/CD  1/sqrt(CL)   Lift_(N)     Drag_(N)     Fx_FF_(N)    Fy_FF_(N)    Fz_FF_(N)    Fx_sum_(N)   Fy_sum_(N)   Fz_sum_(N)   Extra_drag_(N)  Fuse_drag_(N)  Cf_Fuse      Vx_(m/s)     Vz_(m/s)     V_(m/s)      Gamma        L_(N.m)      M_(N.m)      N_(N.m)      CPx_(m)      CPy_(m)      CPz_(m)      BM_(N.m)     m.g.Vz_(W)   Drag_x_V_(W)  Efficiency   XCp.Cl       XNP_(m)      Phugoid_Freq._(Hz)  Phugoid_Damping  Short_Period_Freq._(Hz)  Short_Period_Damping_Ratio  Dutch_Roll_Freq._(Hz)  Dutch_Roll_Damping  Roll_Damping  Spiral_Damping  Mass_(kg)    CoG_x_(m)    CoG_z_(m)    
          0          -14            0    -0.028779     0.088074     0.088046   2.8167e-05            0    -0.084142            0    -0.084142  -1.4263e-20   2.6422e-19   2.6452e-19   -2.942e-22     -0.32676    -0.055433            0      -85.306       261.07      -20.556            0      -82.793            0            0            0            0            0            0       14.567      -533.18         46.9      -71.905  -2.2095e-16         -105    4.093e-15      0.25302            0            0      -53.164  -6.2766e+05        12244      0.75401   -0.0072817            0            0            0            0            0            0            0            0            0          120        0.085            0  
          0        -13.5            0    -0.011019     0.081567     0.081562   4.4632e-06            0    -0.089832            0    -0.089832  -1.4652e-19   1.9714e-19   1.9709e-19   5.3041e-23      -0.1351    -0.014181            0      -32.663       241.78      -7.6122            0      -31.764            0            0            0            0            0            0        6.279      -2084.1         46.9      -82.306  -2.2697e-15       -112.1   3.0539e-15     0.075831            0            0       -20.06  -2.4535e+06        11339      0.69764   -0.0008356            0            0            0            0            0            0            0            0            0          120        0.085            0  
          0          -13            0     0.014769     0.077822     0.077817   5.3599e-06            0     -0.09458            0     -0.09458  -4.2141e-20   2.5935e-19   2.5933e-19    2.546e-23      0.18978     0.023063       8.2286       43.778       230.68       9.8634            0       42.652            0            0            0            0            0            0       8.7445       1281.5         46.9       79.254   -6.528e-16      -118.03   4.0176e-15     -0.18935            0            0       27.075   1.5086e+06        10819       1.0435   -0.0027965            0            0            0            0            0            0            0            0            0          120        0.085            0  
          0        -12.5            0     0.041289     0.073307     0.073259   4.7886e-05            0     -0.10199            0     -0.10199  -1.7894e-19   3.5785e-19   3.5787e-19  -2.2631e-23      0.56323      0.11445       4.9213       122.39        217.3       26.628            0       119.46            0            0            0            0            0            0       23.016       258.25         46.9        60.61  -2.7719e-15      -127.28   5.5434e-15       43.942            0            0       75.478   3.0401e+05        10191      0.91289       1.8143            0            0            0            0            0            0            0            0            0          120        0.085            0  
          0          -12            0     0.064515      0.06876     0.068637   0.00012304            0      -0.1081            0      -0.1081  -2.4896e-19   3.5289e-19   3.5269e-19   2.0368e-22      0.93826      0.23832        3.937       191.23       203.82       40.116            0       186.98            0            0            0            0            0            0       32.091       124.02         46.9       46.824  -3.8565e-15       -134.9   5.4665e-15       11.309            0            0       118.43     1.46e+05         9559      0.86743      0.72961            0            0            0            0            0            0            0            0            0          120        0.085            0  
          0         -9.5            0     -0.14955     0.016148     0.015474   0.00067463            0     -0.13784            0     -0.13784   2.6257e-18   -5.385e-19  -5.1347e-19   -2.503e-20      -9.2609      -3.5813            0      -443.28       47.866      -71.191            0      -437.54            0            0            0            0            0            0       46.629      -8.2529         46.9       -6.163   4.0674e-14      -172.02  -8.3418e-15     -0.32286            0            0       -261.5      -9715.3       2244.9      0.85007     0.048282            0            0            0            0            0            0            0            0            0          120        0.085            0  
          0           -9            0     -0.10676     0.014896     0.014484   0.00041219            0      -0.1389            0      -0.1389   2.5959e-18  -5.6386e-19  -5.2384e-19  -4.0011e-20       -7.167      -2.3418            0      -316.46       44.155      -48.298            0      -312.75            0            0            0            0            0            0        46.45      -12.621         46.9      -7.9431   4.0212e-14      -173.33  -8.7345e-15     -0.64853            0            0       -184.3       -14858       2070.8      0.70908     0.069238            0            0            0            0            0            0            0            0            0          120        0.085            0  
          0         -8.5            0    -0.063605     0.013982     0.013764   0.00021788            0     -0.14015            0     -0.14015   2.6789e-18  -5.0199e-19  -4.4605e-19  -5.5943e-20       -4.549      -1.1473            0      -188.54       41.446      -27.229            0      -186.56            0            0            0            0            0            0       45.806      -25.762         46.9      -12.398   4.1498e-14       -174.9  -7.7762e-15      -1.8092            0            0      -107.05       -30328       1943.8      0.47614      0.11507            0            0            0            0            0            0            0            0            0          120        0.085            0  
          0           -8            0    -0.020433     0.013155     0.013029   0.00012592            0     -0.14139            0     -0.14139   2.4169e-18  -4.8674e-19  -4.2011e-19  -6.6625e-20      -1.5532     -0.22202            0      -60.567       38.995      -8.0597            0      -60.029            0            0            0            0            0            0       39.434      -133.12         46.9      -32.775    3.744e-14      -176.44  -7.5399e-15       -3.381            0            0      -29.878  -1.5671e+05       1828.9     0.085023     0.069083            0            0            0            0            0            0            0            0            0          120        0.085            0  
          0         -7.5            0     0.018093     0.010811     0.010804   7.0402e-06            0     -0.14329            0     -0.14329  -9.0765e-20   3.6312e-20   3.6306e-20   5.6577e-24       1.6736      0.22512       7.4343       53.632       32.046        7.021            0        53.17            0            0            0            0            0            0        40.26       131.29         46.9       30.859   -1.406e-15      -178.81    5.625e-16       2.8936            0            0       32.435   1.5456e+05         1503       1.1924     0.052354            0            0            0            0            0            0            0            0            0          120        0.085            0  
          0           -7            0     0.061319     0.010045    0.0099457   9.9778e-05            0     -0.14452            0     -0.14452  -3.9159e-19   2.7328e-20   2.6581e-20   7.4681e-22       6.1042       1.5116       4.0383       181.76       29.776       22.445            0       180.37            0            0            0            0            0            0       46.283       19.553         46.9       9.3037   -6.066e-15      -180.35   4.2333e-16       1.3626            0            0       110.01        23018       1396.5      0.96632     0.083555            0            0            0            0            0            0            0            0            0          120        0.085            0  
          0         -6.5            0      0.10627    0.0097516    0.0094449   0.00030673            0     -0.14603            0     -0.14603  -3.2157e-19   3.4526e-20   3.5658e-20  -1.1315e-21       10.897       3.5523       3.0676       314.99       28.906       36.561            0       312.86            0            0            0            0            0            0       46.704       8.3202         46.9       5.2431  -4.9813e-15      -182.24   5.3484e-16      0.72531            0            0       190.28       9794.5       1355.7      0.94406     0.077075            0            0            0            0            0            0            0            0            0          120        0.085            0  
          0           -6            0      0.15172    0.0097127    0.0090787   0.00063403            0     -0.14766            0     -0.14766  -1.8153e-19    5.087e-20   5.1866e-20  -9.9575e-22        15.62       6.0842       2.5674       449.71        28.79       48.877            0       447.05            0            0            0            0            0            0       46.804       4.8578         46.9        3.663   -2.812e-15      -184.26   7.8802e-16      0.52345            0            0       271.55       5718.6       1350.3      0.93091     0.079415            0            0            0            0            0            0            0            0            0          120        0.085            0  
          0         -5.5            0      0.19724    0.0098248    0.0087458     0.001079            0     -0.14929            0     -0.14929  -4.1493e-19   3.5961e-20   3.3064e-20   2.8967e-21       20.076       8.9161       2.2517       584.66       29.122        59.22            0       581.66            0            0            0            0            0            0       46.842       3.3149         46.9       2.8516  -6.4275e-15       -186.3   5.5707e-16      0.41817            0            0       353.02       3902.3       1365.8       0.9246     0.082481            0            0            0            0            0            0            0            0            0          120        0.085            0  
          0           -5            0      0.24257     0.010102    0.0084623    0.0016396            0     -0.15085            0     -0.15085  -8.9209e-19   2.8164e-20   2.8526e-20  -3.6209e-22       24.012       11.826       2.0304       719.01       29.944       67.507            0       715.85            0            0            0            0            0            0       46.859       2.4992         46.9       2.3848  -1.3819e-14      -188.25   4.3628e-16      0.35747            0            0       434.22       2942.1       1404.4      0.92021     0.086709            0            0            0            0            0            0            0            0            0          120        0.085            0  
          0         -4.5            0      0.28788     0.010533    0.0082169    0.0023162            0     -0.15241            0     -0.15241  -9.9582e-19   1.8953e-20   1.7505e-20   1.4484e-21       27.331       14.664       1.8638       853.33       31.222       73.796            0       850.16            0            0            0            0            0            0       46.869       2.0155         46.9       2.0954  -1.5426e-14      -190.19    2.936e-16      0.31536            0            0       515.28       2372.6       1464.3      0.91753     0.090785            0            0            0            0            0            0            0            0            0          120        0.085            0  
          0           -4            0      0.33348     0.011067    0.0079533    0.0031135            0     -0.15405            0     -0.15405  -1.0996e-18   4.1686e-20   4.6031e-20  -4.3451e-21       30.133       17.401       1.7317       988.48       32.804        78.16            0       985.43            0            0            0            0            0            0       46.874       1.6985         46.9       1.9007  -1.7033e-14      -192.24   6.4574e-16       0.2851            0            0       596.84       1999.5       1538.5       0.9159     0.095073            0            0            0            0            0            0            0            0            0          120        0.085            0  
          0         -3.5            0      0.37877     0.011692    0.0076677    0.0040244            0     -0.15563            0     -0.15563    -6.95e-19   3.8858e-20   3.3064e-20   5.7935e-21       32.395       19.937       1.6249       1122.7       34.657       80.448            0       1119.9            0            0            0            0            0            0       46.878       1.4825         46.9       1.7681  -1.0766e-14      -194.22   6.0194e-16      0.26239            0            0          678       1745.2       1625.4      0.91411     0.099386            0            0            0            0            0            0            0            0            0          120        0.085            0  
          0           -3            0      0.42391     0.012553    0.0075048    0.0050486            0     -0.15718            0     -0.15718  -4.0455e-19   3.6796e-20   2.5933e-20   1.0863e-20       33.769       21.986       1.5359       1256.5        37.21       80.707            0         1254            0            0            0            0            0            0       46.879       1.3443         46.9       1.6962  -6.2668e-15      -196.15   5.6999e-16      0.24454            0            0       758.84       1582.5       1745.2      0.91273      0.10366            0            0            0            0            0            0            0            0            0          120        0.085            0  
          0         -2.5            0      0.46958     0.013534    0.0073358     0.006198            0      -0.1589            0      -0.1589  -9.9582e-19   5.2962e-20   3.6306e-20   1.6656e-20       34.697       23.776       1.4593       1391.9       40.117       79.069            0       1389.8            0            0            0            0            0            0       46.881       1.2431         46.9       1.6509  -1.5426e-14       -198.3   8.2043e-16      0.23013            0            0        840.4       1463.4       1881.5      0.91229      0.10807            0            0            0            0            0            0            0            0            0          120        0.085            0  
          0           -2            0      0.51443     0.014691    0.0072405    0.0074506            0     -0.16041            0     -0.16041  -1.9502e-18   2.8105e-20   2.5933e-20   2.1725e-21       35.016       25.115       1.3942       1524.9       43.547       75.288            0       1523.2            0            0            0            0            0            0       46.881       1.1768         46.9       1.6358  -3.0209e-14      -200.18   4.3537e-16      0.21835            0            0       921.05       1385.4       2042.4       0.9108      0.11233            0            0            0            0            0            0            0            0            0          120        0.085            0  
          0         -1.5            0       0.5585     0.015954    0.0071563     0.008798            0     -0.16172            0     -0.16172  -3.9418e-19   1.0761e-21    1.556e-20  -1.4484e-20       35.006       26.161       1.3381       1655.5       47.291       69.406            0       1654.2            0            0            0            0            0            0       46.881       1.1298         46.9       1.6363  -6.1061e-15      -201.82   1.6669e-17      0.20846            0            0       1000.5         1330         2218      0.90914      0.11643            0            0            0            0            0            0            0            0            0          120        0.085            0  
          0           -1            0       0.6013     0.017354    0.0071297     0.010224            0     -0.16271            0     -0.16271  -1.4315e-18   5.1866e-20   5.1866e-20            0        34.65       26.868       1.2896       1782.3       51.439       61.407            0       1781.5            0            0            0            0            0            0        46.88          1.1         46.9       1.6531  -2.2175e-14      -203.05   8.0344e-16      0.19998            0            0       1078.1         1295       2412.5      0.90682      0.12025            0            0            0            0            0            0            0            0            0          120        0.085            0  
          0         -0.5            0      0.64207     0.018905    0.0072078     0.011698            0     -0.16317            0     -0.16317  -1.2655e-18   6.3246e-20   2.2691e-20   4.0554e-20       33.962       27.214        1.248       1903.2       56.039       51.281            0       1902.8            0            0            0            0            0            0        46.88       1.0861         46.9       1.6865  -1.9604e-14      -203.63   9.7972e-16      0.19264            0            0       1152.8       1278.5       2628.2      0.90372      0.12369            0            0            0            0            0            0            0            0            0          120        0.085            0  
          0            0            0       0.6813     0.020586    0.0073698     0.013216            0     -0.16325            0     -0.16325  -2.6763e-18    4.483e-20   1.2966e-20   3.1864e-20       33.095       27.317       1.2115       2019.5        61.02       39.175            0       2019.5            0            0            0            0            0            0       46.879        1.082         46.9       1.7307  -4.1458e-14      -203.72   6.9446e-16      0.18612            0            0       1224.7       1273.7       2861.8      0.90061       0.1268            0            0            0            0            0            0            0            0            0          120        0.085            0  
          0          0.5            0       0.7199      0.02236    0.0075622     0.014798            0      -0.1632            0      -0.1632  -3.6306e-18   2.6747e-20   4.9921e-20  -2.3174e-20       32.195       27.317       1.1786       2133.9        66.28       25.241            0       2134.2            0            0            0            0            0            0       46.877        1.082         46.9       1.7791  -5.6241e-14      -203.66   4.1433e-16       0.1803            0            0       1295.2       1273.7       3108.5      0.89803       0.1298            0            0            0            0            0            0            0            0            0          120        0.085            0  
          0            1            0      0.75824     0.024188    0.0077353     0.016452            0     -0.16313            0     -0.16313   -1.141e-18   4.9755e-20   2.6581e-20   2.3174e-20       31.348       27.297       1.1484       2247.6       71.696       9.5347            0       2248.1            0            0            0            0            0            0       46.876       1.0828         46.9       1.8271  -1.7676e-14      -203.57   7.7074e-16      0.17506            0            0       1364.9       1274.6       3362.5      0.89609      0.13273            0            0            0            0            0            0            0            0            0          120        0.085            0  
          0          1.5            0      0.79637     0.026078    0.0078994     0.018179            0     -0.16303            0     -0.16303  -9.9582e-19   2.1698e-20   1.8801e-20   2.8967e-21       30.538       27.252       1.1206       2360.6       77.301      -7.9258            0       2361.2            0            0            0            0            0            0       46.875       1.0846         46.9       1.8756  -1.5426e-14      -203.45   3.3612e-16      0.17033            0            0       1434.2       1276.7       3625.4      0.89459      0.13564            0            0            0            0            0            0            0            0            0          120        0.085            0  
          0            2            0      0.83355     0.028005    0.0080475     0.019958            0     -0.16272            0     -0.16272  -1.2655e-18  -4.8775e-20   2.0746e-20  -6.9522e-20       29.764       27.174       1.0953       2470.8       83.012      -27.108            0       2471.3            0            0            0            0            0            0       46.874       1.0876         46.9       1.9243  -1.9604e-14      -203.06  -7.5557e-16      0.16597            0            0       1502.3       1280.4       3893.3      0.89273      0.13834            0            0            0            0            0            0            0            0            0          120        0.085            0  
          0          2.5            0      0.87272      0.02992    0.0080513     0.021869            0     -0.16314            0     -0.16314  -4.8546e-18   4.2831e-20   4.8624e-20  -5.7935e-21       29.169       27.249       1.0704       2586.9       88.687      -48.079            0       2587.3            0            0            0            0            0            0       46.872       1.0847         46.9       1.9635  -7.5202e-14      -203.59   6.6348e-16      0.16214            0            0       1570.9       1276.9       4159.4      0.89309      0.14151            0            0            0            0            0            0            0            0            0          120        0.085            0  
          0            3            0      0.92113     0.032193    0.0079707     0.024223            0     -0.16637            0     -0.16637  -2.1161e-18   1.2702e-19   2.8526e-20   9.8489e-20       28.612       27.461       1.0419       2730.4       95.426      -71.196            0       2730.4            0            0            0            0            0            0       46.871       1.0763         46.9       2.0017   -3.278e-14      -207.61   1.9676e-15      0.15915            0            0       1652.6         1267       4475.5      0.89823       0.1466            0            0            0            0            0            0            0            0            0          120        0.085            0  
          0          3.5            0      0.95576     0.034471    0.0082257     0.026245            0     -0.16561            0     -0.16561  -2.7385e-18   1.6415e-19   4.5383e-20   1.1877e-19       27.726       27.106       1.0229         2833       102.18      -95.302            0       2832.5            0            0            0            0            0            0        46.87       1.0904         46.9       2.0656  -4.2422e-14      -206.66   2.5428e-15      0.15574            0            0         1722       1283.6       4792.1       0.8925      0.14885            0            0            0            0            0            0            0            0            0          120        0.085            0  
          0            4            0      0.98386     0.036668    0.0086254     0.028043            0     -0.16302            0     -0.16302  -1.9087e-18   2.0181e-20   3.1768e-20  -1.1587e-20       26.832       26.614       1.0082       2916.3       108.69      -120.51            0         2915            0            0            0            0            0            0       46.867       1.1105         46.9       2.1344  -2.9567e-14      -203.43   3.1262e-16       0.1522            0            0       1779.6       1307.3       5097.6      0.88514      0.14974            0            0            0            0            0            0            0            0            0          120        0.085            0  
          0          4.5            0       1.0099     0.038949    0.0091791      0.02977            0     -0.15996            0     -0.15996   6.6388e-19  -9.8323e-20    2.334e-20  -1.2166e-19        25.93       26.058      0.99507       2993.6       115.45       -146.9            0       2991.3            0            0            0            0            0            0       46.865       1.1342         46.9       2.2086   1.0284e-14      -199.62  -1.5231e-15       0.1488            0            0       1832.2       1335.2       5414.6      0.87856      0.15027            0            0            0            0            0            0            0            0            0          120        0.085            0  
          0            5            0       1.0375     0.041269    0.0097349     0.031534            0     -0.15737            0     -0.15737  -3.5684e-18   7.9853e-20   4.5383e-21   7.5315e-20       25.141       25.609      0.98174       3075.5       122.33      -174.93            0       3071.9            0            0            0            0            0            0       46.863       1.1541         46.9       2.2778  -5.5277e-14      -196.39    1.237e-15      0.14563            0            0       1883.7       1358.7       5737.2      0.87537       0.1511            0            0            0            0            0            0            0            0            0          120        0.085            0  
          0          5.5            0       1.0668      0.04363     0.010268     0.033362            0     -0.15526            0     -0.15526  -1.6597e-18  -1.4538e-20   3.7603e-20  -5.2141e-20       24.452       25.255      0.96818       3162.2       129.33      -204.65            0       3157.1            0            0            0            0            0            0       46.861       1.1703         46.9       2.3419   -2.571e-14      -193.75  -2.2521e-16       0.1427            0            0         1936       1377.7       6065.4      0.87478      0.15223            0            0            0            0            0            0            0            0            0          120        0.085            0  
          0            6            0       1.0996     0.046187     0.010721     0.035466            0     -0.15421            0     -0.15421  -7.4687e-19  -1.1052e-19   2.8526e-20  -1.3904e-19       23.808       24.965      0.95363       3259.4       136.91      -236.15            0       3252.6            0            0            0            0            0            0       46.859       1.1839         46.9       2.4052   -1.157e-14      -192.44   -1.712e-15      0.14012            0            0       1994.4       1393.7       6420.9      0.87424      0.15408            0            0            0            0            0            0            0            0            0          120        0.085            0  
          0          6.5            0       1.1332     0.048892     0.011181     0.037711            0     -0.15351            0     -0.15351  -2.1576e-18  -1.0127e-19   6.0942e-20  -1.6222e-19       23.177       24.672      0.93941       3358.9       144.93      -269.18            0         3350            0            0            0            0            0            0       46.856        1.198         46.9       2.4706  -3.3423e-14      -191.57  -1.5688e-15      0.13777            0            0       2055.5       1410.2         6797      0.87314      0.15612            0            0            0            0            0            0            0            0            0          120        0.085            0  
          0            7            0       1.1661     0.051601     0.011699     0.039902            0     -0.15264            0     -0.15264   -5.477e-18   1.5299e-19   6.0294e-20   9.2695e-20       22.597       24.401      0.92606       3456.4       152.96      -303.83            0         3445            0            0            0            0            0            0       46.854       1.2112         46.9       2.5339  -8.4843e-14      -190.48   2.3699e-15      0.13549            0            0       2114.5       1425.9       7173.6      0.87378      0.15799            0            0            0            0            0            0            0            0            0          120        0.085            0  
          0          7.5            0       1.1981     0.054403     0.012285     0.042118            0     -0.15168            0     -0.15168  -2.2406e-18   1.5477e-19   3.8899e-20   1.1587e-19       22.022       24.104      0.91361       3551.2       161.26      -339.75            0       3537.2            0            0            0            0            0            0       46.852       1.2262         46.9          2.6  -3.4709e-14      -189.28   2.3975e-15      0.13332            0            0       2172.2       1443.5       7563.1      0.87387      0.15973            0            0            0            0            0            0            0            0            0          120        0.085            0  
          0            8            0       1.2302     0.057302     0.012912     0.044389            0     -0.15087            0     -0.15087  -4.8961e-18    3.073e-19   3.5009e-20   2.7229e-19       21.469       23.813      0.90159       3646.6       169.85      -377.21            0       3629.4            0            0            0            0            0            0       46.849       1.2412         46.9       2.6668  -7.5845e-14      -188.28   4.7603e-15      0.13129            0            0       2229.9       1461.1       7966.1      0.87427      0.16151            0            0            0            0            0            0            0            0            0          120        0.085            0  
          0          8.5            0       1.2634     0.060301     0.013527     0.046773            0     -0.15043            0     -0.15043  -3.9003e-18   2.3147e-20   8.6875e-20  -6.3728e-20       20.951       23.549      0.88969       3744.8       178.74      -416.39            0       3724.1            0            0            0            0            0            0       46.847       1.2551         46.9       2.7327  -6.0419e-14      -187.72   3.5857e-16      0.12941            0            0       2289.1       1477.5         8383      0.87501      0.16349            0            0            0            0            0            0            0            0            0          120        0.085            0  
          0            9            0       1.2973     0.063396     0.014115     0.049281            0      -0.1503            0      -0.1503  -6.1409e-18   2.9778e-19   5.4459e-20   2.4333e-19       20.464       23.308      0.87796       3845.5       187.92      -457.29            0         3821            0            0            0            0            0            0       46.844        1.268         46.9       2.7976  -9.5127e-14      -187.56   4.6129e-15      0.12768            0            0       2349.7       1492.7       8813.3      0.87575      0.16564            0            0            0            0            0            0            0            0            0          120        0.085            0  
          0          9.5            0       1.3318     0.066667      0.01471     0.051957            0     -0.15045            0     -0.15045  -3.7758e-18  -3.0424e-19   1.2448e-19  -4.2872e-19       19.976       23.053      0.86654       3947.6       197.61      -499.64            0       3918.8            0            0            0            0            0            0       46.841       1.2821         46.9       2.8658   -5.849e-14      -187.75  -4.7129e-15      0.12608            0            0       2411.9       1509.3         9268      0.87533      0.16791            0            0            0            0            0            0            0            0            0          120        0.085            0  
          0           10            0       1.3661     0.070082     0.015338     0.054744            0     -0.15075            0     -0.15075  -2.9045e-18  -3.2158e-19   1.3031e-19  -4.5189e-19       19.493       22.784      0.85557       4049.4       207.74      -543.36            0         4016            0            0            0            0            0            0       46.838       1.2973         46.9       2.9367  -4.4993e-14      -188.13  -4.9815e-15      0.12459            0            0         2475       1527.1       9742.8      0.87417       0.1702            0            0            0            0            0            0            0            0            0          120        0.085            0  
          0         10.5            0       1.3998     0.073589     0.016015     0.057574            0     -0.15102            0     -0.15102  -2.8215e-18  -3.3835e-19   1.2513e-19  -4.6348e-19       19.022       22.506      0.84521       4149.3       218.13      -588.34            0       4110.9            0            0            0            0            0            0       46.835       1.3133         46.9       3.0093  -4.3707e-14      -188.46  -5.2413e-15      0.12315            0            0       2537.2         1546        10230      0.87272      0.17239            0            0            0            0            0            0            0            0            0          120        0.085            0  
          0           11            0       1.4322     0.077062      0.01678     0.060282            0     -0.15098            0     -0.15098  -3.6514e-18    2.341e-19   6.0294e-20    1.738e-19       18.585       22.242      0.83559       4245.4       228.43      -634.65            0       4201.5            0            0            0            0            0            0       46.832       1.3288         46.9       3.0799  -5.6562e-14      -188.41   3.6264e-15      0.12171            0            0       2596.8       1564.3        10713      0.87256      0.17431            0            0            0            0            0            0            0            0            0          120        0.085            0  
          0         11.5            0       1.4629      0.08062     0.017671      0.06295            0      -0.1507            0      -0.1507  -6.8878e-18   5.2133e-19   -1.167e-20     5.33e-19       18.145       21.946       0.8268       4336.1       238.97      -681.64            0       4286.3            0            0            0            0            0            0       46.829       1.3468         46.9       3.1545   -1.067e-13      -188.06   8.0758e-15      0.12028            0            0       2653.7       1585.4        11208      0.87171      0.17595            0            0            0            0            0            0            0            0            0          120        0.085            0  
          0           12            0       1.4919      0.08423     0.018689     0.065541            0      -0.1502            0      -0.1502  -4.1078e-18   3.9193e-19  -1.3615e-20   4.0554e-19       17.712       21.635      0.81871       4422.3       249.67      -729.41            0         4366            0            0            0            0            0            0       46.825       1.3662         46.9       3.2314  -6.3632e-14      -187.43   6.0713e-15      0.11887            0            0       2708.1       1608.2        11710      0.87083      0.17734            0            0            0            0            0            0            0            0            0          120        0.085            0  
          0         12.5            0       1.5195     0.087906      0.01983     0.068076            0     -0.14956            0     -0.14956  -6.2654e-18   1.6554e-19   1.4911e-20   1.5063e-19       17.286       21.307      0.81124         4504       260.57      -777.85            0         4441            0            0            0            0            0            0       46.822       1.3871         46.9        3.311  -9.7056e-14      -186.64   2.5644e-15      0.11749            0            0       2760.2       1632.9        12221       0.8697      0.17853            0            0            0            0            0            0            0            0            0          120        0.085            0  
          0           13            0       1.5494     0.091636      0.02083     0.070806            0     -0.14945            0     -0.14945  -2.3651e-18   2.0517e-19   6.6129e-20   1.3904e-19       16.908       21.046      0.80338       4592.6       271.63       -828.6            0       4522.1            0            0            0            0            0            0       46.818       1.4044         46.9       3.3848  -3.6637e-14      -186.51   3.1783e-15      0.11622            0            0       2814.2       1653.2        12739      0.86936      0.18007            0            0            0            0            0            0            0            0            0          120        0.085            0  
          0         13.5            0       1.5798     0.095449     0.021809      0.07364            0     -0.14954            0     -0.14954  -3.5269e-18   3.5806e-19   2.2043e-20   3.3602e-19       16.551       20.803      0.79561       4682.7       282.93      -880.91            0       4604.3            0            0            0            0            0            0       46.815       1.4208         46.9       3.4575  -5.4634e-14      -186.62   5.5467e-15      0.11501            0            0       2869.7       1672.5        13269      0.86905       0.1817            0            0            0            0            0            0            0            0            0          120        0.085            0  
          0           14            0       1.6067     0.099421      0.02306     0.076361            0     -0.14923            0     -0.14923  -3.9833e-18   3.8627e-19     9.66e-20   2.8967e-19       16.161       20.485      0.78892       4762.6        294.7      -932.54            0       4675.8            0            0            0            0            0            0        46.81       1.4428         46.9       3.5409  -6.1704e-14      -186.22   5.9837e-15      0.11381            0            0       2921.5       1698.5        13821       0.8669      0.18285            0            0            0            0            0            0            0            0            0          120        0.085            0  
          0         14.5            0        1.631      0.10352     0.024538     0.078981            0     -0.14863            0     -0.14863  -2.4896e-19   2.7697e-19   1.1475e-19   1.6222e-19       15.756       20.122      0.78302       4834.6       306.85      -983.83            0       4739.2            0            0            0            0            0            0       46.806       1.4689         46.9       3.6316  -3.8565e-15      -185.48   4.2905e-15      0.11261            0            0       2970.7       1729.1        14391      0.86368      0.18366            0            0            0            0            0            0            0            0            0          120        0.085            0  
          0           15            0       1.6473      0.10784     0.026683     0.081158            0     -0.14705            0     -0.14705  -3.3194e-18   5.0554e-19   3.0471e-20   4.7506e-19       15.276       19.606      0.77912         4883       319.66      -1031.5            0       4778.9            0            0            0            0            0            0         46.8       1.5075         46.9       3.7454   -5.142e-14      -183.51   7.8311e-15      0.11134            0            0       3010.4       1774.6        14992      0.85744      0.18342            0            0            0            0            0            0            0            0            0          120        0.085            0  
          0         15.5            0       1.6621      0.11222     0.029069      0.08315            0     -0.14545            0     -0.14545  -1.6597e-19   1.5575e-19   8.6227e-20   6.9522e-20       14.811       19.095      0.77566       4926.8       332.64      -1079.1            0       4813.5            0            0            0            0            0            0       46.793       1.5478         46.9       3.8625   -2.571e-15      -181.51   2.4127e-15      0.11011            0            0       3044.8       1822.1        15601      0.85196      0.18302            0            0            0            0            0            0            0            0            0          120        0.085            0  
          0           16            0       1.6763      0.11671      0.03159     0.085123            0     -0.14399            0     -0.14399  -4.1908e-18  -1.9056e-19   8.7523e-20  -2.7809e-19       14.363       18.596      0.77237       4968.9       345.96      -1127.1            0       4845.9            0            0            0            0            0            0       46.787       1.5894         46.9       3.9828  -6.4918e-14      -179.69   -2.952e-15      0.10894            0            0       3077.2         1871        16225      0.84649      0.18261            0            0            0            0            0            0            0            0            0          120        0.085            0  
          0         16.5            0       1.6906      0.12124     0.034189      0.08705            0     -0.14278            0     -0.14278  -3.1119e-18   -2.527e-20   6.7426e-20  -9.2695e-20       13.945       18.131      0.76909       5011.3       359.38      -1175.9            0       4878.2            0            0            0            0            0            0        46.78       1.6301         46.9       4.1018  -4.8206e-14      -178.17  -3.9145e-16      0.10782            0            0         3108         1919        16855      0.84196      0.18228            0            0            0            0            0            0            0            0            0          120        0.085            0  
          0           17            0       1.6999      0.12605     0.037391      0.08866            0     -0.14125            0     -0.14125  -7.4687e-19    3.094e-19   2.3988e-19   6.9522e-20       13.486       17.582      0.76699       5038.7       373.64      -1221.9            0       4895.4            0            0            0            0            0            0       46.772        1.681         46.9       4.2409   -1.157e-14      -176.27   4.7929e-15      0.10673            0            0       3133.3       1978.9        17524      0.83573      0.18142            0            0            0            0            0            0            0            0            0          120        0.085            0  
          0         17.5            0       1.7051      0.13119     0.041153     0.090034            0     -0.13966            0     -0.13966  -9.1284e-19   4.4097e-19   9.3358e-20   3.4761e-19       12.998       16.973      0.76581       5054.3       388.86      -1265.3            0       4900.6            0            0            0            0            0            0       46.762       1.7414         46.9       4.3995  -1.4141e-14      -174.29   6.8309e-15      0.10569            0            0       3153.3         2050        18238      0.82808      0.18022            0            0            0            0            0            0            0            0            0          120        0.085            0  
          0           18            0       1.7061      0.13666     0.045536     0.091126            0     -0.13807            0     -0.13807  -4.8131e-18   9.1203e-19  -1.0762e-19   1.0196e-18       12.484       16.307      0.76558       5057.3       405.09      -1305.9            0       4893.2            0            0            0            0            0            0        46.75       1.8125         46.9       4.5796  -7.4559e-14       -172.3   1.4128e-14      0.10473            0            0       3166.7       2133.6        18999      0.81912      0.17869            0            0            0            0            0            0            0            0            0          120        0.085            0  
          0         18.5            0       1.7042      0.14222     0.050396     0.091823            0     -0.13654            0     -0.13654  -4.8961e-18   1.4162e-19  -9.0117e-20   2.3174e-19       11.983       15.644      0.76601       5051.6       421.56      -1344.8            0         4877            0            0            0            0            0            0       46.738       1.8893         46.9       4.7703  -7.5845e-14      -170.38   2.1938e-15      0.10383            0            0       3171.8       2224.1        19771      0.81109      0.17695            0            0            0            0            0            0            0            0            0          120        0.085            0  
          0           19            0       1.7004      0.14822     0.055727     0.092493            0     -0.13539            0     -0.13539   -5.809e-19   3.9879e-20   8.6227e-20  -4.6348e-20       11.472       14.959      0.76688       5040.2       439.35      -1381.7            0       4854.8            0            0            0            0            0            0       46.723       1.9758         46.9       4.9819  -8.9985e-15      -168.96   6.1776e-16      0.10306            0            0       3175.1       2325.9        20605      0.80156      0.17524            0            0            0            0            0            0            0            0            0          120        0.085            0  
          0         19.5            0       1.6934      0.15457     0.061613      0.09296            0     -0.13447            0     -0.13447  -1.6597e-18   2.5806e-19   4.4345e-19  -1.8539e-19       10.955       14.256      0.76846       5019.5       458.18      -1415.8            0       4823.6            0            0            0            0            0            0       46.706       2.0732         46.9       5.2155   -2.571e-14       -167.8   3.9976e-15      0.10239            0            0       3173.1       2440.6        21489      0.79101      0.17339            0            0            0            0            0            0            0            0            0          120        0.085            0  
          0           20            0       1.6855      0.16115     0.067738     0.093415            0     -0.13389            0     -0.13389  -7.4687e-19   1.5127e-19   4.5253e-19  -3.0126e-19       10.459       13.578      0.77027         4996       477.69      -1448.5            0       4789.4            0            0            0            0            0            0       46.687       2.1768         46.9       5.4617   -1.157e-14      -167.08   2.3433e-15      0.10183            0            0       3169.4       2562.5        22403      0.77979      0.17163            0            0            0            0            0            0            0            0            0          120        0.085            0  
          0         20.5            0       1.6735      0.16808     0.074537     0.093548            0     -0.13348            0     -0.13348  -1.9087e-18  -1.5833e-20    3.086e-19  -3.2443e-19       9.9562        12.88      0.77302       4960.5       498.23      -1477.5            0       4743.5            0            0            0            0            0            0       46.665       2.2948         46.9       5.7355  -2.9567e-14      -166.57  -2.4526e-16      0.10138            0            0       3159.8       2701.4        23367      0.76767      0.16966            0            0            0            0            0            0            0            0            0          120        0.085            0  
