T75_HTP&VTP_detail
T1-20.0 m/s-LLT-x0.155m
Freestream speed = 20.000 m/s


 Ctrl        Alpha        Beta         CL           CD           CD_viscous   CD_induced   CY           Cm           Cm_viscous   Cm_pressure  Cl           Cn           Cn_viscous   Cn_pressure  CL/CD        CL^(3/2)/CD  1/sqrt(CL)   Lift_(N)     Drag_(N)     Fx_FF_(N)    Fy_FF_(N)    Fz_FF_(N)    Fx_sum_(N)   Fy_sum_(N)   Fz_sum_(N)   Extra_drag_(N)  Fuse_drag_(N)  Cf_Fuse      Vx_(m/s)     Vz_(m/s)     V_(m/s)      Gamma        L_(N.m)      M_(N.m)      N_(N.m)      CPx_(m)      CPy_(m)      CPz_(m)      BM_(N.m)     m.g.Vz_(W)   Drag_x_V_(W)  Efficiency   XCp.Cl       XNP_(m)      Phugoid_Freq._(Hz)  Phugoid_Damping  Short_Period_Freq._(Hz)  Short_Period_Damping_Ratio  Dutch_Roll_Freq._(Hz)  Dutch_Roll_Damping  Roll_Damping  Spiral_Damping  Mass_(kg)    CoG_x_(m)    CoG_z_(m)    
          0          -12            0     -0.89363     0.075636     0.022276      0.05336            0     0.028337    0.0086006     0.019737     9.63e-18   4.6611e-19   1.6474e-19   3.0138e-19      -11.815      -11.169            0      -74.057       6.2681      -11.072            0      -73.358            0            0            0            0            0            0       19.929      -6.7491           20      -4.8379   1.0423e-15      0.60823   5.0448e-17     0.062393            0            0      -10.955        -7945       125.36      0.94472    -0.055756            0            0            0            0            0            0            0            0            0          120        0.155            0  
          0        -11.5            0     -0.86819     0.071325     0.021062     0.050262            0     0.029413    0.0081322     0.021281   2.9471e-18   2.4588e-19   1.6474e-19    8.114e-20      -12.172      -11.342            0      -71.949       5.9108      -10.263            0      -71.335            0            0            0            0            0            0       19.933      -6.6461           20      -4.6965   3.1897e-16      0.63132   2.6611e-17     0.063313            0            0      -10.628      -7823.8       118.22      0.94666    -0.054967            0            0            0            0            0            0            0            0            0          120        0.155            0  
          0          -11            0     -0.84206      0.06716     0.020015     0.047145            0     0.030419    0.0077277     0.022691   5.8527e-18   2.0774e-19   1.4398e-19   6.3752e-20      -12.538      -11.505            0      -69.783       5.5657        -9.48            0      -69.246            0            0            0            0            0            0       19.937      -6.5516           20      -4.5601   6.3344e-16      0.65291   2.2483e-17      0.06424            0            0      -10.288      -7712.6       111.31      0.94941    -0.054094            0            0            0            0            0            0            0            0            0          120        0.155            0  
          0        -10.5            0     -0.81508     0.062994     0.018948     0.044046            0     0.031219    0.0073158     0.023903   6.6829e-18   2.9023e-19  -2.8537e-20   3.1876e-19      -12.939      -11.682            0      -67.548       5.2204      -8.7206            0      -67.082            0            0            0            0            0            0       19.941      -6.4527           20      -4.4193   7.2329e-16      0.67008   3.1411e-17     0.065152            0            0      -9.9402      -7596.2       104.41      0.95215    -0.053104            0            0            0            0            0            0            0            0            0          120        0.155            0  
          0          -10            0     -0.78714     0.058901     0.017946     0.040955            0     0.031778    0.0069291     0.024849   5.8112e-18   2.8945e-19    2.257e-19   6.3752e-20      -13.364      -11.857            0      -65.232       4.8813       -7.985            0      -64.831            0            0            0            0            0            0       19.944      -6.3576           20      -4.2794   6.2895e-16      0.68209   3.1328e-17     0.066026            0            0      -9.5791      -7484.2       97.626      0.95501    -0.051972            0            0            0            0            0            0            0            0            0          120        0.155            0  
          0         -9.5            0     -0.75849     0.055035     0.017137     0.037898            0     0.032254    0.0066164     0.025638   6.2678e-18   3.8533e-19   1.2453e-19   2.6081e-19      -13.782      -12.003            0      -62.858       4.5609      -7.2769            0      -62.514            0            0            0            0            0            0       19.948        -6.28           20        -4.15   6.7837e-16       0.6923   4.1705e-17     0.066904            0            0      -9.2049      -7392.9       91.217      0.95827    -0.050746            0            0            0            0            0            0            0            0            0          120        0.155            0  
          0           -9            0      -0.7279     0.051161      0.01639     0.034771            0     0.032187    0.0063282     0.025859   5.8527e-18   5.0737e-19   1.7122e-19   3.3615e-19      -14.228      -12.139            0      -60.323       4.2398      -6.5905            0      -60.031            0            0            0            0            0            0       19.951      -6.2098           20      -4.0204   6.3344e-16      0.69086   5.4913e-17     0.067654            0            0      -8.8035      -7310.2       84.796      0.96191    -0.049245            0            0            0            0            0            0            0            0            0          120        0.155            0  
          0         -8.5            0     -0.69437     0.047181     0.015643     0.031539            0     0.031278    0.0060396     0.025238   6.3508e-18    2.445e-19   1.5177e-19   9.2731e-20      -14.717      -12.264            0      -57.544         3.91      -5.9206            0      -57.298            0            0            0            0            0            0       19.954      -6.1466           20      -3.8872   6.8735e-16      0.67134   2.6462e-17      0.06818            0            0      -8.3691      -7235.7         78.2      0.96504    -0.047342            0            0            0            0            0            0            0            0            0          120        0.155            0  
          0           -8            0     -0.65517      0.04299     0.014924     0.028066            0     0.028798    0.0057621     0.023036   7.4715e-18   3.6643e-19    1.375e-19   2.2893e-19       -15.24      -12.336            0      -54.295       3.5627      -5.2531            0      -54.091            0            0            0            0            0            0       19.957      -6.1107           20      -3.7542   8.0865e-16      0.61813   3.9659e-17     0.068195            0            0      -7.8863      -7193.5       71.254      0.96544    -0.044679            0            0            0            0            0            0            0            0            0          120        0.155            0  
          0         -7.5            0     -0.61354     0.038865     0.014242     0.024624            0     0.025733    0.0054988     0.020234  -3.3207e-19   3.3861e-19   1.6474e-19   1.7387e-19      -15.786      -12.365            0      -50.846       3.2209      -4.6136            0      -50.677            0            0            0            0            0            0        19.96       -6.096           20      -3.6246   -3.594e-17      0.55233   3.6648e-17     0.067957            0            0      -7.3843      -7176.2       64.417      0.96504    -0.041695            0            0            0            0            0            0            0            0            0          120        0.155            0  
          0           -7            0     -0.57111     0.034957     0.013602     0.021355            0     0.022559    0.0052518     0.017307   2.8641e-18   2.7993e-19   2.4516e-19   3.4774e-20      -16.338      -12.347            0      -47.329        2.897      -4.0114            0      -47.192            0            0            0            0            0            0       19.963      -6.1053           20      -3.5026   3.0998e-16       0.4842   3.0298e-17     0.067592            0            0      -6.8769      -7187.1       57.939      0.96416    -0.038603            0            0            0            0            0            0            0            0            0          120        0.155            0  
          0         -6.5            0       -0.529     0.031283     0.012938     0.018345            0     0.019548    0.0049952     0.014553   2.1792e-18   1.5326e-19   8.9503e-20   6.3752e-20       -16.91      -12.299            0      -43.839       2.5925      -3.4522            0       -43.73            0            0            0            0            0            0       19.965      -6.1288           20      -3.3843   2.3586e-16      0.41957   1.6587e-17     0.067196            0            0      -6.3759      -7214.8        51.85      0.96292    -0.035547            0            0            0            0            0            0            0            0            0          120        0.155            0  
          0           -6            0     -0.48816     0.027863      0.01223     0.015632            0     0.016952    0.0047221      0.01223   1.4736e-18   2.3166e-19   1.1285e-19   1.1881e-19       -17.52      -12.241            0      -40.455        2.309      -2.9403            0      -40.369            0            0            0            0            0            0       19.968      -6.1578           20      -3.2667   1.5948e-16      0.36386   2.5073e-17     0.066876            0            0      -5.8861      -7248.9       46.181      0.96231    -0.032646            0            0            0            0            0            0            0            0            0          120        0.155            0  
          0         -5.5            0     -0.44778     0.024661     0.011497     0.013164            0     0.014534    0.0044388     0.010095   4.0263e-18   2.0267e-19   8.8206e-20   1.1446e-19      -18.157       -12.15            0      -37.108       2.0437      -2.4707            0      -37.042            0            0            0            0            0            0        19.97      -6.2039           20      -3.1523   4.3577e-16      0.31196   2.1935e-17     0.066535            0            0      -5.4023      -7303.2       40.874      0.96146    -0.029793            0            0            0            0            0            0            0            0            0          120        0.155            0  
          0           -5            0     -0.40828     0.021607     0.010659     0.010948            0     0.012369    0.0041156    0.0082536   1.8056e-18      2.5e-19   1.7901e-19   7.0997e-20      -18.895      -12.074            0      -33.835       1.7907      -2.0451            0      -33.785            0            0            0            0            0            0       19.972      -6.2433           20      -3.0294   1.9542e-16      0.26549   2.7058e-17     0.066234            0            0      -4.9265      -7349.7       35.813      0.96115    -0.027042            0            0            0            0            0            0            0            0            0          120        0.155            0  
          0         -4.5            0     -0.36937     0.018802    0.0098465    0.0089556            0     0.010594    0.0038017    0.0067926    1.266e-18   1.2791e-19   3.3726e-20    9.418e-20      -19.645      -11.939            0       -30.61       1.5582      -1.6618            0      -30.574            0            0            0            0            0            0       19.974      -6.3135           20      -2.9141   1.3702e-16       0.2274   1.3843e-17      0.06607            0            0       -4.454      -7432.3       31.163      0.96167    -0.024404            0            0            0            0            0            0            0            0            0          120        0.155            0  
          0           -4            0     -0.33004     0.016426    0.0092834    0.0071425            0    0.0092404    0.0035843    0.0056561    1.266e-18   1.6485e-19   8.9503e-20   7.5344e-20      -20.093      -11.543            0      -27.351       1.3613      -1.3175            0      -27.326            0            0            0            0            0            0       19.975      -6.5301           20      -2.8492   1.3702e-16      0.19834   1.7842e-17     0.066044            0            0       -3.974      -7687.3       27.225      0.96272    -0.021798            0            0            0            0            0            0            0            0            0          120        0.155            0  
          0         -3.5            0     -0.28955     0.014544    0.0090556    0.0054888            0    0.0080679    0.0034964    0.0045715   1.3283e-18   1.2214e-19   8.3017e-20   3.9121e-20      -19.908      -10.713            0      -23.996       1.2053      -1.0109            0      -23.979            0            0            0            0            0            0       19.975      -7.0365           20      -2.8756   1.4376e-16      0.17317   1.3219e-17     0.065985            0            0      -3.4796      -8283.4       24.107      0.96423    -0.019106            0            0            0            0            0            0            0            0            0          120        0.155            0  
          0           -3            0     -0.24581     0.012918    0.0089526    0.0039658            0    0.0062036    0.0034566     0.002747   2.0235e-18   1.8989e-19   1.4787e-19   4.2019e-20      -19.028      -9.4338            0      -20.371       1.0706     -0.73792            0       -20.36            0            0            0            0            0            0       19.972      -7.9903           20      -3.0084   2.1901e-16      0.13315   2.0552e-17     0.065021            0            0      -2.9542      -9406.2       21.411      0.96178    -0.015983            0            0            0            0            0            0            0            0            0          120        0.155            0  
          0         -2.5            0     -0.20273     0.011613    0.0089033    0.0027095            0    0.0047045    0.0034376    0.0012669   1.8575e-18    1.053e-19   7.5234e-20   3.0065e-20      -17.457        -7.86            0        -16.8      0.96238     -0.50849            0      -16.794            0            0            0            0            0            0       19.967      -9.5902           20      -3.2785   2.0104e-16      0.10098   1.1397e-17     0.064118            0            0      -2.4433       -11290       19.248      0.95748    -0.012998            0            0            0            0            0            0            0            0            0          120        0.155            0  
          0           -2            0     -0.16217     0.010627    0.0088889    0.0017383            0    0.0040874     0.003432   0.00065534   1.5981e-18   1.2567e-19   1.2712e-19  -1.4489e-21       -15.26      -6.1453            0      -13.439       0.8807     -0.32506            0      -13.436            0            0            0            0            0            0       19.957      -12.266           20      -3.7493   1.7296e-16     0.087731   1.3602e-17     0.063893            0            0      -1.9546       -14440       17.614      0.95505    -0.010362            0            0            0            0            0            0            0            0            0          120        0.155            0  
          0         -1.5            0     -0.12163    0.0099145    0.0089336   0.00098092            0    0.0037565    0.0034493   0.00030721   1.6603e-18   1.6139e-19   1.5306e-19   8.3313e-21      -12.268      -4.2785            0       -10.08      0.82164     -0.18259            0      -10.078            0            0            0            0            0            0       19.934      -17.618           20      -4.6601    1.797e-16     0.080628   1.7468e-17     0.063817            0            0      -1.4651       -20740       16.433      0.95203    -0.007762            0            0            0            0            0            0            0            0            0          120        0.155            0  
          0           -1            0    -0.080061    0.0094342    0.0090056   0.00042861            0    0.0033414    0.0034771  -0.00013568   8.2498e-19   9.1572e-20   8.6908e-20   4.6637e-21      -8.4863      -2.4012            0      -6.6349      0.78184     -0.08028            0      -6.6345            0            0            0            0            0            0       19.863      -31.392           20      -6.7206   8.9289e-17      0.07172    9.911e-18     0.063216            0            0     -0.96404       -36955       15.637      0.94404   -0.0050611            0            0            0            0            0            0            0            0            0          120        0.155            0  
          0         -0.5            0    -0.039076    0.0091857    0.0090807   0.00010495            0    0.0032202    0.0035061  -0.00028582   1.2453e-19   6.7848e-20   6.7451e-20   3.9619e-22       -4.254     -0.84093            0      -3.2383      0.76124    -0.019562            0      -3.2383            0            0            0            0            0            0       19.469      -89.638           20      -13.228   1.3478e-17     0.069119   7.3432e-18      0.07737            0            0       -0.472  -1.0552e+05       15.225      0.91844   -0.0030233            0            0            0            0            0            0            0            0            0          120        0.155            0  
          0            0            0   0.00060308    0.0091464    0.0091464  -5.9644e-08            0    0.0035365    0.0035314   5.0083e-06  -7.6815e-21   1.2452e-19   1.2453e-19   -8.163e-25     0.065937    0.0016193        40.72     0.049979      0.75798  -4.9428e-06            0     0.049979            0            0            0            0            0            0       1.3159        46551           20       86.228  -8.3138e-19     0.075906   1.3477e-17      0.11198            0            0    0.0066641     5.48e+07        15.16     -0.38494   6.7531e-05            0            0            0            0            0            0            0            0            0          120        0.155            0  
          0          0.5            0     0.040258     0.009179    0.0090786   0.00010042            0    0.0038811    0.0035053   0.00037589  -4.9032e-19   6.1464e-20   6.0966e-20   4.9807e-22       4.3859         0.88       4.9839       3.3363      0.76069    -0.020793            0       3.3362            0            0            0            0            0            0         19.5       85.658           20       12.844  -5.3068e-17     0.083304   6.6523e-18     0.076251            0            0      0.48504   1.0084e+05       15.214       1.0188    0.0030697            0            0            0            0            0            0            0            0            0          120        0.155            0  
          0            1            0     0.081316    0.0094231    0.0090031      0.00042            0    0.0039325    0.0034761   0.00045638  -6.2782e-19   1.3558e-19    1.349e-19   6.7918e-22       8.6294       2.4607       3.5068       6.7388      0.78091    -0.082807            0       6.7384            0            0            0            0            0            0       19.867       30.633           20       6.6101  -6.7949e-17     0.084406   1.4674e-17     0.063213            0            0      0.97783        36061       15.618       0.9938    0.0051402            0            0            0            0            0            0            0            0            0          120        0.155            0  
          0          1.5            0      0.12282    0.0098994    0.0089319   0.00096751            0    0.0038934    0.0034486   0.00044476   -1.292e-18   8.0849e-20   7.5234e-20   5.6146e-21       12.407       4.3482       2.8534       10.179      0.82039     -0.18629            0       10.177            0            0            0            0            0            0       19.935       17.336           20        4.608  -1.3983e-16     0.083567   8.7503e-18     0.063819            0            0       1.4782        20408       16.408      0.98426    0.0078385            0            0            0            0            0            0            0            0            0          120        0.155            0  
          0            2            0       0.1634     0.010608    0.0088886    0.0017198            0    0.0041085    0.0034319   0.00067663  -2.0858e-18   8.1059e-20   7.6531e-20   4.5279e-21       15.403       6.2261       2.4739       13.541      0.87914     -0.33014            0       13.538            0            0            0            0            0            0       19.958       12.107           20       3.7147  -2.2575e-16     0.088185   8.7731e-18     0.063896            0            0       1.9681        14252       17.583      0.97996      0.01044            0            0            0            0            0            0            0            0            0          120        0.155            0  
          0          2.5            0      0.20394      0.01159    0.0089038    0.0026866            0    0.0042479    0.0034378   0.00081014  -3.4245e-19   3.7407e-20    3.632e-20   1.0867e-21       17.596       7.9464       2.2143       16.901      0.96052      -0.5148            0       16.895            0            0            0            0            0            0       19.968       9.4859           20       3.2527  -3.7063e-17     0.091177   4.0486e-18     0.064124            0            0       2.4567        11167        19.21      0.97731     0.013078            0            0            0            0            0            0            0            0            0          120        0.155            0  
          0            3            0      0.24712     0.012897    0.0089541    0.0039424            0    0.0037228    0.0034572   0.00026565  -1.4736e-18   1.2416e-19   8.4314e-20   3.9845e-20       19.162       9.5257       2.0116        20.48       1.0688     -0.74555            0       20.469            0            0            0            0            0            0       19.973       7.9132           20       2.9874  -1.5948e-16     0.079907   1.3438e-17     0.065056            0            0       2.9687       9315.5       21.375      0.97785     0.016077            0            0            0            0            0            0            0            0            0          120        0.155            0  
          0          3.5            0      0.29066     0.014519    0.0090605     0.005459            0    0.0031429    0.0034983  -0.00035538  -2.4905e-18   8.4942e-20   4.7994e-20   3.6947e-20       20.019       10.793       1.8548       24.088       1.2033       -1.019            0        24.07            0            0            0            0            0            0       19.975       6.9843           20       2.8597  -2.6955e-16     0.067458   9.1933e-18     0.065986            0            0       3.4916       8221.9       24.065      0.97693     0.019179            0            0            0            0            0            0            0            0            0          120        0.155            0  
          0            4            0      0.33118     0.016402    0.0092977    0.0071045            0    0.0034281    0.0035898  -0.00016171  -3.9433e-18   1.2798e-19   1.0118e-19   2.6805e-20       20.191        11.62       1.7377       27.446       1.3593      -1.3272            0        27.42            0            0            0            0            0            0       19.976       6.4871           20       2.8353  -4.2679e-16     0.073581   1.3852e-17      0.06604            0            0       3.9865       7636.6       27.186      0.97455     0.021871            0            0            0            0            0            0            0            0            0          120        0.155            0  
          0          4.5            0      0.37051     0.018776     0.009866    0.0089103            0     0.003912    0.0038093   0.00010271  -1.6603e-18   1.6395e-19   1.2193e-19   4.2019e-20       19.733       12.011       1.6429       30.705        1.556       -1.673            0       30.668            0            0            0            0            0            0       19.974       6.2757           20       2.9011   -1.797e-16     0.083967   1.7744e-17     0.066064            0            0       4.4666       7387.7       31.121      0.97256     0.024477            0            0            0            0            0            0            0            0            0          120        0.155            0  
          0            5            0      0.40944     0.021584     0.010687     0.010898            0    0.0042884    0.0041261   0.00016233  -1.5358e-18   2.7814e-19   1.7382e-19   1.0432e-19       18.969       12.138       1.5628       33.931       1.7887      -2.0576            0       33.881            0            0            0            0            0            0       19.972       6.2101           20       3.0176  -1.6622e-16     0.092047   3.0103e-17     0.066237            0            0       4.9393       7310.6       35.775      0.97108      0.02712            0            0            0            0            0            0            0            0            0          120        0.155            0  
          0          5.5            0        0.449     0.024632     0.011519     0.013113            0    0.0044636    0.0044474    1.625e-05   -2.449e-18   2.1761e-19   8.4314e-20    1.333e-19       18.229       12.214       1.4924        37.21       2.0413      -2.4847            0       37.142            0            0            0            0            0            0        19.97       6.1713           20         3.14  -2.6506e-16     0.095807   2.3553e-17     0.066545            0            0       5.4157       7264.9       40.826       0.9705     0.029879            0            0            0            0            0            0            0            0            0          120        0.155            0  
          0            6            0      0.48941     0.027828     0.012251     0.015577            0    0.0045111      0.00473  -0.00021889  -2.2415e-18    2.429e-19   1.5306e-19   8.9833e-20       17.587       12.303       1.4294       40.559       2.3062      -2.9557            0       40.471            0            0            0            0            0            0       19.968       6.1266           20       3.2544   -2.426e-16     0.096826   2.6289e-17     0.066886            0            0       5.8998       7212.3       46.124      0.97064     0.032735            0            0            0            0            0            0            0            0            0          120        0.155            0  
          0          6.5            0       0.5303     0.031245     0.012957     0.018289            0    0.0045432    0.0050027  -0.00045945   -3.798e-18   7.4461e-20   5.7074e-20   1.7387e-20       16.972       12.359       1.3732       43.947       2.5894      -3.4691            0       43.836            0            0            0            0            0            0       19.965        6.099           20        3.372  -4.1106e-16     0.097515    8.059e-18      0.06721            0            0       6.3901       7179.7       51.788      0.97066     0.035641            0            0            0            0            0            0            0            0            0          120        0.155            0  
          0            7            0      0.57243     0.034915     0.013619     0.021297            0    0.0043596    0.0052582   -0.0008986   1.8679e-18   9.7176e-20   1.7252e-19  -7.5344e-20       16.395       12.404       1.3217       47.438       2.8935      -4.0295            0         47.3            0            0            0            0            0            0       19.963        6.077           20       3.4905   2.0216e-16     0.093575   1.0517e-17     0.067608            0            0       6.8914       7153.9        57.87      0.97125     0.038701            0            0            0            0            0            0            0            0            0          120        0.155            0  
          0          7.5            0      0.61485      0.03882      0.01426     0.024561            0    0.0042032    0.0055056   -0.0013025  -4.1093e-18   1.5232e-19   4.7994e-20   1.0432e-19       15.838       12.419       1.2753       50.954       3.2171      -4.6329            0       50.784            0            0            0            0            0            0        19.96       6.0695           20       3.6127  -4.4476e-16     0.090217   1.6485e-17     0.067971            0            0       7.3986         7145       64.342      0.97165     0.041792            0            0            0            0            0            0            0            0            0          120        0.155            0  
          0            8            0       0.6563     0.042939     0.014942     0.027998            0    0.0043425    0.0057689   -0.0014264  -6.6414e-18   1.5066e-19   8.6908e-20   6.3752e-20       15.284       12.382       1.2344       54.389       3.5585      -5.2719            0       54.183            0            0            0            0            0            0       19.957       6.0876           20       3.7433   -7.188e-16     0.093207   1.6306e-17     0.068199            0            0       7.8987       7166.4        71.17      0.97116     0.044759            0            0            0            0            0            0            0            0            0          120        0.155            0  
          0          8.5            0      0.69515     0.047121     0.015657     0.031464            0    0.0051455    0.0060451  -0.00089963  -8.3017e-19   3.9165e-19   1.0766e-19   2.8399e-19       14.753         12.3       1.1994       57.609        3.905      -5.9363            0       57.362            0            0            0            0            0            0       19.954       6.1284           20       3.8779   -8.985e-17      0.11044   4.2389e-17     0.068168            0            0       8.3778       7214.3       78.101      0.96951     0.047387            0            0            0            0            0            0            0            0            0          120        0.155            0  
          0            9            0      0.72864     0.051077     0.016407      0.03467            0    0.0073426    0.0063348    0.0010079     -2.2e-18   2.7171e-19  -6.4857e-21   2.7819e-19       14.265       12.177       1.1715       60.384       4.2329      -6.6083            0        60.09            0            0            0            0            0            0       19.951       6.1903           20       4.0098   -2.381e-16       0.1576   2.9407e-17     0.067627            0            0        8.812       7287.2       84.657      0.96667     0.049276            0            0            0            0            0            0            0            0            0          120        0.155            0  
          0          9.5            0      0.75918      0.05494     0.017154     0.037786            0     0.010283    0.0066233    0.0036595  -4.7735e-18   5.3296e-19   2.3738e-19   2.9558e-19       13.818        12.04       1.1477       62.915        4.553      -7.2955            0       62.569            0            0            0            0            0            0       19.948       6.2608           20       4.1392  -5.1664e-16      0.22071   5.7682e-17     0.066872            0            0       9.2129       7370.2        91.06      0.96286     0.050768            0            0            0            0            0            0            0            0            0          120        0.155            0  
          0           10            0      0.78781     0.058802     0.017966     0.040836            0     0.013747    0.0069365    0.0068106  -8.5923e-18   3.0841e-19   1.7511e-19    1.333e-19       13.398       11.892       1.1267       65.288       4.8731      -8.0043            0       64.883            0            0            0            0            0            0       19.945       6.3389           20       4.2686  -9.2995e-16      0.29507    3.338e-17     0.065994            0            0       9.5868       7462.1       97.461       0.9594     0.051991            0            0            0            0            0            0            0            0            0          120        0.155            0  
          0         10.5            0      0.81576     0.062893     0.018976     0.043917            0     0.017474    0.0073266     0.010147   -4.815e-18   7.4466e-19   1.2453e-19   6.2014e-19       12.971       11.715       1.1072       67.604       5.2121      -8.7414            0       67.135            0            0            0            0            0            0       19.941       6.4343           20       4.4086  -5.2113e-16      0.37506   8.0596e-17     0.065119            0            0       9.9482       7574.5       104.24      0.95655     0.053121            0            0            0            0            0            0            0            0            0          120        0.155            0  
          0           11            0      0.84273     0.067049     0.020042     0.047007            0     0.021497    0.0077382     0.013759  -6.2263e-18   5.4537e-19    8.172e-20   4.6365e-19       12.569       11.538       1.0893       69.839       5.5565      -9.5019            0       69.299            0            0            0            0            0            0       19.937        6.533           20        4.549  -6.7388e-16      0.46141   5.9026e-17     0.064206            0            0       10.296       7690.6       111.13      0.95372     0.054108            0            0            0            0            0            0            0            0            0          120        0.155            0  
          0         11.5            0      0.86887     0.071205     0.021092     0.050113            0     0.025721    0.0081438     0.017577  -6.3508e-18   6.0421e-19   2.4646e-20   5.7957e-19       12.202       11.374       1.0728       72.005        5.901      -10.286            0       71.388            0            0            0            0            0            0       19.933       6.6272           20        4.685  -6.8735e-16      0.55208   6.5395e-17     0.063278            0            0       10.636       7801.6       118.02      0.95097      0.05498            0            0            0            0            0            0            0            0            0          120        0.155            0  
          0           12            0      0.89423     0.075534     0.022313     0.053221            0     0.030123    0.0086149     0.021508  -8.5923e-18   6.6399e-19   2.8148e-19   3.8251e-19       11.839       11.195       1.0575       74.107       6.2596      -11.094            0       73.405            0            0            0            0            0            0       19.929       6.7331           20       4.8282  -9.2995e-16      0.64656   7.1865e-17     0.062363            0            0       10.963       7926.2       125.19      0.94847     0.055767            0            0            0            0            0            0            0            0            0          120        0.155            0  
          0         12.5            0      0.91836     0.080093     0.023805     0.056288            0     0.034812     0.009191     0.025621  -7.7206e-18   8.0138e-19   2.2181e-19   5.7957e-19       11.466       10.988       1.0435       76.106       6.6374      -11.918            0       75.312            0            0            0            0            0            0       19.924         6.86           20       4.9843  -8.3561e-16      0.74721   8.6734e-17     0.061429            0            0       11.278       8075.6       132.75      0.94584     0.056414            0            0            0            0            0            0            0            0            0          120        0.155            0  
          0           13            0       0.9397     0.084359     0.025179     0.059179            0     0.040017    0.0097218     0.030296  -1.0709e-17   6.4666e-19   3.8006e-19    2.666e-19       11.139       10.798       1.0316       77.875        6.991      -12.739            0       76.982            0            0            0            0            0            0        19.92       6.9807           20       5.1298  -1.1591e-15      0.85893   6.9989e-17     0.060353            0            0       11.569       8217.7       139.82      0.94191     0.056714            0            0            0            0            0            0            0            0            0          120        0.155            0  
          0         13.5            0      0.96081     0.088752      0.02669     0.062061            0     0.045168     0.010305     0.034863  -8.5923e-18   3.2354e-19   2.1922e-19   1.0432e-19       10.826       10.612       1.0202       79.624        7.355      -13.587            0       78.625            0            0            0            0            0            0       19.915       7.1035           20       5.2776  -9.2995e-16      0.96949   3.5017e-17     0.059341            0            0       11.851       8362.3        147.1      0.93898     0.057016            0            0            0            0            0            0            0            0            0          120        0.155            0  
          0           14            0      0.97956     0.093274      0.02843     0.064844            0     0.050483     0.010977     0.039506  -6.8904e-18    6.601e-19   2.7759e-19   3.8251e-19       10.502       10.394       1.0104       81.179       7.7298      -14.425            0       80.067            0            0            0            0            0            0        19.91       7.2521           20       5.4393  -7.4576e-16       1.0836   7.1444e-17     0.058321            0            0       12.113       8537.2        154.6      0.93411     0.057129            0            0            0            0            0            0            0            0            0          120        0.155            0  
          0           15            0      0.99562      0.10162     0.033161     0.068462            0     0.063389     0.012803     0.050586  -1.2037e-17    8.382e-19   3.2818e-19   5.1002e-19       9.7973       9.7758       1.0022        82.51       8.4217      -15.875            0       81.167            0            0            0            0            0            0       19.897       7.7108           20       5.8279  -1.3028e-15       1.3606   9.0719e-17     0.055559            0            0       12.475       9077.1       168.43      0.91401     0.055316            0            0            0            0            0            0            0            0            0          120        0.155            0  
          0         15.5            0       1.0018      0.10548     0.035654     0.069826            0     0.069347     0.013766     0.055581  -4.4829e-18   1.0821e-18   5.8371e-19   4.9843e-19       9.4973       9.5057      0.99912       83.019       8.7413       -16.61            0       81.546            0            0            0            0            0            0        19.89       7.9299           20       6.0107  -4.8519e-16       1.4885   1.1712e-16     0.054265            0            0         12.6       9335.1       174.83      0.90725     0.054361            0            0            0            0            0            0            0            0            0          120        0.155            0  
