A320_htp_case6_refined
T6/1-TriUniform-ThickSurf-x0.6m_visc.loop_case6


 Ctrl        Alpha        Beta         CL           CD           CD_viscous   CD_induced   CY           Cm           Cm_viscous   Cm_pressure  Cl           Cn           Cn_viscous   Cn_pressure  CL/CD        CL^(3/2)/CD  1/sqrt(CL)   Lift_(N)     Drag_(N)     Fx_FF_(N)    Fy_FF_(N)    Fz_FF_(N)    Fx_sum_(N)   Fy_sum_(N)   Fz_sum_(N)   Extra_drag_(N)  Fuse_drag_(N)  Cf_Fuse      Vx_(m/s)     Vz_(m/s)     V_(m/s)      Gamma        L_(N.m)      M_(N.m)      N_(N.m)      CPx_(m)      CPy_(m)      CPz_(m)      BM_(N.m)     m.g.Vz_(W)   Drag_x_V_(W)  Efficiency   XCp.Cl       XNP_(m)      Phugoid_Freq._(Hz)  Phugoid_Damping  Short_Period_Freq._(Hz)  Short_Period_Damping_Ratio  Dutch_Roll_Freq._(Hz)  Dutch_Roll_Damping  Roll_Damping  Spiral_Damping  Mass_(kg)    CoG_x_(m)    CoG_z_(m)    
        -20          -20            0      -1.5862      0.14273     0.012115      0.13062   2.2418e-14    -0.044847    0.0024802    -0.047327   2.7597e-13  -1.5679e-14   3.4557e-15  -1.9135e-14      -11.113      -13.997            0  -6.0084e+05        54065  -1.5901e+05   8.4916e-09  -5.8153e+05  -1.4597e+05   8.1214e-08  -5.6834e+05            0            0            0       163.54            0        164.2      -5.1418   1.4269e-06       -41522   -8.107e-08      0.34993    -1.86e-12      0.38341  -8.3982e+05            0   8.8773e+06       1.0221     -0.55506            0            0            0            0            0            0            0            0            0            0          0.6            0  
        -19          -19            0      -1.5127      0.13006     0.011257      0.11881    -2.63e-14    -0.040503    0.0022653    -0.042768  -1.1929e-13   1.2825e-14  -1.1915e-15   1.4016e-14       -11.63      -14.304            0  -5.7299e+05        49267    -1.44e+05  -9.9623e-09  -5.5643e+05  -1.3286e+05   -4.237e-08  -5.4441e+05            0            0            0       163.59            0        164.2      -4.9143   -6.168e-07       -37500    6.631e-08      0.36764   8.8855e-13      0.38296  -8.0164e+05            0   8.0895e+06       1.0219     -0.55613            0            0            0            0            0            0            0            0            0            0          0.6            0  
        -18          -18            0      -1.4385      0.11793     0.010477      0.10745   6.6089e-15     -0.03634    0.0020713    -0.038411   1.5119e-13  -2.9242e-15   1.6611e-15  -4.5853e-15      -12.198       -14.63            0   -5.449e+05        44671  -1.2967e+05   2.5034e-09  -5.3081e+05  -1.2024e+05   3.5688e-08   -5.199e+05            0            0            0       163.65            0        164.2      -4.6866   7.8174e-07       -33645  -1.5119e-08      0.38499  -1.1635e-12      0.38168  -7.6306e+05            0   7.3348e+06       1.0218     -0.55381            0            0            0            0            0            0            0            0            0            0          0.6            0  
        -17          -17            0      -1.3629      0.10623    0.0097664     0.096466  -5.4768e-14    -0.032334     0.001896     -0.03423  -1.7147e-13   1.3774e-14  -1.3932e-15   1.5167e-14       -12.83      -14.978            0  -5.1627e+05        40240    -1.16e+05  -2.0746e-08  -5.0439e+05  -1.0802e+05  -7.8336e-08  -4.9456e+05            0            0            0        163.7            0        164.2      -4.4568   -8.866e-07       -29936   7.1219e-08      0.40192   1.3961e-12      0.37952  -7.2366e+05            0   6.6073e+06       1.0217     -0.54779            0            0            0            0            0            0            0            0            0            0          0.6            0  
        -16          -16            0      -1.2861     0.095009    0.0091116     0.085898  -2.7403e-14    -0.028556    0.0017354    -0.030291  -4.5836e-14   8.0249e-15  -4.4037e-16   8.4652e-15      -13.537      -15.352            0  -4.8718e+05        35989  -1.0301e+05   -1.038e-08  -4.7727e+05       -96254   -5.191e-09  -4.6846e+05            0            0            0       163.75            0        164.2      -4.2249  -2.3699e-07       -26438   4.1493e-08      0.41833   4.5701e-13      0.37654  -6.8365e+05            0   5.9092e+06       1.0217     -0.53803            0            0            0            0            0            0            0            0            0            0          0.6            0  
        -15          -15            0      -1.2088     0.084391    0.0085146     0.075876   2.4308e-14    -0.024962      0.00159    -0.026552   8.9088e-14  -1.0062e-14   6.6264e-16  -1.0725e-14      -14.324      -15.748            0  -4.5788e+05        31967       -90747   9.2078e-09  -4.4972e+05       -85076   1.8409e-08  -4.4187e+05            0            0            0        163.8            0        164.2      -3.9936   4.6063e-07       -23111  -5.2028e-08       0.4343  -9.1811e-13      0.37267  -6.4321e+05            0   5.2488e+06       1.0218     -0.52498            0            0            0            0            0            0            0            0            0            0          0.6            0  
        -14          -14            0      -1.1312     0.074434    0.0079785     0.066455  -2.6096e-14    -0.021537    0.0014585    -0.022995  -1.3887e-13   1.2405e-14  -1.0125e-15   1.3418e-14      -15.198      -16.164            0   -4.285e+05        28195       -79239   -9.885e-09  -4.2186e+05       -74538   -2.587e-08  -4.1491e+05            0            0            0       163.84            0        164.2      -3.7645  -7.1801e-07       -19940   6.4141e-08      0.44987   1.5274e-12      0.36785   -6.024e+05            0   4.6295e+06       1.0217     -0.50891            0            0            0            0            0            0            0            0            0            0          0.6            0  
        -13          -13            0      -1.0525     0.065009    0.0074757     0.057533  -1.4968e-14    -0.018286     0.001337    -0.019623  -1.1638e-13   6.2497e-15  -6.8102e-16   6.9308e-15       -16.19       -16.61            0  -3.9868e+05        24625       -68449  -5.6696e-09  -3.9336e+05       -64545  -3.3812e-08  -3.8726e+05            0            0            0       163.88            0        164.2      -3.5344  -6.0173e-07       -16930   3.2314e-08      0.46498   1.3446e-12      0.36202  -5.6073e+05            0   4.0433e+06       1.0216     -0.48939            0            0            0            0            0            0            0            0            0            0          0.6            0  
        -12          -12            0     -0.97336     0.056198    0.0069857     0.049212  -6.7974e-14    -0.015277    0.0012218    -0.016498  -2.5754e-13    1.692e-14  -1.3689e-15   1.8289e-14       -17.32      -17.088            0   -3.687e+05        21287       -58424  -2.5748e-08  -3.6452e+05       -55214  -7.9431e-08   -3.592e+05            0            0            0       163.92            0        164.2      -3.3043  -1.3316e-06       -14144   8.7483e-08      0.47954   3.2421e-12      0.35518  -5.1874e+05            0   3.4953e+06       1.0215     -0.46677            0            0            0            0            0            0            0            0            0            0          0.6            0  
        -11          -11            0     -0.89436      0.04816    0.0066168     0.041543   4.0527e-14    -0.012592    0.0011286     -0.01372   1.9763e-13  -6.9553e-15    9.461e-16  -7.9014e-15      -18.571      -17.562            0  -3.3878e+05        18243       -49194   1.5351e-08  -3.3555e+05       -46612    4.005e-08  -3.3095e+05            0            0            0       163.96            0        164.2      -3.0823   1.0218e-06       -11658  -3.5962e-08      0.49336  -2.7709e-12      0.34742  -4.7703e+05            0   2.9954e+06       1.0216     -0.44124            0            0            0            0            0            0            0            0            0            0          0.6            0  
        -10          -10            0     -0.81487     0.040834    0.0063528     0.034481  -1.8176e-14    -0.010154    0.0010562     -0.01121  -1.6626e-13   5.3593e-15  -5.7123e-16   5.9305e-15      -19.956      -18.014            0  -3.0867e+05        15468       -40737  -6.8849e-09  -3.0625e+05       -38686   -5.121e-08   -3.023e+05            0            0            0       163.99            0        164.2      -2.8687  -8.5964e-07      -9401.2    2.771e-08      0.50649   2.5338e-12      0.33853  -4.3504e+05            0   2.5397e+06       1.0218     -0.41273            0            0            0            0            0            0            0            0            0            0          0.6            0  
         -9           -9            0     -0.73486     0.034149    0.0061133     0.028035    1.654e-14   -0.0079736   0.00099091   -0.0089645   8.0588e-14  -4.7917e-15    3.346e-16  -5.1263e-15      -21.519      -18.447            0  -2.7836e+05        12935       -33056   6.2654e-09  -2.7659e+05       -31445  -1.0784e-08  -2.7326e+05            0            0            0       164.02            0        164.2      -2.6606   4.1668e-07      -7382.3  -2.4775e-08      0.51892  -1.5188e-12      0.32831  -3.9273e+05            0   2.1239e+06        1.022     -0.38134            0            0            0            0            0            0            0            0            0            0          0.6            0  
         -8           -8            0       -0.654     0.028079    0.0058807     0.022199   5.4117e-14   -0.0060551   0.00092866   -0.0069838    1.252e-13  -8.9146e-15   3.8566e-16  -9.3002e-15      -23.291      -18.836            0  -2.4773e+05        10636       -26151   2.0499e-08  -2.4649e+05       -24886   7.4534e-09  -2.4371e+05            0            0            0       164.05            0        164.2      -2.4585   6.4736e-07      -5606.1  -4.6093e-08      0.53058  -2.5797e-12      0.31646  -3.4989e+05            0   1.7464e+06       1.0223       -0.347            0            0            0            0            0            0            0            0            0            0          0.6            0  
         -7           -7            0     -0.57281     0.022734    0.0057096     0.017024   3.0128e-15   -0.0043812   0.00087767   -0.0052589  -3.7773e-14  -9.6267e-16  -1.1836e-16  -8.4431e-16      -25.197       -19.07            0  -2.1698e+05       8611.3       -20042   1.1412e-09  -2.1615e+05       -19065  -1.3309e-08  -2.1387e+05            0            0            0       164.07            0        164.2      -2.2727  -1.9531e-07      -4056.4  -4.9775e-09      0.54149   8.1772e-13       0.3025  -3.0677e+05            0    1.414e+06       1.0226     -0.31017            0            0            0            0            0            0            0            0            0            0          0.6            0  
         -6           -6            0      -0.4913     0.018053    0.0055345     0.012519   4.1456e-14   -0.0029748   0.00082829   -0.0038031    1.163e-13  -4.2509e-15   2.5306e-16  -4.5039e-15      -27.213      -19.075            0   -1.861e+05       6838.5       -14737   1.5703e-08  -1.8558e+05       -13992   2.1325e-08  -1.8375e+05            0            0            0       164.09            0        164.2      -2.1045   6.0133e-07      -2754.2  -2.1979e-08      0.55155  -3.1263e-12      0.28569   -2.634e+05            0   1.1229e+06        1.023     -0.27098            0            0            0            0            0            0            0            0            0            0          0.6            0  
         -5           -5            0      -0.4095     0.014077    0.0053833    0.0086933   6.3018e-14   -0.0018361   0.00078273   -0.0026188   1.5067e-13  -9.6753e-15   1.9293e-16  -9.8683e-15      -29.091      -18.616            0  -1.5511e+05       5332.1       -10239   2.3871e-08  -1.5481e+05      -9680.4   2.0689e-08  -1.5339e+05            0            0            0        164.1            0        164.2      -1.9688   7.7906e-07      -1699.9  -5.0026e-08      0.56065  -4.9475e-12       0.2646  -2.1981e+05            0   8.7551e+05       1.0234     -0.22958            0            0            0            0            0            0            0            0            0            0          0.6            0  
         -4           -4            0     -0.32742     0.010818    0.0052636    0.0055548  -3.8163e-14  -0.00096416   0.00074201   -0.0017062  -1.2634e-13   5.4543e-15  -2.2694e-16   5.6812e-15      -30.265      -17.318            0  -1.2402e+05       4097.9      -6552.5  -1.4456e-08  -1.2387e+05      -6139.3  -2.0157e-08  -1.2281e+05            0            0            0       164.11            0        164.2      -1.8924  -6.5322e-07      -892.66   2.8201e-08      0.56859   5.1561e-12      0.23633  -1.7602e+05            0   6.7286e+05        1.024     -0.18617            0            0            0            0            0            0            0            0            0            0          0.6            0  
         -3           -3            0     -0.24518    0.0082446     0.005132    0.0031126  -5.7345e-14  -0.00036445   0.00070024   -0.0010647  -2.1221e-13   6.6986e-15  -3.2214e-16   7.0207e-15      -29.738      -14.725            0       -92871         3123      -3683.1  -2.1722e-08       -92806      -3379.5  -2.5887e-08       -92063            0            0            0        164.1            0        164.2       -1.926  -1.0973e-06      -337.42   3.4635e-08      0.57494   1.1627e-11      0.19408  -1.3208e+05            0   5.1278e+05       1.0247     -0.14096            0            0            0            0            0            0            0            0            0            0          0.6            0  
         -2           -2            0     -0.16283    0.0063795    0.0050079    0.0013716   2.3079e-14  -3.1016e-05    0.0006606  -0.00069162  -6.6884e-15   -2.955e-15   3.1099e-19  -2.9553e-15      -25.524      -10.299            0       -61679       2416.5      -1633.3   8.7422e-09       -61659      -1407.1    4.433e-09       -61201            0            0            0       164.07            0        164.2      -2.2437  -3.4583e-08      -28.716  -1.5279e-08      0.57849   5.0267e-13      0.11722       -88033            0   3.9678e+05       1.0256    -0.094195            0            0            0            0            0            0            0            0            0            0          0.6            0  
         -1           -1            0    -0.080292    0.0052729    0.0049395   0.00033342  -5.0674e-14   4.6333e-05   0.00062965  -0.00058332  -1.7808e-13   3.6482e-15  -1.0167e-16   3.7499e-15      -15.227      -4.3147            0       -30414       1997.3      -404.52  -1.9195e-08       -30411      -223.97  -1.8236e-08       -30204            0            0            0       163.84            0        164.2      -3.7573  -9.2076e-07       42.897   1.8863e-08      0.57295    2.998e-11     -0.10045       -43813            0   3.2796e+05       1.0259    -0.046003            0            0            0            0            0            0            0            0            0            0          0.6            0  
          0            0            0    0.0023964    0.0048933    0.0048913   2.0346e-06  -1.0874e-14  -0.00013803   0.00060212  -0.00074014  -4.2881e-14   2.1466e-16   4.2565e-17    1.721e-16      0.48973     0.023974       20.428       907.74       1853.5      0.77069  -4.1189e-09       907.74       165.51  -3.8386e-09       891.81            0            0            0       72.217            0        164.2       63.908  -2.2172e-07      -127.79   1.1099e-09       1.4193  -2.4164e-10       14.096       543.77            0   3.0435e+05      0.14976    0.0034012            0            0            0            0            0            0            0            0            0            0          0.6            0  
          1            1            0     0.085234    0.0053184    0.0049379   0.00038048    1.028e-13  -0.00057432   0.00058655   -0.0011609   3.0114e-13  -2.8324e-15  -1.5711e-16  -2.6753e-15       16.026       4.6789       3.4253        32286       2014.5      -419.37   3.8941e-08        32283      -241.58   3.6418e-08        32069            0            0            0       163.88            0        164.2       3.5705   1.5571e-06      -531.74  -1.4645e-08      0.63146   4.7728e-11      0.68037        45032            0   3.3078e+05       1.0131     0.053822            0            0            0            0            0            0            0            0            0            0          0.6            0  
          2            2            0      0.16817    0.0064889    0.0050182    0.0014707   5.8412e-14   -0.0012652    0.0005739   -0.0018391   1.8695e-13   8.0977e-16  -3.5198e-16   1.1617e-15       25.917       10.628       2.4385        63703         2458      -1666.4   2.2126e-08        63683      -1446.8   1.8543e-08        63291            0            0            0       164.07            0        164.2       2.2097   9.6665e-07      -1171.4   4.1869e-09      0.62447   1.5022e-11      0.47949        89637            0   4.0359e+05       1.0203      0.10502            0            0            0            0            0            0            0            0            0            0          0.6            0  
          3            3            0       0.2512    0.0084174    0.0051431    0.0032742   4.2253e-14   -0.0022102   0.00056683    -0.002777   9.3489e-14  -1.3406e-15  -1.2566e-16  -1.2149e-15       29.843       14.957       1.9952        95153       3188.4      -3741.4   1.6005e-08        95088      -3450.6   1.1311e-08        94534            0            0            0        164.1            0        164.2       1.9192   4.8339e-07      -2046.3  -6.9314e-09      0.62418   5.0383e-12       0.4047   1.3433e+05            0   5.2353e+05       1.0226      0.15679            0            0            0            0            0            0            0            0            0            0          0.6            0  
          4            4            0      0.33438     0.011069     0.005275    0.0057942   4.3408e-14   -0.0034106   0.00055989   -0.0039705   1.0124e-13   1.7596e-15  -1.8572e-16   1.9453e-15       30.208       17.468       1.7293   1.2666e+05       4192.9        -6646   1.6442e-08   1.2651e+05      -6254.9   1.3122e-08    1.258e+05            0            0            0       164.11            0        164.2        1.896   5.2345e-07      -3157.7   9.0979e-09      0.62496   4.0894e-12      0.36204   1.7915e+05            0   6.8846e+05       1.0239      0.20897            0            0            0            0            0            0            0            0            0            0          0.6            0  
          5            5            0      0.41767     0.014431    0.0053993    0.0090312   6.9229e-15   -0.0048631   0.00055001   -0.0054131   4.1815e-14   1.0452e-17  -9.2348e-17    1.028e-16       28.944       18.706       1.5473   1.5821e+05       5466.2       -10381   2.6223e-09   1.5791e+05      -9859.4   3.0589e-09   1.5707e+05            0            0            0        164.1            0        164.2       1.9788   2.1621e-07      -4502.5   5.4043e-11      0.62565    1.329e-12      0.33233   2.2408e+05            0   8.9753e+05       1.0249      0.26132            0            0            0            0            0            0            0            0            0            0          0.6            0  
          6            6            0      0.50098     0.018542    0.0055604     0.012982  -6.9849e-15   -0.0065569   0.00054219   -0.0070991  -2.4708e-14  -2.1305e-15   5.9153e-17  -2.1896e-15       27.018       19.123       1.4128   1.8977e+05       7023.7       -14946  -2.6458e-09   1.8924e+05       -14258   9.0735e-10   1.8826e+05            0            0            0       164.08            0        164.2       2.1197  -1.2775e-07      -6070.7  -1.1016e-08      0.62588   -6.708e-13      0.30912   2.6908e+05            0   1.1533e+06       1.0258      0.31355            0            0            0            0            0            0            0            0            0            0          0.6            0  
          7            7            0      0.58425     0.023384    0.0057414     0.017642   1.5797e-14   -0.0084877   0.00053358   -0.0090213   4.8634e-14   1.6433e-16  -9.9774e-17   2.6411e-16       24.985       19.098       1.3083   2.2131e+05       8857.6       -20338   5.9838e-09   2.2047e+05       -19445   5.2338e-09   2.1936e+05            0            0            0       164.07            0        164.2        2.292   2.5146e-07      -7858.3   8.4968e-10      0.62548   1.0907e-12      0.28965    3.141e+05            0   1.4544e+06       1.0266      0.36544            0            0            0            0            0            0            0            0            0            0          0.6            0  
          8            8            0      0.66744     0.028932     0.005924     0.023008   7.5132e-14    -0.010648   0.00052513    -0.011174   2.2142e-13   6.5482e-15  -6.1483e-16    7.163e-15        23.07       18.847        1.224   2.5282e+05        10959       -26556   2.8459e-08   2.5158e+05       -25412   9.9086e-09   2.5033e+05            0            0            0       164.04            0        164.2        2.482   1.1448e-06      -9858.8   3.3857e-08      0.62437    4.404e-12      0.27255   3.5912e+05            0   1.7994e+06       1.0273      0.41674            0            0            0            0            0            0            0            0            0            0          0.6            0  
          9            9            0      0.75036     0.035239    0.0061802     0.029058   7.5244e-14    -0.013021   0.00052041    -0.013542   1.9521e-13    3.687e-15   -5.689e-16   4.2559e-15       21.294       18.445       1.1544   2.8423e+05        13348       -33592   2.8502e-08   2.8245e+05       -32136    9.171e-09   2.8106e+05            0            0            0       164.02            0        164.2       2.6888   1.0093e-06       -12056   1.9064e-08      0.62251    3.435e-12      0.25706   4.0402e+05            0   2.1917e+06       1.0281       0.4671            0            0            0            0            0            0            0            0            0            0          0.6            0  
         10           10            0      0.83281       0.0422    0.0064304      0.03577   2.3163e-14    -0.015593   0.00051497    -0.016108   1.0883e-14  -2.4795e-15   2.2219e-18  -2.4817e-15       19.735       18.009       1.0958   3.1546e+05        15985       -41436   8.7741e-09   3.1302e+05       -39590   1.7396e-08   3.1148e+05            0            0            0       163.99            0        164.2       2.9008   5.6272e-08       -14436   -1.282e-08      0.61984   1.7154e-13      0.24274   4.4871e+05            0   2.6247e+06       1.0288      0.51621            0            0            0            0            0            0            0            0            0            0          0.6            0  
         11           11            0      0.91514     0.049901     0.006735     0.043166  -2.4621e-14    -0.018388   0.00051331    -0.018901  -8.1491e-14  -4.7918e-15   4.3989e-16  -5.2317e-15       18.339       17.544       1.0453   3.4665e+05        18902       -50093  -9.3262e-09    3.434e+05       -47788   5.4536e-09   3.4169e+05            0            0            0       163.95            0        164.2       3.1211  -4.2135e-07       -17025  -2.4776e-08      0.61645  -1.1743e-12      0.22925   4.9326e+05            0   3.1037e+06       1.0294      0.56414            0            0            0            0            0            0            0            0            0            0          0.6            0  
         12           12            0       0.9969     0.058375    0.0071877     0.051187  -1.3629e-14    -0.021328   0.00051923    -0.021847  -1.4024e-14  -5.9221e-15   2.5991e-16   -6.182e-15       17.077       17.051       1.0016   3.7762e+05        22112       -59546  -5.1626e-09    3.734e+05       -56677  -1.6392e-08   3.7151e+05            0            0            0       163.92            0        164.2       3.3512  -7.2509e-08       -19747   -3.062e-08      0.61217  -1.9866e-13      0.21662    5.377e+05            0   3.6307e+06       1.0301      0.61028            0            0            0            0            0            0            0            0            0            0          0.6            0  
         13           13            0       1.0787     0.067603     0.007721     0.059882   -9.606e-14     -0.02444   0.00052439    -0.024964   -2.626e-13  -2.3274e-14   2.0752e-15   -2.535e-14       15.957       16.573      0.96283   4.0861e+05        25607       -69815  -3.6387e-08   4.0324e+05       -66309   -2.796e-08   4.0116e+05            0            0            0       163.87            0        164.2       3.5861  -1.3578e-06       -22628  -1.2034e-07      0.60707  -3.1493e-12      0.20476   5.8245e+05            0   4.2047e+06        1.031      0.65485            0            0            0            0            0            0            0            0            0            0          0.6            0  
         14           14            0       1.1603     0.077501    0.0082716     0.069229   2.9411e-14    -0.027751   0.00052759    -0.028279   2.2646e-14   3.5918e-15  -5.5557e-16   4.1474e-15       14.972       16.127      0.92834   4.3952e+05        29357       -80886    1.114e-08   4.3281e+05       -76649   5.8591e-08   4.3053e+05            0            0            0       163.83            0        164.2       3.8212   1.1709e-07       -25693   1.8572e-08      0.60122   2.3413e-13      0.19341   6.2706e+05            0   4.8203e+06       1.0319      0.69761            0            0            0            0            0            0            0            0            0            0          0.6            0  
         15           15            0        1.241     0.088016    0.0088794     0.079136    1.352e-13    -0.031225   0.00052849    -0.031753   2.7075e-13   1.3642e-14  -2.2479e-15    1.589e-14         14.1       15.708      0.89765    4.701e+05        33340       -92715   5.1212e-08   4.6184e+05       -87589   1.4627e-08   4.5932e+05            0            0            0       163.79            0        164.2       4.0567   1.3999e-06       -28909   7.0535e-08      0.59461   2.7272e-12      0.18248   6.7107e+05            0   5.4743e+06       1.0326      0.73794            0            0            0            0            0            0            0            0            0            0          0.6            0  
         16           16            0       1.3216     0.099246    0.0095642     0.089682  -1.2904e-14    -0.034902   0.00052746    -0.035429  -1.2994e-13  -9.9867e-15   1.0259e-15  -1.1013e-14       13.316       15.308      0.86988   5.0059e+05        37594  -1.0533e+05  -4.8881e-09   4.9057e+05       -99196   4.6198e-08    4.878e+05            0            0            0       163.74            0        164.2       4.2948  -6.7185e-07       -32314  -5.1636e-08       0.5873  -1.2142e-12      0.17193   7.1479e+05            0   6.1728e+06       1.0333      0.77615            0            0            0            0            0            0            0            0            0            0          0.6            0  
         17           17            0       1.4009      0.11102     0.010312      0.10071  -2.8929e-15    -0.038685    0.0005238    -0.039209   -3.345e-14  -8.6627e-15   5.4768e-16  -9.2103e-15       12.618       14.934      0.84489   5.3064e+05        42055  -1.1866e+05  -1.0958e-09    5.186e+05  -1.1132e+05  -8.9157e-09   5.1556e+05            0            0            0       163.68            0        164.2       4.5315  -1.7295e-07       -35817   -4.479e-08       0.5792  -3.2737e-13      0.16184   7.5784e+05            0   6.9053e+06       1.0339      0.81139            0            0            0            0            0            0            0            0            0            0          0.6            0  
         18           18            0       1.4788       0.1233     0.011141      0.11216  -7.3397e-14    -0.042538   0.00051765    -0.043056  -2.1429e-13  -1.6873e-14    2.628e-15  -1.9501e-14       11.993       14.585      0.82233   5.6016e+05        46706  -1.3269e+05  -2.7802e-08   5.4587e+05  -1.2389e+05    4.314e-09   5.4254e+05            0            0            0       163.63            0        164.2       4.7663   -1.108e-06       -39384  -8.7244e-08      0.57031  -1.7504e-12      0.15227   8.0026e+05            0   7.6689e+06       1.0345      0.84337            0            0            0            0            0            0            0            0            0            0          0.6            0  
         19           19            0       1.5551      0.13603     0.012063      0.12397   1.7687e-13    -0.046456   0.00050861    -0.046965   4.5033e-13   1.8564e-14  -5.8741e-15   2.4438e-14       11.432       14.257      0.80189   5.8908e+05        51527  -1.4739e+05   6.6997e-08   5.7227e+05  -1.3684e+05  -2.3462e-08   5.6864e+05            0            0            0       163.57            0        164.2        4.999   2.3284e-06       -43011   9.5986e-08      0.56066   3.3531e-12      0.14312   8.4179e+05            0   8.4606e+06       1.0351      0.87191            0            0            0            0            0            0            0            0            0            0          0.6            0  
         20           20            0       1.6298      0.14919     0.013096      0.13609  -1.3279e-13    -0.050428   0.00049734    -0.050926  -2.9147e-13  -1.1144e-14   4.5587e-15  -1.5703e-14       10.925       13.947       0.7833   6.1737e+05        56511  -1.6271e+05    -5.03e-08   5.9777e+05  -1.5011e+05   5.9394e-09   5.9382e+05            0            0            0       163.51            0        164.2         5.23   -1.507e-06       -46689   -5.762e-08      0.55028  -2.0403e-12      0.13439   8.8235e+05            0   9.2788e+06       1.0357      0.89686            0            0            0            0            0            0            0            0            0            0          0.6            0  
