A320_htp_case5_refined
T6/1-TriUniform-ThickSurf-x0.72m_visc.loop-case5


 Ctrl        Alpha        Beta         CL           CD           CD_viscous   CD_induced   CY           Cm           Cm_viscous   Cm_pressure  Cl           Cn           Cn_viscous   Cn_pressure  CL/CD        CL^(3/2)/CD  1/sqrt(CL)   Lift_(N)     Drag_(N)     Fx_FF_(N)    Fy_FF_(N)    Fz_FF_(N)    Fx_sum_(N)   Fy_sum_(N)   Fz_sum_(N)   Extra_drag_(N)  Fuse_drag_(N)  Cf_Fuse      Vx_(m/s)     Vz_(m/s)     V_(m/s)      Gamma        L_(N.m)      M_(N.m)      N_(N.m)      CPx_(m)      CPy_(m)      CPz_(m)      BM_(N.m)     m.g.Vz_(W)   Drag_x_V_(W)  Efficiency   XCp.Cl       XNP_(m)      Phugoid_Freq._(Hz)  Phugoid_Damping  Short_Period_Freq._(Hz)  Short_Period_Damping_Ratio  Dutch_Roll_Freq._(Hz)  Dutch_Roll_Damping  Roll_Damping  Spiral_Damping  Mass_(kg)    CoG_x_(m)    CoG_z_(m)    
        -20          -20            0      -1.3733      0.15479     0.009369      0.14543   -5.956e-14    -0.021458    0.0015397    -0.022998   1.7308e-14   3.1491e-15   1.3969e-16   3.0094e-15      -8.8715      -10.396            0  -5.2024e+05        58642  -1.2616e+05  -2.2564e-08  -5.0771e+05  -1.1472e+05   2.2866e-08  -4.9063e+05            0            0            0       163.16            0        164.2      -6.4312   7.3082e-08       -24317   1.3297e-08      0.44798  -6.5281e-14      0.35233  -5.8734e+05            0   9.6288e+06        1.032      -0.6152            0            0            0            0            0            0            0            0            0            0         0.72            0  
        -19          -19            0      -1.3053      0.14036    0.0088426      0.13152   1.2955e-14    -0.019805    0.0014209    -0.021226   -3.859e-14   1.2169e-15  -3.6904e-16   1.5859e-15      -9.2997      -10.625            0  -4.9451e+05        53175  -1.1389e+05   4.9078e-09  -4.8379e+05  -1.0397e+05    6.695e-09  -4.6833e+05            0            0            0       163.26            0        164.2      -6.1374  -1.6294e-07       -22443   5.1384e-09      0.46713    2.933e-13      0.35034  -5.5908e+05            0   8.7311e+06       1.0311     -0.60977            0            0            0            0            0            0            0            0            0            0         0.72            0  
        -18          -18            0      -1.2376       0.1267    0.0083663      0.11834  -9.2775e-16    -0.018149    0.0013129    -0.019462  -2.0059e-14   1.4301e-15  -1.0315e-16   1.5333e-15      -9.7679      -10.867            0  -4.6885e+05        47999  -1.0225e+05  -3.5146e-10  -4.5976e+05       -93720  -2.2472e-08  -4.4582e+05            0            0            0       163.34            0        164.2      -5.8453    -8.47e-08       -20566   6.0388e-09      0.48585   1.1046e-13      0.34735  -5.3074e+05            0   7.8813e+06       1.0301      -0.6013            0            0            0            0            0            0            0            0            0            0         0.72            0  
        -17          -17            0      -1.1699      0.11376     0.007927      0.10583   1.9757e-14    -0.016501    0.0012139    -0.017715   8.6516e-14  -6.8039e-15   5.3262e-16  -7.3366e-15      -10.284      -11.123            0   -4.432e+05        43096       -91236   7.4846e-09  -4.3555e+05       -83959   2.3126e-08  -4.2305e+05            0            0            0       163.43            0        164.2       -5.554   3.6531e-07       -18699   -2.873e-08      0.50411  -6.8484e-13      0.34337  -5.0227e+05            0   7.0763e+06       1.0292     -0.58975            0            0            0            0            0            0            0            0            0            0         0.72            0  
        -16          -16            0      -1.1018      0.10149    0.0075337     0.093953     3.78e-15    -0.014881    0.0011242    -0.016005   5.4654e-14  -5.5356e-15   3.3355e-16  -5.8692e-15      -10.857      -11.396            0  -4.1741e+05        38447       -80839    1.432e-09  -4.1105e+05       -74649   1.9949e-08  -3.9988e+05            0            0            0        163.5            0        164.2      -5.2626   2.3078e-07       -16863  -2.3374e-08      0.52183  -4.6546e-13      0.33835  -4.7354e+05            0   6.3128e+06       1.0283     -0.57496            0            0            0            0            0            0            0            0            0            0         0.72            0  
        -15          -15            0      -1.0336     0.089898    0.0071655     0.082732  -2.3886e-14    -0.013318    0.0010409    -0.014359  -2.3018e-14   2.9167e-15  -1.8501e-16   3.1017e-15      -11.497      -11.688            0  -3.9155e+05        34056       -71065  -9.0489e-09  -3.8632e+05       -65827   -1.084e-09  -3.7639e+05            0            0            0       163.58            0        164.2       -4.971  -9.7194e-08       -15093   1.2316e-08      0.53893   2.2857e-13      0.33231  -4.4466e+05            0   5.5919e+06       1.0276     -0.55701            0            0            0            0            0            0            0            0            0            0         0.72            0  
        -14          -14            0     -0.96572     0.079067    0.0067961     0.072271   -8.316e-15     -0.01185   0.00096051    -0.012811  -2.2433e-15    1.183e-15  -2.1641e-17   1.2046e-15      -12.214      -12.003            0  -3.6585e+05        29953       -61941  -3.1504e-09   -3.616e+05       -57576   4.7665e-09  -3.5283e+05            0            0            0       163.65            0        164.2      -4.6806  -9.4725e-09       -13429   4.9952e-09      0.55535   3.5568e-14      0.32526  -4.1599e+05            0   4.9182e+06        1.027     -0.53631            0            0            0            0            0            0            0            0            0            0         0.72            0  
        -13          -13            0     -0.89781     0.068983    0.0064906     0.062492  -4.8537e-14    -0.010453   0.00089128    -0.011344  -2.4006e-13   1.1739e-14   -9.491e-16   1.2688e-14      -13.015      -12.332            0  -3.4012e+05        26133       -53443  -1.8388e-08  -3.3673e+05       -49842  -5.7758e-08  -3.2902e+05            0            0            0       163.71            0        164.2      -4.3937  -1.0136e-06       -11846   4.9566e-08      0.57105   2.6386e-12      0.31713  -3.8725e+05            0    4.291e+06       1.0265     -0.51269            0            0            0            0            0            0            0            0            0            0         0.72            0  
        -12          -12            0     -0.82951     0.059651    0.0062839     0.053367  -1.0446e-14   -0.0091048   0.00083723    -0.009942  -6.2844e-14   2.5449e-15  -2.1792e-16   2.7629e-15      -13.906      -12.665            0  -3.1425e+05        22598       -45560  -3.9572e-09  -3.1158e+05       -42605  -1.3096e-08  -3.0485e+05            0            0            0       163.77            0        164.2      -4.1131  -2.6536e-07       -10318   1.0746e-08      0.58605   7.6159e-13      0.30779  -3.5825e+05            0   3.7105e+06       1.0261     -0.48613            0            0            0            0            0            0            0            0            0            0         0.72            0  
        -11          -11            0     -0.76094     0.051023    0.0061016     0.044921   9.0734e-15    -0.007831   0.00078825   -0.0086192   5.3059e-14   -2.372e-15   1.5607e-16  -2.5281e-15      -14.914      -13.009            0  -2.8827e+05        19329       -38300   3.4373e-09  -2.8622e+05       -35890   1.3673e-08  -2.8039e+05            0            0            0       163.83            0        164.2      -3.8361   2.2404e-07      -8874.2  -1.0016e-08      0.60028  -7.0041e-13      0.29715  -3.2906e+05            0   3.1738e+06       1.0258     -0.45677            0            0            0            0            0            0            0            0            0            0         0.72            0  
        -10          -10            0     -0.69192     0.043063    0.0059148     0.037148  -1.4969e-14   -0.0066462   0.00074018   -0.0073864  -2.6264e-14   1.7967e-15  -6.7789e-17   1.8645e-15      -16.068      -13.365            0  -2.6212e+05        16314       -31658  -5.6709e-09  -2.6058e+05       -29698  -8.1233e-09  -2.5558e+05            0            0            0       163.88            0        164.2      -3.5613   -1.109e-07      -7531.5   7.5865e-09      0.61366   3.8279e-13      0.28503   -2.996e+05            0   2.6787e+06       1.0256      -0.4246            0            0            0            0            0            0            0            0            0            0         0.72            0  
         -9           -9            0     -0.62296     0.035851    0.0057356     0.030116   2.9805e-14   -0.0055445    0.0006947   -0.0062392   6.3315e-14  -4.3056e-15   1.3285e-16  -4.4384e-15      -17.376      -13.715            0    -2.36e+05        13582       -25650   1.1291e-08  -2.3488e+05       -24082   1.8233e-08  -2.3062e+05            0            0            0       163.93            0        164.2      -3.2937   2.6735e-07      -6283.1   -1.818e-08      0.62623  -1.0472e-12      0.27118  -2.7009e+05            0   2.2301e+06       1.0255     -0.39012            0            0            0            0            0            0            0            0            0            0         0.72            0  
         -8           -8            0     -0.55384      0.02941    0.0056067     0.023803    9.377e-15   -0.0045346   0.00065591   -0.0051905   7.7021e-15  -1.9893e-15   1.8925e-17  -2.0082e-15      -18.832      -14.015            0  -2.0981e+05        11142       -20271   3.5524e-09  -2.0903e+05       -19031   3.1762e-09  -2.0545e+05            0            0            0       163.97            0        164.2      -3.0397   3.2522e-08      -5138.6  -8.3997e-09      0.63789  -1.4737e-13       0.2552  -2.4044e+05            0   1.8294e+06       1.0256     -0.35329            0            0            0            0            0            0            0            0            0            0         0.72            0  
         -7           -7            0     -0.48463     0.023692    0.0054676     0.018224  -1.5175e-15   -0.0036273   0.00061677   -0.0042441   2.5943e-14  -1.6369e-16   5.8575e-17  -2.2226e-16      -20.456      -14.241            0   -1.836e+05       8975.2       -15522  -5.7487e-10  -1.8307e+05       -14557   5.1062e-09  -1.8011e+05            0            0            0          164            0        164.2      -2.7987   1.0955e-07      -4110.5  -6.9116e-10      0.64856  -5.6316e-13      0.23644  -2.1068e+05            0   1.4737e+06       1.0257     -0.31432            0            0            0            0            0            0            0            0            0            0         0.72            0  
         -6           -6            0     -0.41532      0.01872    0.0053388     0.013381   2.0093e-14   -0.0028255   0.00057993   -0.0034055   4.6086e-14  -3.6347e-15   6.0178e-17  -3.6949e-15      -22.186      -14.298            0  -1.5734e+05       7091.7       -11405   7.6121e-09  -1.5701e+05       -10667   5.5917e-09  -1.5461e+05            0            0            0       164.03            0        164.2      -2.5807    1.946e-07      -3201.9  -1.5348e-08      0.65815  -1.2172e-12       0.2138  -1.8082e+05            0   1.1644e+06       1.0259     -0.27335            0            0            0            0            0            0            0            0            0            0         0.72            0  
         -5           -5            0     -0.34584     0.014524    0.0052492     0.009275   8.3579e-15    -0.002135   0.00054754   -0.0026826   3.3093e-14  -1.1585e-15   8.5637e-17  -1.2441e-15      -23.812      -14.003            0  -1.3102e+05       5502.3      -7918.6   3.1663e-09  -1.3083e+05      -7362.9   7.6527e-09  -1.2893e+05            0            0            0       164.05            0        164.2      -2.4048   1.3974e-07      -2419.5  -4.8917e-09      0.66645  -1.0164e-12      0.18522  -1.5082e+05            0   9.0346e+05       1.0263     -0.23049            0            0            0            0            0            0            0            0            0            0         0.72            0  
         -4           -4            0     -0.27627     0.011067    0.0051519    0.0059155  -1.3956e-14   -0.0015625   0.00051498   -0.0020775  -2.0932e-14   1.9363e-15  -3.2995e-17   1.9693e-15      -24.962       -13.12            0  -1.0466e+05       4192.7      -5065.2   -5.287e-09  -1.0456e+05      -4654.1  -4.2283e-09  -1.0312e+05            0            0            0       164.06            0        164.2      -2.2941  -8.8383e-08      -1770.7    8.176e-09      0.67314   8.3116e-13      0.14659  -1.2071e+05            0   6.8843e+05       1.0268     -0.18597            0            0            0            0            0            0            0            0            0            0         0.72            0  
         -3           -3            0     -0.20664    0.0083585    0.0050513    0.0033072  -7.1795e-15   -0.0011107   0.00048314   -0.0015938  -3.2434e-14   3.6001e-16  -7.5681e-17   4.3569e-16      -24.722      -11.238            0       -78282       3166.5      -2845.8  -2.7198e-09       -78240      -2545.5  -2.3961e-09       -77211            0            0            0       164.06            0        164.2      -2.3164  -1.3695e-07      -1258.7   1.5201e-09       0.6775   1.7316e-12     0.088204       -90528            0   5.1993e+05       1.0275        -0.14            0            0            0            0            0            0            0            0            0            0         0.72            0  
         -2           -2            0     -0.13691    0.0064192    0.0049685    0.0014507  -5.4315e-15  -0.00078346    0.0004531   -0.0012366  -1.8978e-14   4.3593e-17   -2.592e-17   6.9513e-17      -21.329      -7.8921            0       -51868       2431.8      -1260.9  -2.0576e-09       -51856      -1038.6  -1.3269e-09       -51205            0            0            0       164.02            0        164.2      -2.6843  -8.0132e-08      -887.83   1.8407e-10      0.67729   1.5308e-12    -0.019631       -60244            0    3.993e+05       1.0283     -0.09273            0            0            0            0            0            0            0            0            0            0         0.72            0  
         -1           -1            0    -0.067029    0.0052703    0.0049225   0.00034784   8.1623e-15  -0.00058392    0.0004276   -0.0010115   3.3446e-14  -2.4084e-16   1.8189e-17  -2.5902e-16      -12.718      -3.2927            0       -25393       1996.6      -311.41   3.0922e-09       -25391      -135.37   3.7561e-09       -25089            0            0            0       163.69            0        164.2      -4.4958   1.4122e-07      -661.71  -1.0169e-09       0.6609  -5.4816e-12     -0.33102       -29832            0   3.2783e+05        1.028    -0.044299            0            0            0            0            0            0            0            0            0            0         0.72            0  
          0            0            0    0.0029826    0.0049001    0.0048974   2.7706e-06   1.2924e-14  -0.00051876   0.00040321  -0.00092196   3.5984e-14  -7.2704e-16  -2.0619e-17  -7.0642e-16      0.60867     0.033242       18.311       1129.9       1856.3       1.0496   4.8959e-09       1129.9       161.01    4.683e-09       1106.4            0            0            0       85.371            0        164.2       58.672   1.5194e-07      -587.86  -3.0699e-09       1.7019   1.3308e-10       13.478       690.02            0   3.0481e+05      0.25553     0.005076            0            0            0            0            0            0            0            0            0            0         0.72            0  
          1            1            0     0.073151    0.0053436     0.004925   0.00041858   8.3525e-16  -0.00058826   0.00038472  -0.00097298   3.0597e-15  -5.4131e-16  -6.3986e-18  -5.3491e-16       13.689       3.7025       3.6973        27712       2024.3       -325.1   3.1642e-10        27711      -151.36   1.6703e-10        27379            0            0            0       163.76            0        164.2        4.178   1.2919e-08      -666.62  -2.2857e-09      0.75494   4.6491e-13      0.77473        31333            0   3.3239e+05       1.0174     0.055225            0            0            0            0            0            0            0            0            0            0         0.72            0  
          2            2            0      0.14349    0.0065769     0.004978    0.0015989  -1.9638e-14  -0.00080147   0.00036692   -0.0011684  -5.6706e-14   7.5234e-16   8.0727e-17   6.7162e-16       21.817       8.2643       2.6399        54359       2491.6      -1291.8  -7.4397e-09        54347      -1074.3  -6.5889e-09        53717            0            0            0       164.02            0        164.2       2.6244  -2.3944e-07      -908.24   3.1768e-09      0.73843  -4.3603e-12      0.49878        62102            0   4.0911e+05       1.0248      0.10596            0            0            0            0            0            0            0            0            0            0         0.72            0  
          3            3            0        0.214    0.0086061     0.005059    0.0035471  -3.5393e-15   -0.0011617   0.00035168   -0.0015134   -1.062e-14  -7.3497e-17    1.664e-17  -9.0138e-17       24.866       11.503       2.1617        81070       3260.3      -2900.9  -1.3408e-09        81030        -2609  -1.0129e-09        80107            0            0            0       164.06            0        164.2        2.303  -4.4844e-08      -1316.4  -3.1034e-10      0.73401  -5.4627e-13      0.39651        92991            0   5.3533e+05       1.0275      0.15708            0            0            0            0            0            0            0            0            0            0         0.72            0  
          4            4            0      0.28467     0.011436    0.0051694    0.0062661  -9.7305e-15   -0.0016725   0.00033634   -0.0020089  -3.2538e-14  -7.2451e-16   5.9091e-17   -7.836e-16       24.894       13.282       1.8742   1.0784e+05       4332.2      -5154.8  -3.6863e-09   1.0775e+05      -4755.7  -3.7181e-09   1.0653e+05            0            0            0       164.06            0        164.2       2.3004  -1.3739e-07      -1895.3  -3.0593e-09      0.73195  -1.2559e-12      0.33899     1.24e+05            0   7.1133e+05       1.0293      0.20837            0            0            0            0            0            0            0            0            0            0         0.72            0  
          5            5            0      0.35562     0.015029     0.005265    0.0097641   7.9731e-15   -0.0023435   0.00032029   -0.0026638   3.4339e-14   8.2522e-18  -7.2374e-17   8.0626e-17       23.662        14.11       1.6769   1.3472e+05       5693.5      -8056.7   3.0205e-09   1.3453e+05      -7518.4   6.0551e-10   1.3301e+05            0            0            0       164.05            0        164.2         2.42     1.45e-07      -2655.7   3.4845e-11      0.73031   1.0602e-12      0.29954   1.5518e+05            0   9.3486e+05       1.0308      0.25971            0            0            0            0            0            0            0            0            0            0         0.72            0  
          6            6            0      0.42677     0.019407     0.005364     0.014043   1.0763e-14   -0.0031751   0.00030284   -0.0034779   3.9755e-14   1.2444e-15  -6.9774e-17   1.3141e-15       21.991       14.366       1.5308   1.6167e+05       7351.9       -11609   4.0775e-09   1.6134e+05       -10895  -2.0045e-09   1.5951e+05            0            0            0       164.03            0        164.2       2.6037   1.6787e-07      -3598.1   5.2543e-09      0.72836   1.0259e-12      0.26923   1.8649e+05            0   1.2072e+06       1.0322      0.31084            0            0            0            0            0            0            0            0            0            0         0.72            0  
          7            7            0      0.49804     0.024605    0.0055064     0.019099   1.2647e-14   -0.0041636   0.00028658   -0.0044502   3.5676e-14   -3.125e-16  -8.7857e-17  -2.2464e-16       20.241       14.285        1.417   1.8868e+05       9321.2       -15812   4.7909e-09   1.8815e+05       -14881   1.2316e-09   1.8599e+05            0            0            0          164            0        164.2       2.8283   1.5064e-07      -4718.3  -1.3195e-09      0.72582   7.8482e-13      0.24422   2.1789e+05            0   1.5305e+06       1.0336      0.36149            0            0            0            0            0            0            0            0            0            0         0.72            0  
          8            8            0      0.56949     0.030581    0.0056435     0.024937    8.881e-15   -0.0053176   0.00026881   -0.0055864   3.1559e-14  -3.1303e-16  -7.4584e-17  -2.3845e-16       18.623       14.053       1.3251   2.1574e+05        11585       -20671   3.3644e-09   2.1496e+05       -19477  -3.1715e-09   2.1244e+05            0            0            0       163.96            0        164.2       3.0737   1.3326e-07      -6025.9  -1.3218e-09      0.72254   6.0376e-13      0.22257   2.4942e+05            0   1.9022e+06        1.035      0.41148            0            0            0            0            0            0            0            0            0            0         0.72            0  
          9            9            0      0.64112     0.037351    0.0057908      0.03156   1.7761e-14   -0.0066381   0.00025027   -0.0068884   7.0009e-14   3.2371e-15   -1.192e-16   3.3563e-15       17.165       13.744       1.2489   2.4288e+05        14150       -26186   6.7285e-09   2.4176e+05       -24679  -1.5325e-08   2.3886e+05            0            0            0       163.92            0        164.2       3.3342   2.9561e-07      -7522.4   1.3669e-08      0.71846   1.1875e-12      0.20322   2.8107e+05            0   2.3234e+06       1.0365      0.46061            0            0            0            0            0            0            0            0            0            0         0.72            0  
         10           10            0      0.71279     0.044952    0.0059974     0.038954   1.4215e-14   -0.0081197   0.00023189   -0.0083516   4.4185e-14   1.5303e-15  -9.4787e-17    1.625e-15       15.857       13.387       1.1845   2.7003e+05        17029       -32357   5.3853e-09   2.6849e+05       -30473  -1.0453e-08   2.6517e+05            0            0            0       163.87            0        164.2       3.6086   1.8657e-07      -9201.3   6.4615e-09       0.7135   6.6943e-13      0.18557   3.1277e+05            0   2.7962e+06        1.038      0.50857            0            0            0            0            0            0            0            0            0            0         0.72            0  
         11           11            0      0.78432     0.053286    0.0061904     0.047095   1.8235e-14   -0.0097562     0.000212   -0.0099682   4.1405e-14   4.6645e-16  -7.6132e-17   5.4258e-16       14.719       13.035       1.1292   2.9713e+05        20187       -39181    6.908e-09   2.9507e+05       -36839  -6.8691e-09   2.9131e+05            0            0            0       163.82            0        164.2       3.8866   1.7483e-07       -11056   1.9696e-09      0.70762   5.6071e-13      0.16924   3.4445e+05            0   3.3146e+06       1.0395        0.555            0            0            0            0            0            0            0            0            0            0         0.72            0  
         12           12            0       0.8562     0.062438    0.0063994     0.056039   4.9476e-14    -0.011575   0.00019177    -0.011767   1.3572e-13   4.9429e-15  -5.0294e-16   5.4459e-15       13.713       12.688       1.0807   3.2436e+05        23654       -46672   1.8743e-08   3.2168e+05       -43811   1.1302e-09   3.1743e+05            0            0            0       163.76            0        164.2       4.1709   5.7307e-07       -13117   2.0872e-08      0.70089   1.6655e-12      0.15395   3.7632e+05            0   3.8839e+06       1.0411       0.6001            0            0            0            0            0            0            0            0            0            0         0.72            0  
         13           13            0      0.92806     0.072418    0.0066763     0.065741   1.0061e-13    -0.013561    0.0001728    -0.013733   2.6163e-13   4.6508e-15   -1.374e-15   6.0248e-15       12.815       12.346        1.038   3.5158e+05        27434       -54822   3.8115e-08   3.4818e+05       -51349   5.7714e-09   3.4339e+05            0            0            0        163.7            0        164.2       4.4618   1.1047e-06       -15367   1.9638e-08      0.69327   2.9052e-12      0.13955   4.0818e+05            0   4.5046e+06       1.0427       0.6434            0            0            0            0            0            0            0            0            0            0         0.72            0  
         14           14            0      0.99946     0.083203    0.0070733     0.076129   4.6435e-14    -0.015696   0.00015269    -0.015849   1.2239e-13   1.2126e-15  -5.7966e-16   1.7922e-15       12.012       12.009       1.0003   3.7863e+05        31520       -63615   1.7591e-08   3.7436e+05       -59396  -1.4555e-08   3.6899e+05            0            0            0       163.63            0        164.2       4.7588   5.1679e-07       -17787   5.1201e-09      0.68472   1.2382e-12      0.12594   4.3982e+05            0   5.1755e+06       1.0442      0.68434            0            0            0            0            0            0            0            0            0            0         0.72            0  
         15           15            0       1.0711     0.094781    0.0074803       0.0873   4.7288e-14    -0.017991   0.00013033    -0.018121   1.0926e-13   2.9169e-15   -7.554e-16   3.6723e-15       11.301       11.696      0.96622   4.0579e+05        35906       -73080   1.7914e-08   4.0052e+05       -68024   1.2929e-08   3.9453e+05            0            0            0       163.56            0        164.2       5.0567   4.6134e-07       -20387   1.2317e-08      0.67524   1.0305e-12      0.11314   4.7174e+05            0   5.8957e+06       1.0459      0.72328            0            0            0            0            0            0            0            0            0            0         0.72            0  
         16           16            0       1.1433      0.10719    0.0079087     0.099286   1.2513e-14     -0.02046   0.00010571    -0.020566   8.1669e-14   5.7628e-16  -5.5247e-16   1.1287e-15       10.665       11.404      0.93524   4.3312e+05        40609       -83227   4.7405e-09    4.267e+05       -77247   5.4929e-09   4.2005e+05            0            0            0       163.48            0        164.2       5.3564   3.4485e-07       -23186   2.4333e-09      0.66489   7.0188e-13      0.10108   5.0395e+05            0   6.6679e+06       1.0477      0.76015            0            0            0            0            0            0            0            0            0            0         0.72            0  
         17           17            0       1.2149      0.12031    0.0083933      0.11192   4.4665e-14    -0.023067    7.715e-05    -0.023144   1.1256e-13    3.502e-15  -6.8172e-16   4.1837e-15       10.098        11.13      0.90726   4.6024e+05        45578       -94015   1.6921e-08   4.5253e+05       -86939  -1.8867e-08   4.4516e+05            0            0            0        163.4            0        164.2       5.6556    4.753e-07       -26139   1.4787e-08      0.65363   8.9822e-13     0.089715   5.3598e+05            0   7.4838e+06       1.0495      0.79408            0            0            0            0            0            0            0            0            0            0         0.72            0  
         18           18            0       1.2864       0.1342    0.0089277      0.12528  -1.6251e-14    -0.025856   4.4907e-05    -0.025901   4.8043e-15   1.5106e-15   1.6327e-16   1.3473e-15       9.5857       10.872      0.88167   4.8734e+05        50841  -1.0546e+05  -6.1566e-09   4.7816e+05       -97141  -2.8552e-08   4.7002e+05            0            0            0       163.31            0        164.2       5.9557   2.0286e-08       -29301   6.3785e-09      0.64155   2.4938e-14     0.078962   5.6794e+05            0   8.3479e+06       1.0513      0.82531            0            0            0            0            0            0            0            0            0            0         0.72            0  
         19           19            0       1.3582      0.14894    0.0095207      0.13941  -3.0423e-14    -0.028853   7.9406e-06    -0.028861  -3.0189e-14   2.1189e-15   9.4251e-17   2.0247e-15       9.1194       10.628      0.85806   5.1453e+05        56422  -1.1758e+05  -1.1525e-08    5.037e+05  -1.0788e+05   2.0468e-08   4.9474e+05            0            0            0       163.22            0        164.2       6.2578  -1.2747e-07       -32697   8.9471e-09       0.6287  -1.8601e-13     0.068808   5.9991e+05            0   9.2643e+06        1.053      0.85389            0            0            0            0            0            0            0            0            0            0         0.72            0  
         20           20            0       1.4293      0.16433     0.010182      0.15415  -3.5138e-14    -0.031988  -3.4742e-05    -0.031953  -5.6085e-14   6.6147e-16   7.6025e-16  -9.8782e-17       8.6978       10.399      0.83644   5.4148e+05        62255  -1.3032e+05  -1.3311e-08    5.288e+05  -1.1903e+05  -1.5622e-08   5.1898e+05            0            0            0       163.12            0        164.2       6.5586  -2.3682e-07       -36249   2.7931e-09      0.61499  -3.4992e-13      0.05931   6.3159e+05            0   1.0222e+07       1.0548      0.87902            0            0            0            0            0            0            0            0            0            0         0.72            0  
