A320_htp_case1_refined
T6/1-TriUniform-ThickSurf-x1.7m-case1


 Ctrl        Alpha        Beta         CL           CD           CD_viscous   CD_induced   CY           Cm           Cm_viscous   Cm_pressure  Cl           Cn           Cn_viscous   Cn_pressure  CL/CD        CL^(3/2)/CD  1/sqrt(CL)   Lift_(N)     Drag_(N)     Fx_FF_(N)    Fy_FF_(N)    Fz_FF_(N)    Fx_sum_(N)   Fy_sum_(N)   Fz_sum_(N)   Extra_drag_(N)  Fuse_drag_(N)  Cf_Fuse      Vx_(m/s)     Vz_(m/s)     V_(m/s)      Gamma        L_(N.m)      M_(N.m)      N_(N.m)      CPx_(m)      CPy_(m)      CPz_(m)      BM_(N.m)     m.g.Vz_(W)   Drag_x_V_(W)  Efficiency   XCp.Cl       XNP_(m)      Phugoid_Freq._(Hz)  Phugoid_Damping  Short_Period_Freq._(Hz)  Short_Period_Damping_Ratio  Dutch_Roll_Freq._(Hz)  Dutch_Roll_Damping  Roll_Damping  Spiral_Damping  Mass_(kg)    CoG_x_(m)    CoG_z_(m)    
        -20          -20            0      -1.4159      0.13399     0.010376      0.12361   2.5053e-14    -0.048948     0.003402     -0.05235   6.1248e-14  -5.9537e-15   8.3762e-16  -6.7913e-15      -10.567      -12.574            0  -5.3635e+05        50755  -1.3944e+05   9.4903e-09  -5.2002e+05  -1.2089e+05   1.3888e-08   -5.061e+05            0            0            0       163.47            0        164.2      -5.4058   2.8885e-07       -49677  -2.8078e-08       1.2842   -4.165e-13      0.70627  -7.3087e+05            0   8.3338e+06       1.0344      -1.8184            0            0            0            0            0            0            0            0            0            0          1.7            0  
        -19          -19            0        -1.35      0.12215    0.0097351      0.11241   2.5924e-15    -0.043809    0.0030817     -0.04689   9.3587e-16  -1.6997e-16   6.1058e-18  -1.7607e-16      -11.052      -12.841            0  -5.1137e+05        46269  -1.2622e+05   9.8201e-10  -4.9737e+05  -1.0989e+05   4.8149e-09  -4.8481e+05            0            0            0       163.53            0        164.2      -5.1701   4.4136e-09       -44460  -8.0159e-10       1.3165   2.0207e-14      0.69227  -6.9708e+05            0   7.5973e+06        1.034      -1.7772            0            0            0            0            0            0            0            0            0            0          1.7            0  
        -18          -18            0      -1.2837      0.11085    0.0091506       0.1017   1.2982e-16    -0.038998    0.0027928    -0.041791   9.6062e-15   -2.047e-15   1.0611e-16  -2.1531e-15      -11.581      -13.122            0  -4.8628e+05        41990  -1.1363e+05   4.9178e-11  -4.7439e+05       -99360   1.0915e-08  -4.6312e+05            0            0            0       163.59            0        164.2      -4.9352   4.5304e-08       -39579  -9.6537e-09       1.3477  -2.3022e-14      0.67685  -6.6305e+05            0   6.8946e+06       1.0335      -1.7301            0            0            0            0            0            0            0            0            0            0          1.7            0  
        -17          -17            0      -1.2168      0.10002    0.0086233     0.091401   1.1924e-14    -0.034493    0.0025321    -0.037025   1.9724e-14  -3.4886e-15   1.2999e-16  -3.6186e-15      -12.165      -13.419            0  -4.6091e+05        37889  -1.0165e+05   4.5169e-09   -4.509e+05       -89249   1.0207e-08  -4.4084e+05            0            0            0       163.64            0        164.2      -4.6994    9.302e-08       -35006  -1.6453e-08       1.3778  -1.5432e-13      0.66001  -6.2854e+05            0   6.2213e+06       1.0331      -1.6764            0            0            0            0            0            0            0            0            0            0          1.7            0  
        -16          -16            0      -1.1491     0.089687    0.0081396     0.081547   6.4755e-15    -0.030234    0.0022948    -0.032529   1.3448e-14  -1.9899e-15   8.3404e-17  -2.0733e-15      -12.812      -13.734            0  -4.3527e+05        33973       -90282   2.4529e-09  -4.2692e+05       -79584   4.3971e-10  -4.1802e+05            0            0            0        163.7            0        164.2       -4.463   6.3424e-08       -30684  -9.3844e-09       1.4069  -1.4625e-13      0.64187  -5.9367e+05            0   5.5783e+06       1.0327      -1.6166            0            0            0            0            0            0            0            0            0            0          1.7            0  
        -15          -15            0      -1.0806     0.079832    0.0076852     0.072147   3.4454e-16    -0.026267    0.0020782    -0.028345  -2.7183e-15   2.3617e-16  -4.0471e-17   2.7664e-16      -13.536      -14.071            0  -4.0933e+05        30241       -79544   1.3051e-10  -4.0245e+05       -70376  -8.6107e-10  -3.9463e+05            0            0            0       163.75            0        164.2      -4.2253   -1.282e-08       -26658   1.1138e-09       1.4348   2.1187e-14      0.62236  -5.5836e+05            0   4.9654e+06       1.0323      -1.5504            0            0            0            0            0            0            0            0            0            0          1.7            0  
        -14          -14            0      -1.0114     0.070475     0.007249     0.063226   2.0832e-15    -0.022611    0.0018775    -0.024489   2.7583e-15  -8.8543e-16   6.9223e-18  -8.9235e-16      -14.351      -14.432            0  -3.8311e+05        26696       -69445   7.8913e-10  -3.7753e+05       -61647   1.1828e-09  -3.7071e+05            0            0            0        163.8            0        164.2       -3.986   1.3008e-08       -22948  -4.1757e-09       1.4615  -3.7522e-14      0.60147  -5.2261e+05            0   4.3834e+06       1.0319      -1.4781            0            0            0            0            0            0            0            0            0            0          1.7            0  
        -13          -13            0     -0.94127     0.061645    0.0068645      0.05478  -9.4446e-15    -0.019295    0.0016944     -0.02099  -2.3096e-14   3.0644e-15  -1.6075e-16   3.2252e-15      -15.269      -14.814            0  -3.5655e+05        23351       -59988  -3.5776e-09  -3.5208e+05       -53397  -3.0855e-09   -3.462e+05            0            0            0       163.85            0        164.2       -3.747  -1.0892e-07       -19582   1.4452e-08       1.4867   2.9124e-13      0.57913  -4.8631e+05            0   3.8342e+06       1.0315      -1.3994            0            0            0            0            0            0            0            0            0            0          1.7            0  
        -12          -12            0     -0.87072     0.053443    0.0065506     0.046892   1.3968e-14      -0.0162    0.0015349    -0.017735   3.7584e-14  -5.5106e-15   1.9725e-16  -5.7078e-15      -16.293      -15.203            0  -3.2983e+05        20244       -51201   5.2912e-09  -3.2632e+05       -45697   1.1327e-08  -3.2129e+05            0            0            0       163.89            0        164.2      -3.5123   1.7725e-07       -16441  -2.5988e-08       1.5109  -4.8437e-13      0.55551  -4.4986e+05            0    3.324e+06       1.0312      -1.3156            0            0            0            0            0            0            0            0            0            0          1.7            0  
        -11          -11            0     -0.79997     0.045907    0.0063084     0.039598  -2.7072e-16    -0.013306    0.0014046     -0.01471  -2.4022e-16   -4.393e-16   6.1821e-18  -4.4548e-16      -17.426      -15.586            0  -3.0303e+05        17390       -43096  -1.0255e-10  -3.0032e+05       -38579   1.0905e-09  -2.9608e+05            0            0            0       163.93            0        164.2      -3.2844  -1.1329e-09       -13504  -2.0718e-09       1.5341   6.3863e-15      0.53057  -4.1339e+05            0   2.8553e+06       1.0308      -1.2272            0            0            0            0            0            0            0            0            0            0          1.7            0  
        -10          -10            0     -0.72885      0.03897    0.0060853     0.032885  -5.7062e-15    -0.010717    0.0012878    -0.012005  -2.0329e-14    3.284e-15  -9.1511e-17   3.3755e-15      -18.703      -15.967            0  -2.7609e+05        14762       -35675  -2.1615e-09  -2.7406e+05       -32031  -8.0963e-09  -2.7051e+05            0            0            0       163.96            0        164.2      -3.0606  -9.5872e-08       -10876   1.5488e-08        1.556   2.9434e-13      0.50405   -3.767e+05            0   2.4239e+06       1.0303      -1.1341            0            0            0            0            0            0            0            0            0            0          1.7            0  
         -9           -9            0     -0.65688     0.032607     0.005884     0.026723   1.4721e-14   -0.0083885    0.0011793   -0.0095679   3.7307e-14  -3.5056e-15   1.3863e-16  -3.6442e-15      -20.145      -16.327            0  -2.4883e+05        12352       -28927   5.5762e-09  -2.4735e+05       -26029   8.6631e-09  -2.4443e+05            0            0            0       163.99            0        164.2      -2.8418   1.7594e-07      -8513.4  -1.6533e-08       1.5765   -6.564e-13      0.47583   -3.396e+05            0   2.0281e+06       1.0298      -1.0356            0            0            0            0            0            0            0            0            0            0          1.7            0  
         -8           -8            0     -0.58458      0.02689    0.0057163     0.021173  -1.3139e-15   -0.0063789    0.0010825   -0.0074615  -4.3682e-15   1.0731e-15  -7.9227e-18    1.081e-15       -21.74      -16.622            0  -2.2144e+05        10186       -22876   -4.977e-10   -2.204e+05       -20626  -1.4284e-09  -2.1804e+05            0            0            0       164.02            0        164.2      -2.6337  -2.0601e-08      -6473.9   5.0607e-09       1.5955   9.3094e-14      0.44552  -3.0229e+05            0   1.6725e+06       1.0294     -0.93268            0            0            0            0            0            0            0            0            0            0          1.7            0  
         -7           -7            0      -0.5119     0.021808    0.0055651     0.016243   7.5311e-15   -0.0046632   0.00099442   -0.0056576   2.2162e-14  -1.4192e-15   5.8034e-17  -1.4772e-15      -23.473      -16.794            0  -1.9391e+05       8260.9       -17525   2.8528e-09  -1.9321e+05       -15829   4.3559e-09  -1.9135e+05            0            0            0       164.05            0        164.2      -2.4394   1.0452e-07      -4732.5   -6.693e-09        1.613  -5.0837e-13      0.41268  -2.6477e+05            0   1.3564e+06        1.029     -0.82568            0            0            0            0            0            0            0            0            0            0          1.7            0  
         -6           -6            0     -0.43892     0.017365    0.0054179     0.011947  -5.0246e-15    -0.003233   0.00091011   -0.0041431  -2.1946e-14   2.5354e-15  -5.8837e-17   2.5942e-15      -25.277      -16.746            0  -1.6626e+05       6577.8       -12879  -1.9033e-09  -1.6583e+05       -11651  -5.2263e-09  -1.6439e+05            0            0            0       164.07            0        164.2      -2.2656   -1.035e-07      -3281.1   1.1957e-08       1.6289   5.8367e-13      0.37647  -2.2709e+05            0     1.08e+06       1.0285     -0.71494            0            0            0            0            0            0            0            0            0            0          1.7            0  
         -5           -5            0     -0.36566     0.013601     0.005305    0.0082956  -6.2942e-15   -0.0020725    0.0008328   -0.0029053  -2.0959e-14   1.6691e-15  -3.8707e-17   1.7078e-15      -26.886      -16.258            0  -1.3851e+05       5151.9      -8941.8  -2.3843e-09  -1.3826e+05      -8101.4  -4.3082e-09  -1.3719e+05            0            0            0       164.08            0        164.2      -2.1301  -9.8845e-08      -2103.3   7.8718e-09       1.6432   6.8101e-13      0.33529  -1.8927e+05            0   8.4593e+05        1.028     -0.60084            0            0            0            0            0            0            0            0            0            0          1.7            0  
         -4           -4            0     -0.29217     0.010499    0.0051996    0.0052992   4.3096e-15   -0.0011838   0.00075934   -0.0019431     7.59e-15  -4.3194e-16   1.5845e-17  -4.4778e-16      -27.829      -15.043            0  -1.1068e+05       3976.9      -5717.9   1.6325e-09  -1.1055e+05        -5188   2.1254e-09  -1.0979e+05            0            0            0       164.09            0        164.2      -2.0579   3.5795e-08      -1201.4  -2.0371e-09       1.6556   -3.098e-13      0.28589  -1.5134e+05            0     6.53e+05       1.0275     -0.48373            0            0            0            0            0            0            0            0            0            0          1.7            0  
         -3           -3            0     -0.21857    0.0080546    0.0050868    0.0029678   7.2543e-15  -0.00055571   0.00068712   -0.0012428   1.8493e-14  -9.7327e-16   3.0498e-17  -1.0038e-15      -27.136      -12.687            0       -82796       3051.1      -3210.5    2.748e-09       -82741      -2919.7   2.9852e-09       -82245            0            0            0       164.09            0        164.2      -2.1105   8.7212e-08      -563.98    -4.59e-09        1.666  -1.0316e-12      0.22062  -1.1336e+05            0   5.0098e+05       1.0267     -0.36413            0            0            0            0            0            0            0            0            0            0          1.7            0  
         -2           -2            0     -0.14491    0.0062833     0.004977    0.0013063   2.4002e-15  -0.00017727   0.00061787  -0.00079514   8.1293e-15    1.103e-16   1.0238e-17   1.0006e-16      -23.063      -8.7794            0       -54893       2380.1      -1421.2   9.0922e-10       -54877      -1300.1   7.5063e-10       -54593            0            0            0       164.04            0        164.2      -2.4828   3.8338e-08       -179.9   5.2018e-10       1.6733    -6.86e-13      0.11603       -75367            0   3.9081e+05       1.0253     -0.24248            0            0            0            0            0            0            0            0            0            0          1.7            0  
         -1           -1            0    -0.071058    0.0052498     0.004934    0.0003158  -3.1829e-15  -3.5652e-05   0.00055894  -0.00059459  -8.3351e-15   6.7589e-16  -2.6783e-18   6.7857e-16      -13.535      -3.6081            0       -26917       1988.6      -350.16  -1.2057e-09       -26915      -329.55  -1.3616e-09       -26801            0            0            0       163.75            0        164.2      -4.2254  -3.9309e-08      -36.182   3.1875e-09       1.6727   1.4378e-12     -0.14951       -37286            0   3.2653e+05       1.0198     -0.11886            0            0            0            0            0            0            0            0            0            0          1.7            0  
          0            0            0    0.0028438    0.0048981    0.0048959   2.2281e-06  -2.6789e-15  -0.00013187   0.00050184  -0.00063371  -1.2246e-14   1.8217e-16   6.4647e-18    1.757e-16       0.5806     0.030962       18.752       1077.2       1855.4        0.844  -1.0148e-09       1077.2      -12.578  -7.4611e-10       1058.2            0            0            0       82.444            0        164.2       59.861  -5.7751e-08      -133.83   8.5912e-10       2.1599   -5.309e-11       11.942        808.8            0   3.0465e+05       0.2315    0.0061425            0            0            0            0            0            0            0            0            0            0          1.7            0  
          1            1            0     0.076806    0.0053012    0.0049336   0.00036768   1.4135e-15  -0.00044547   0.00045397  -0.00089944   7.4777e-15  -6.9297e-17  -3.3557e-18  -6.5941e-17       14.488       4.0153       3.6083        29094       2008.1      -368.51   5.3543e-10        29092      -350.17     5.88e-10        28970            0            0            0       163.81            0        164.2       3.9484   3.5265e-08       -452.1  -3.2681e-10        1.721    1.206e-12       0.6917        38916            0   3.2973e+05       1.0233      0.13219            0            0            0            0            0            0            0            0            0            0          1.7            0  
          2            2            0      0.15082    0.0064018    0.0049877    0.0014142   6.2187e-15  -0.00097834   0.00040623   -0.0013846   1.6498e-14  -1.1239e-15  -3.0417e-17  -1.0935e-15       23.558        9.149        2.575        57130         2425      -1458.4   2.3557e-09        57114      -1343.2   2.6039e-09        56914            0            0            0       164.05            0        164.2       2.4306   7.7804e-08       -992.9  -5.3004e-09       1.7167   1.3465e-12      0.45134        77031            0   3.9818e+05       1.0259      0.25891            0            0            0            0            0            0            0            0            0            0          1.7            0  
          3            3            0      0.22478    0.0082337    0.0050929    0.0031408   1.8441e-15   -0.0017089   0.00036161   -0.0020705   1.5079e-15  -6.9294e-17   9.3314e-19  -7.0227e-17         27.3       12.943       2.1092        85146       3118.9      -3268.1   6.9855e-10        85092      -2989.8   8.2914e-10        84833            0            0            0       164.09            0        164.2       2.0978   7.1114e-09      -1734.3   -3.268e-10       1.7161   7.9431e-14      0.35029   1.1509e+05            0   5.1212e+05        1.026      0.38575            0            0            0            0            0            0            0            0            0            0          1.7            0  
          4            4            0      0.29874     0.010759    0.0052108    0.0055483   6.8091e-16   -0.0026417   0.00031476   -0.0029565  -6.0611e-17   2.0356e-16   -2.777e-18   2.0633e-16       27.766       15.176       1.8296   1.1316e+05       4075.6      -5797.2   2.5793e-10   1.1303e+05      -5289.8  -2.1082e-10   1.1273e+05            0            0            0       164.09            0        164.2       2.0626  -2.8585e-10        -2681   9.5999e-10       1.7154   1.2794e-15      0.28499   1.5313e+05            0   6.6919e+05       1.0259      0.51246            0            0            0            0            0            0            0            0            0            0          1.7            0  
          5            5            0      0.37273     0.013952    0.0053134    0.0086388   2.9368e-15   -0.0037675   0.00026457    -0.004032   8.8186e-15   5.0648e-16  -1.6886e-17   5.2337e-16       26.715        16.31        1.638   1.4119e+05       5285.1      -9045.6   1.1125e-09   1.4094e+05      -8243.8   3.4046e-10   1.4059e+05            0            0            0       164.08            0        164.2       2.1437   4.1589e-08      -3823.5   2.3886e-09       1.7137   2.9453e-13      0.23417   1.9117e+05            0   8.6779e+05       1.0257      0.63875            0            0            0            0            0            0            0            0            0            0          1.7            0  
          6            6            0      0.44662     0.017837    0.0054311     0.012406  -6.5558e-16   -0.0050664    0.0002123   -0.0052787  -7.4574e-15   -4.583e-16   1.5666e-17  -4.7397e-16       25.039       16.733       1.4963   1.6918e+05       6756.8       -13010  -2.4833e-10   1.6874e+05       -11845   1.6719e-09   1.6836e+05            0            0            0       164.07            0        164.2       2.2871   -3.517e-08      -5141.8  -2.1614e-09       1.7106  -2.0157e-13      0.19073   2.2912e+05            0   1.1094e+06       1.0255      0.76399            0            0            0            0            0            0            0            0            0            0          1.7            0  
          7            7            0      0.52036     0.022424    0.0055801     0.016844   3.3642e-15   -0.0065309   0.00015773   -0.0066887   9.1572e-15   1.2356e-15  -2.6379e-17   1.2619e-15       23.205       16.739       1.3863   1.9711e+05       8494.3       -17689   1.2744e-09   1.9642e+05       -16087   8.8887e-10   1.9599e+05            0            0            0       164.04            0        164.2       2.4676   4.3186e-08      -6628.1    5.827e-09        1.706   2.2504e-13      0.15161   2.6696e+05            0   1.3947e+06       1.0253      0.88775            0            0            0            0            0            0            0            0            0            0          1.7            0  
          8            8            0      0.59391     0.027678    0.0057312     0.021946  -5.1102e-15   -0.0081463   9.9867e-05   -0.0082462  -1.4867e-14   8.9609e-16   2.8088e-17     8.68e-16       21.458       16.537       1.2976   2.2497e+05        10484       -23078  -1.9357e-09   2.2394e+05       -20963  -1.6398e-09   2.2346e+05            0            0            0       164.02            0        164.2       2.6682  -7.0115e-08      -8267.6    4.226e-09       1.6999  -2.9963e-13      0.11531   3.0468e+05            0   1.7215e+06       1.0251       1.0096            0            0            0            0            0            0            0            0            0            0          1.7            0  
          9            9            0      0.66745     0.033625    0.0059029     0.027722  -3.3691e-15   -0.0099847    3.895e-05    -0.010024  -1.7283e-14  -2.5096e-17   8.4189e-17  -1.0929e-16        19.85       16.217        1.224   2.5283e+05        12737       -29180  -1.2762e-09   2.5136e+05       -26467  -2.4644e-09    2.508e+05            0            0            0       163.99            0        164.2        2.884  -8.1509e-08       -10133  -1.1835e-10       1.6925  -3.1232e-13      0.08098   3.4238e+05            0   2.0914e+06        1.025       1.1297            0            0            0            0            0            0            0            0            0            0          1.7            0  
         10           10            0      0.74017     0.040203    0.0061068     0.034096   2.6756e-15    -0.011744  -2.6056e-05    -0.011718   6.1748e-15   2.7428e-15  -2.4755e-17   2.7675e-15       18.411       15.839       1.1623   2.8038e+05        15229       -35968   1.0135e-09   2.7836e+05       -32569  -3.5837e-09   2.7771e+05            0            0            0       163.95            0        164.2        3.109   2.9121e-08       -11919   1.2935e-08       1.6828   1.0449e-13     0.048295   3.7954e+05            0   2.5005e+06       1.0248       1.2456            0            0            0            0            0            0            0            0            0            0          1.7            0  
         11           11            0      0.81253     0.047427    0.0063339     0.041093   6.3084e-15    -0.013696  -9.6483e-05      -0.0136   2.1854e-14  -5.3909e-16  -1.0248e-16  -4.3661e-16       17.132       15.443       1.1094   3.0779e+05        17966       -43449   2.3896e-09    3.051e+05       -39253   1.6604e-09   3.0432e+05            0            0            0       163.92            0        164.2       3.3405   1.0307e-07       -13900  -2.5424e-09       1.6718   3.1726e-13      0.01685   4.1651e+05            0   2.9499e+06       1.0247       1.3584            0            0            0            0            0            0            0            0            0            0          1.7            0  
         12           12            0      0.88482     0.055313    0.0065807     0.048732  -1.1064e-14    -0.015679  -0.00017268    -0.015507  -3.1113e-14    4.503e-17   1.7785e-16  -1.3282e-16       15.997       15.047       1.0631   3.3517e+05        20953       -51630   -4.191e-09   3.3169e+05       -46544  -1.7659e-10   3.3074e+05            0            0            0       163.88            0        164.2       3.5771  -1.4673e-07       -15913   2.1237e-10        1.659  -4.0339e-13    -0.013482   4.5332e+05            0   3.4403e+06       1.0247        1.468            0            0            0            0            0            0            0            0            0            0          1.7            0  
         13           13            0      0.95669     0.063882    0.0069038     0.056978  -3.7284e-15    -0.017861  -0.00025802    -0.017603   -1.374e-14  -1.4215e-15   8.8303e-17  -1.5098e-15       14.976       14.648       1.0224    3.624e+05        24198       -60492  -1.4123e-09   3.5796e+05       -54409   3.9471e-09   3.5682e+05            0            0            0       163.83            0        164.2       3.8202  -6.4799e-08       -18126   -6.704e-09        1.645  -1.6377e-13     -0.04279   4.8997e+05            0   3.9733e+06       1.0245       1.5738            0            0            0            0            0            0            0            0            0            0          1.7            0  
         14           14            0       1.0281     0.073118    0.0073047     0.065813  -1.6032e-14     -0.02021   -0.0003553    -0.019855  -5.6386e-14  -4.6093e-15   4.5161e-16  -5.0609e-15       14.061       14.257      0.98623   3.8945e+05        27697       -70027  -6.0728e-09   3.8392e+05       -62833   3.4014e-09   3.8254e+05            0            0            0       163.78            0        164.2       4.0679  -2.6592e-07       -20511  -2.1738e-08       1.6297  -6.3418e-13    -0.071136   5.2642e+05            0   4.5478e+06       1.0244       1.6755            0            0            0            0            0            0            0            0            0            0          1.7            0  
         15           15            0        1.099     0.082955    0.0077491     0.075206  -1.1132e-14    -0.022618  -0.00046467    -0.022153   -2.537e-14  -3.6776e-15   2.1967e-16  -3.8972e-15       13.248       13.888       0.9539    4.163e+05        31423       -80229   -4.217e-09   4.0949e+05       -71792   2.0388e-09   4.0782e+05            0            0            0       163.73            0        164.2       4.3166  -1.1965e-07       -22954  -1.7344e-08       1.6127  -2.7427e-13    -0.098527   5.6255e+05            0   5.1596e+06       1.0243       1.7724            0            0            0            0            0            0            0            0            0            0          1.7            0  
         16           16            0       1.1693      0.09334    0.0082064     0.085134  -3.5283e-15    -0.025023  -0.00058577    -0.024438  -2.7966e-14   5.8268e-16     2.46e-16   3.3668e-16       12.527       13.546      0.92479   4.4292e+05        35357       -91087  -1.3365e-09   4.3466e+05       -81261  -7.1743e-11   4.3265e+05            0            0            0       163.68            0        164.2       4.5641  -1.3189e-07       -25396    2.748e-09       1.5941  -2.5448e-13     -0.12495   5.9827e+05            0   5.8056e+06       1.0243       1.8639            0            0            0            0            0            0            0            0            0            0          1.7            0  
         17           17            0       1.2388      0.10425    0.0086995     0.095549  -8.0389e-15    -0.027418  -0.00072114    -0.026697  -3.2275e-14  -1.8421e-15   2.4909e-16  -2.0912e-15       11.883       13.225      0.89848   4.6924e+05        39489  -1.0258e+05  -3.0451e-09   4.5932e+05       -91195   3.9831e-09   4.5692e+05            0            0            0       163.62            0        164.2       4.8104  -1.5221e-07       -27826  -8.6873e-09       1.5738  -2.7635e-13      -0.1504   6.3349e+05            0    6.484e+06       1.0243       1.9495            0            0            0            0            0            0            0            0            0            0          1.7            0  
         18           18            0       1.3074      0.11567      0.00924      0.10643  -2.0954e-15    -0.029861  -0.00087281    -0.028988  -9.9657e-15  -1.0341e-15   1.6122e-16  -1.1954e-15       11.303       12.924      0.87457   4.9525e+05        43815   -1.147e+05  -7.9374e-10   4.8346e+05  -1.0157e+05  -2.1056e-09   4.8061e+05            0            0            0       163.56            0        164.2       5.0559  -4.6999e-08       -30306  -4.8771e-09        1.552  -9.2752e-14     -0.17485   6.6824e+05            0   7.1943e+06       1.0244       2.0291            0            0            0            0            0            0            0            0            0            0          1.7            0  
         19           19            0       1.3757      0.12766    0.0098416      0.11782  -1.7037e-14    -0.032208   -0.0010437    -0.031164  -8.2694e-14  -9.1054e-15   1.0017e-15  -1.0107e-14       10.776       12.639       0.8526    5.211e+05        48358  -1.2746e+05  -6.4537e-09   5.0724e+05  -1.1243e+05   1.8329e-08   5.0388e+05            0            0            0       163.49            0        164.2       5.3018  -3.8999e-07       -32687  -4.2942e-08       1.5285  -6.1521e-13     -0.19824    7.026e+05            0   7.9402e+06       1.0245       2.1027            0            0            0            0            0            0            0            0            0            0          1.7            0  
         20           20            0       1.4436      0.14022     0.010497      0.12973  -2.6578e-14    -0.034466    -0.001236     -0.03323  -8.7081e-14  -7.0653e-15   1.1123e-15  -8.1776e-15       10.295       12.369       0.8323   5.4683e+05        53116  -1.4085e+05  -1.0068e-08   5.3066e+05  -1.2377e+05   6.5073e-09   5.2672e+05            0            0            0       163.43            0        164.2        5.548  -4.1068e-07       -34979  -3.3321e-08       1.5034  -6.2421e-13     -0.22054   7.3662e+05            0   8.7215e+06       1.0246       2.1703            0            0            0            0            0            0            0            0            0            0          1.7            0  
