A320-200: HTP&VTP_refined
T5-a0.0°-66.5m/s-VLM2-x4.5m


 Ctrl        Alpha        Beta         CL           CD           CD_viscous   CD_induced   CY           Cm           Cm_viscous   Cm_pressure  Cl           Cn           Cn_viscous   Cn_pressure  CL/CD        CL^(3/2)/CD  1/sqrt(CL)   Lift_(N)     Drag_(N)     Fx_FF_(N)    Fy_FF_(N)    Fz_FF_(N)    Fx_sum_(N)   Fy_sum_(N)   Fz_sum_(N)   Extra_drag_(N)  Fuse_drag_(N)  Cf_Fuse      Vx_(m/s)     Vz_(m/s)     V_(m/s)      Gamma        L_(N.m)      M_(N.m)      N_(N.m)      CPx_(m)      CPy_(m)      CPz_(m)      BM_(N.m)     m.g.Vz_(W)   Drag_x_V_(W)  Efficiency   XCp.Cl       XNP_(m)      Phugoid_Freq._(Hz)  Phugoid_Damping  Short_Period_Freq._(Hz)  Short_Period_Damping_Ratio  Dutch_Roll_Freq._(Hz)  Dutch_Roll_Damping  Roll_Damping  Spiral_Damping  Mass_(kg)    CoG_x_(m)    CoG_z_(m)    
          0            0          -15     0.017733     0.049495    0.0093038     0.040191      -0.4118    -0.095951    0.0032906    -0.099241      0.10322     0.030612   8.9708e-05     0.030522      0.35828      0.04771       7.5095       1216.6       3395.7      -4715.5       -28252       1216.6      -7570.1       -28252       5308.3            0            0            0       22.429            0         66.5       70.288        87681       -18008        26004       15.066      -2.9258       14.857        -1759            0   2.2581e+05   0.00050074      0.26717            0            0            0            0            0            0            0            0            0            0         4.55            0  
          0            0        -14.5     0.016595     0.046963    0.0092637     0.037699     -0.39929    -0.089631    0.0032444    -0.092875      0.10008     0.029681   8.6434e-05     0.029595      0.35337     0.045523       7.7626       1138.6         3222        -4413       -27394       1138.6      -7084.5       -27394       4967.7            0            0            0       22.157            0         66.5       70.538        85017       -16821        25214       15.066      -3.0314       14.857      -1703.9            0   2.1426e+05   0.00046755      0.25003            0            0            0            0            0            0            0            0            0            0         4.55            0  
          0            0          -14     0.015493     0.044496    0.0092229     0.035273     -0.38666     -0.08351    0.0031968    -0.086706     0.096916     0.028742    8.318e-05     0.028659      0.34819      0.04334        8.034       1062.9       3052.7      -4119.9       -26527       1062.9        -6614       -26527       4637.8            0            0            0       21.867            0         66.5       70.802        82328       -15673        24415       15.066      -3.1443       14.857      -1648.5            0   2.0301e+05   0.00043552      0.23343            0            0            0            0            0            0            0            0            0            0         4.55            0  
          0            0        -13.5     0.014426     0.042097    0.0091821     0.032915     -0.37391    -0.077588    0.0031483    -0.080737      0.09372     0.027794   7.9954e-05     0.027714      0.34269     0.041161       8.3257       989.75       2888.1      -3836.2       -25652       989.75      -6158.6       -25652       4318.5            0            0            0       21.558            0         66.5       71.084        79613       -14561        23610       15.066      -3.2655       14.857      -1592.7            0   1.9206e+05   0.00040467      0.21736            0            0            0            0            0            0            0            0            0            0         4.55            0  
          0            0          -13     0.013396      0.03977    0.0091441     0.030626     -0.36104    -0.071864    0.0031037    -0.074968     0.090496     0.026837   7.6747e-05      0.02676      0.33683     0.038984       8.6401       919.03       2728.5      -3562.1       -24770       919.03      -5718.6       -24770       4009.9            0            0            0       21.227            0         66.5       71.385        76874       -13487        22797       15.066      -3.3957       14.857      -1536.4            0   1.8145e+05   0.00037499      0.20183            0            0            0            0            0            0            0            0            0            0         4.55            0  
          0            0        -12.5     0.012401     0.037518    0.0091097     0.028408     -0.34807    -0.066338    0.0030643    -0.069402     0.087244     0.025872   7.3559e-05     0.025799      0.33054     0.036809       8.9798        850.8         2574      -3297.7       -23880        850.8        -5294       -23880       3712.2            0            0            0        20.87            0         66.5       71.709        74111       -12450        21978       15.066      -3.5363       14.857      -1479.9            0   1.7117e+05   0.00034646      0.18684            0            0            0            0            0            0            0            0            0            0         4.55            0  
          0            0          -12     0.011443     0.035341    0.0090773     0.026264     -0.33499    -0.061014    0.0030274    -0.064041     0.083965     0.024899   7.0392e-05     0.024829       0.3238     0.034637       9.3482       785.08       2424.6      -3042.9       -22982       785.08      -4885.1       -22982       3425.5            0            0            0       20.485            0         66.5       72.058        71326       -11451        21151       15.066      -3.6883       14.857        -1423            0   1.6124e+05   0.00031909      0.17241            0            0            0            0            0            0            0            0            0            0         4.55            0  
          0            0        -11.5     0.010522     0.033239    0.0090457     0.024193     -0.32181    -0.055894    0.0029917    -0.058886     0.080661     0.023919   6.7238e-05     0.023852      0.31656     0.032471       9.7488       721.88       2280.4        -2798       -22078       721.88      -4491.8       -22078       3149.7            0            0            0       20.069            0         66.5       72.434        68519       -10490        20319       15.066      -3.8533       14.857      -1365.7            0   1.5165e+05   0.00029288      0.15853            0            0            0            0            0            0            0            0            0            0         4.55            0  
          0            0          -11     0.009638     0.031214    0.0090151     0.022199     -0.30853    -0.050981    0.0029571    -0.053938     0.077332     0.022932   6.4102e-05     0.022868      0.30877     0.030313       10.186       661.23       2141.5      -2562.9       -21167       661.23      -4114.4       -21167       2885.1            0            0            0       19.619            0         66.5       72.841        65692      -9567.9        19480       15.066      -4.0332       14.857      -1308.2            0   1.4241e+05    0.0002678      0.14521            0            0            0            0            0            0            0            0            0            0         4.55            0  
          0            0        -10.5    0.0087914     0.029269    0.0089865     0.020283     -0.29515    -0.046275    0.0029255      -0.0492      0.07398     0.021937   6.0981e-05     0.021876      0.30036     0.028163       10.665       603.15       2008.1      -2337.8       -20249       603.15        -3753       -20249       2631.6            0            0            0        19.13            0         66.5       73.282        62844      -8684.6        18635       15.066      -4.2299       14.857      -1250.3            0   1.3354e+05   0.00024387      0.13245            0            0            0            0            0            0            0            0            0            0         4.55            0  
          0            0          -10    0.0079823     0.027403    0.0089582     0.018445     -0.28169    -0.041779    0.0028938    -0.044673     0.070605     0.020936    5.788e-05     0.020879      0.29129     0.026025       11.193       547.64       1880.1      -2122.6       -19326       547.64      -3407.6       -19326       2389.5            0            0            0       18.598            0         66.5        73.76        59977      -7840.8        17785       15.066      -4.4461       14.857      -1192.2            0   1.2502e+05   0.00022108      0.12027            0            0            0            0            0            0            0            0            0            0         4.55            0  
          0            0         -9.5    0.0072112     0.025618    0.0089296     0.016688     -0.26814    -0.037496    0.0028614    -0.040357     0.067209     0.019929   5.4797e-05     0.019874      0.28149     0.023904       11.776       494.74       1757.6      -1917.6       -18396       494.74      -3078.4       -18396       2158.6            0            0            0       18.019            0         66.5       74.279        57092        -7037        16929       15.066      -4.6848       14.857      -1133.8            0   1.1688e+05   0.00019943      0.10865            0            0            0            0            0            0            0            0            0            0         4.55            0  
          0            0           -9    0.0064782     0.023915    0.0089014     0.015013     -0.25451    -0.033426    0.0028291    -0.036255     0.063792     0.018916   5.1736e-05     0.018864      0.27089     0.021803       12.424       444.45       1640.7      -1722.7       -17461       444.45      -2765.5       -17461       1939.2            0            0            0       17.387            0         66.5       74.843        54190      -6273.1        16068       15.066      -4.9498       14.857      -1075.2            0   1.0911e+05    0.0001789     0.097604            0            0            0            0            0            0            0            0            0            0         4.55            0  
          0            0         -8.5    0.0057835     0.022295    0.0088739     0.013421      -0.2408    -0.029569    0.0027977    -0.032367     0.060356     0.017896   4.8693e-05     0.017848      0.25941     0.019728       13.149       396.79       1529.6      -1537.9       -16520       396.79        -2469       -16520       1731.3            0            0            0       16.698            0         66.5       75.458        51271      -5549.4        15203       15.066      -5.2457       14.857      -1016.4            0   1.0172e+05    0.0001595     0.087137            0            0            0            0            0            0            0            0            0            0         4.55            0  
          0            0           -8    0.0051274      0.02076    0.0088465     0.011914     -0.22701    -0.025929    0.0027664    -0.028695     0.056902     0.016872   4.5663e-05     0.016826      0.24698     0.017685       13.965       351.78       1424.3      -1363.5       -15575       351.78      -2188.9       -15575       1534.9            0            0            0       15.945            0         66.5       76.127        48336      -4866.2        14332       15.066      -5.5782       14.857      -957.32            0        94716   0.00014123     0.077252            0            0            0            0            0            0            0            0            0            0         4.55            0  
          0            0         -7.5    0.0045101     0.019312      0.00882     0.010492     -0.21316    -0.022504    0.0027362     -0.02524      0.05343     0.015842   4.2652e-05       0.0158      0.23354     0.015684        14.89       309.42       1324.9      -1199.3       -14624       309.42      -1925.3       -14624       1350.1            0            0            0       15.123            0         66.5       76.855        45387      -4223.5        13458       15.066      -5.9548       14.857       -898.1            0        88108   0.00012408     0.067951            0            0            0            0            0            0            0            0            0            0         4.55            0  
          0            0           -7    0.0039317      0.01795    0.0087936    0.0091565     -0.19925    -0.019297     0.002706    -0.022003     0.049941     0.014808    3.966e-05     0.014768      0.21903     0.013734       15.948       269.74       1231.5      -1045.5       -13670       269.74      -1678.4       -13670       1176.9            0            0            0       14.228            0         66.5       77.645        42424      -3621.6        12579       15.066      -6.3849       14.857      -838.71            0        81894   0.00010804     0.059237            0            0            0            0            0            0            0            0            0            0         4.55            0  
          0            0         -6.5    0.0033924     0.016675    0.0087659    0.0079088     -0.18527    -0.016312    0.0026736    -0.018985     0.046438     0.013769   3.6686e-05     0.013732      0.20345      0.01185       17.169       232.74         1144       -902.1       -12711       232.74      -1448.2       -12711       1015.5            0            0            0       13.258            0         66.5         78.5        39448      -3061.3        11696       15.066      -6.8808       14.857      -779.18            0        76075   9.3129e-05     0.051111            0            0            0            0            0            0            0            0            0            0         4.55            0  
          0            0           -6    0.0028924     0.015488    0.0087388    0.0067496     -0.17124    -0.013545    0.0026417    -0.016187     0.042921     0.012726   3.3735e-05     0.012692      0.18675     0.010043       18.594       198.44       1062.6      -769.14       -11748       198.44      -1234.8       -11748       865.82            0            0            0       12.208            0         66.5       79.422        36460      -2542.1        10810       15.066       -7.459       14.857      -719.51            0        70663   7.9327e-05     0.043578            0            0            0            0            0            0            0            0            0            0         4.55            0  
          0            0         -5.5    0.0024318     0.014394    0.0087143    0.0056798     -0.15715    -0.010997     0.002613     -0.01361      0.03939     0.011679   3.0815e-05     0.011648      0.16895    0.0083314       20.278       166.84       987.53      -646.67       -10782       166.84      -1038.1       -10782       727.96            0            0            0       11.078            0         66.5       80.411        33461      -2063.8       9920.7       15.066      -8.1418       14.857      -659.73            0        65671   6.6637e-05     0.036639            0            0            0            0            0            0            0            0            0            0         4.55            0  
          0            0           -5    0.0020109     0.013391     0.008691    0.0047003     -0.14302   -0.0086684    0.0025853    -0.011254     0.035847     0.010628   2.7926e-05       0.0106      0.15016    0.0067336         22.3       137.96       918.74      -534.72      -9811.9       137.96      -858.43      -9811.9       601.94            0            0            0        9.875            0         66.5        81.46        30451      -1626.8       9028.4       15.066      -8.9608       14.857      -599.86            0        61096   5.5057e-05     0.030297            0            0            0            0            0            0            0            0            0            0         4.55            0  
          0            0         -4.5    0.0016296      0.01248    0.0086681    0.0038119     -0.12884   -0.0065626    0.0025573   -0.0091198     0.032294    0.0095745   2.5059e-05    0.0095495      0.13058    0.0052711       24.772        111.8       856.21      -433.33      -8839.2        111.8      -695.66      -8839.2       487.81            0            0            0       8.6102            0         66.5       82.561        27433      -1231.6       8133.3       15.066      -9.9613       14.857      -539.91            0        56938   4.4585e-05     0.024552            0            0            0            0            0            0            0            0            0            0         4.55            0  
          0            0           -4    0.0012881      0.01166    0.0086452    0.0030151     -0.11462     -0.00468    0.0025289   -0.0072089      0.02873     0.008518   2.2212e-05    0.0084958      0.11047    0.0039649       27.863       88.374       799.97      -342.53      -7863.9       88.374       -549.9      -7863.9       385.59            0            0            0       7.3019            0         66.5       83.696        24406      -878.31       7235.8       15.066      -11.211       14.857      -479.91            0        53198    3.522e-05     0.019408            0            0            0            0            0            0            0            0            0            0         4.55            0  
          0            0         -3.5    0.0009866     0.010935     0.008624    0.0023106     -0.10037   -0.0030192    0.0025022   -0.0055214     0.025158    0.0074589   1.9388e-05    0.0074395     0.090227     0.002834       31.837       67.687       750.19      -262.35      -6886.1       67.687      -421.17      -6886.1       295.33            0            0            0       5.9758            0         66.5       84.844        21371      -566.63       6336.1       15.066      -12.818       14.857      -419.86            0        49888    2.696e-05     0.014865            0            0            0            0            0            0            0            0            0            0         4.55            0  
          0            0           -3   0.00072509     0.010304    0.0086045     0.001699    -0.086089   -0.0015805    0.0024774   -0.0040579     0.021578    0.0063975   1.6582e-05    0.0063809     0.070373     0.001895       37.137       49.746       706.89      -192.81      -5906.3       49.746      -309.54      -5906.3       217.05            0            0            0       4.6683            0         66.5       85.975        18330      -296.62       5434.5       15.066      -14.959       14.857       -359.8            0        47008   1.9804e-05     0.010924            0            0            0            0            0            0            0            0            0            0         4.55            0  
          0            0         -2.5   0.00050367     0.009768    0.0085873    0.0011807    -0.071781  -0.00036309    0.0024557   -0.0028188     0.017992    0.0053342    1.379e-05    0.0053204     0.051564    0.0011572       44.558       34.555       670.15      -133.94      -4924.7       34.555      -215.02      -4924.7       150.77            0            0            0       3.4244            0         66.5       87.048        15284      -68.142       4531.2       15.066      -17.956       14.857      -299.73            0        44565   1.3751e-05    0.0075886            0            0            0            0            0            0            0            0            0            0         4.55            0  
          0            0           -2   0.00032242    0.0093282    0.0085722   0.00075608    -0.057451   0.00063172    0.0024361   -0.0018044       0.0144    0.0042693   1.1015e-05    0.0042583     0.034564   0.00062064       55.691        22.12       639.98      -85.738      -3941.5        22.12      -137.64      -3941.5       96.516            0            0            0       2.2972            0         66.5        88.02        12233       118.56       3626.6       15.066       -22.45       14.857      -239.68            0        42559   8.7997e-06    0.0048578            0            0            0            0            0            0            0            0            0            0         4.55            0  
          0            0         -1.5    0.0001814    0.0089868    0.0085614   0.00042548    -0.043104    0.0014077    0.0024229   -0.0010152     0.010804    0.0032031   8.2502e-06    0.0031948     0.020185   0.00027185       74.248       12.445       616.56      -48.236      -2957.2       12.445      -77.437      -2957.2         54.3            0            0            0        1.342            0         66.5       88.844       9177.7       264.19       2720.9       15.066      -29.939       14.857      -179.66            0        41001   4.9494e-06     0.002733            0            0            0            0            0            0            0            0            0            0         4.55            0  
          0            0           -1   8.0631e-05    0.0087422     0.008553   0.00018916    -0.028743    0.0019606    0.0024118  -0.00045124    0.0072045    0.0021359   5.4972e-06    0.0021304    0.0092232   8.2819e-05       111.37       5.5318       599.77      -21.441        -1972       5.5318      -34.421        -1972       24.136            0            0            0      0.61331            0         66.5       89.472       6120.1       367.95       1814.4       15.066      -44.913       14.857       -119.7            0        39885   2.1996e-06    0.0012148            0            0            0            0            0            0            0            0            0            0         4.55            0  
          0            0         -0.5   2.0159e-05     0.008596    0.0085487     4.73e-05    -0.014374    0.0022939    0.0024068  -0.00011282    0.0036028    0.0010681   2.7474e-06    0.0010654    0.0023452    1.053e-05       222.72       1.3831       589.74      -5.3607      -986.14       1.3831      -8.6059      -986.14       6.0345            0            0            0      0.15595            0         66.5       89.866       3060.5       430.52       907.34       15.066      -89.834       14.857      -59.805            0        39218   5.4988e-07   0.00030373            0            0            0            0            0            0            0            0            0            0         4.55            0  
          0            0            0  -5.4166e-18    0.0085444    0.0085444   2.4328e-28  -2.4167e-14    0.0024016    0.0024016   5.7082e-18   7.4745e-15  -2.1542e-15   7.4615e-19  -2.1549e-15  -6.3394e-16  -1.4754e-24            0  -3.7161e-13        586.2   1.6691e-23   -1.658e-09  -3.7161e-13            0   -1.658e-09  -3.7161e-13            0            0            0    4.837e-14            0         66.5            0   6.3494e-09       450.72  -1.8299e-09       7.4328       1505.6      0.11101  -2.7488e-10            0        38982            0   -4.026e-17            0            0            0            0            0            0            0            0            0            0         4.55            0  
          0            0          0.5   2.0159e-05     0.008596    0.0085487     4.73e-05     0.014374    0.0022939    0.0024068  -0.00011282   -0.0036028   -0.0010681  -2.7474e-06   -0.0010654    0.0023452    1.053e-05       222.72       1.3831       589.74      -5.3607       986.14       1.3831      -8.6059       986.14       6.0345            0            0            0      0.15595            0         66.5       89.866      -3060.5       430.51      -907.34       15.066       89.834       14.857      -59.805            0        39218   5.4988e-07   0.00030373            0            0            0            0            0            0            0            0            0            0         4.55            0  
          0            0            1   8.0631e-05    0.0087422     0.008553   0.00018916     0.028743    0.0019606    0.0024118  -0.00045124   -0.0072045   -0.0021359  -5.4972e-06   -0.0021304    0.0092232   8.2819e-05       111.37       5.5318       599.77      -21.441         1972       5.5318      -34.421         1972       24.136            0            0            0      0.61331            0         66.5       89.472      -6120.1       367.95      -1814.4       15.066       44.913       14.857       -119.7            0        39885   2.1996e-06    0.0012148            0            0            0            0            0            0            0            0            0            0         4.55            0  
          0            0          1.5    0.0001814    0.0089868    0.0085614   0.00042548     0.043104    0.0014077    0.0024229   -0.0010152    -0.010804   -0.0032031  -8.2502e-06   -0.0031948     0.020185   0.00027185       74.248       12.445       616.56      -48.236       2957.2       12.445      -77.437       2957.2         54.3            0            0            0        1.342            0         66.5       88.844      -9177.7       264.19      -2720.9       15.066       29.939       14.857      -179.66            0        41001   4.9494e-06     0.002733            0            0            0            0            0            0            0            0            0            0         4.55            0  
          0            0            2   0.00032242    0.0093282    0.0085722   0.00075608     0.057451   0.00063171    0.0024361   -0.0018044      -0.0144   -0.0042693  -1.1015e-05   -0.0042583     0.034564   0.00062064       55.691        22.12       639.98      -85.738       3941.5        22.12      -137.64       3941.5       96.516            0            0            0       2.2972            0         66.5        88.02       -12233       118.56      -3626.6       15.066        22.45       14.857      -239.68            0        42559   8.7997e-06    0.0048578            0            0            0            0            0            0            0            0            0            0         4.55            0  
          0            0          2.5   0.00050367     0.009768    0.0085873    0.0011807     0.071781  -0.00036309    0.0024557   -0.0028188    -0.017992   -0.0053342   -1.379e-05   -0.0053204     0.051564    0.0011572       44.558       34.555       670.15      -133.94       4924.7       34.555      -215.02       4924.7       150.77            0            0            0       3.4244            0         66.5       87.048       -15284      -68.143      -4531.2       15.066       17.956       14.857      -299.73            0        44565   1.3751e-05    0.0075886            0            0            0            0            0            0            0            0            0            0         4.55            0  
          0            0            3   0.00072509     0.010303    0.0086045     0.001699     0.086089   -0.0015805    0.0024774   -0.0040579    -0.021578   -0.0063975  -1.6582e-05   -0.0063809     0.070373     0.001895       37.137       49.746       706.89      -192.81       5906.3       49.746      -309.54       5906.3       217.05            0            0            0       4.6683            0         66.5       85.975       -18330      -296.63      -5434.5       15.066       14.959       14.857       -359.8            0        47008   1.9804e-05     0.010924            0            0            0            0            0            0            0            0            0            0         4.55            0  
          0            0          3.5    0.0009866     0.010935     0.008624    0.0023106      0.10037   -0.0030192    0.0025022   -0.0055214    -0.025158   -0.0074589  -1.9387e-05   -0.0074395     0.090227     0.002834       31.837       67.687       750.19      -262.35       6886.1       67.687      -421.17       6886.1       295.33            0            0            0       5.9758            0         66.5       84.844       -21371      -566.64      -6336.1       15.066       12.818       14.857      -419.86            0        49887    2.696e-05     0.014865            0            0            0            0            0            0            0            0            0            0         4.55            0  
          0            0            4    0.0012881      0.01166    0.0086452    0.0030151      0.11462     -0.00468    0.0025289   -0.0072089     -0.02873    -0.008518  -2.2212e-05   -0.0084958      0.11047    0.0039649       27.863       88.374       799.97      -342.53       7863.9       88.374       -549.9       7863.9       385.59            0            0            0       7.3019            0         66.5       83.696       -24406      -878.32      -7235.8       15.066       11.211       14.857      -479.91            0        53198    3.522e-05     0.019408            0            0            0            0            0            0            0            0            0            0         4.55            0  
          0            0          4.5    0.0016296      0.01248     0.008668    0.0038119      0.12884   -0.0065627    0.0025572   -0.0091198    -0.032294   -0.0095745   -2.506e-05   -0.0095495      0.13058    0.0052711       24.772        111.8        856.2      -433.33       8839.2        111.8      -695.66       8839.2       487.81            0            0            0       8.6103            0         66.5       82.561       -27433      -1231.6      -8133.3       15.066       9.9613       14.857      -539.91            0        56937   4.4585e-05     0.024552            0            0            0            0            0            0            0            0            0            0         4.55            0  
          0            0            5    0.0020109     0.013391     0.008691    0.0047003      0.14302   -0.0086684    0.0025852    -0.011254    -0.035847    -0.010628  -2.7926e-05      -0.0106      0.15016    0.0067336         22.3       137.96       918.73      -534.72       9811.9       137.96      -858.43       9811.9       601.94            0            0            0        9.875            0         66.5        81.46       -30451      -1626.8      -9028.4       15.066       8.9608       14.857      -599.86            0        61096   5.5057e-05     0.030297            0            0            0            0            0            0            0            0            0            0         4.55            0  
          0            0          5.5    0.0024318     0.014394    0.0087142    0.0056798      0.15715    -0.010997    0.0026129     -0.01361     -0.03939    -0.011679  -3.0816e-05    -0.011648      0.16895    0.0083314       20.278       166.84       987.53      -646.67        10782       166.84      -1038.1        10782       727.96            0            0            0       11.078            0         66.5       80.411       -33461      -2063.8      -9920.7       15.066       8.1418       14.857      -659.73            0        65671   6.6637e-05     0.036639            0            0            0            0            0            0            0            0            0            0         4.55            0  
          0            0            6    0.0028924     0.015488    0.0087388    0.0067496      0.17124    -0.013546    0.0026416    -0.016187    -0.042921    -0.012726  -3.3736e-05    -0.012692      0.18675     0.010043       18.594       198.44       1062.6      -769.14        11748       198.44      -1234.8        11748       865.82            0            0            0       12.208            0         66.5       79.422       -36460      -2542.2       -10810       15.066        7.459       14.857      -719.51            0        70663   7.9327e-05     0.043578            0            0            0            0            0            0            0            0            0            0         4.55            0  
          0            0          6.5    0.0033924     0.016675    0.0087658    0.0079088      0.18527    -0.016312    0.0026735    -0.018985    -0.046438    -0.013769  -3.6686e-05    -0.013732      0.20345      0.01185       17.169       232.74         1144       -902.1        12711       232.74      -1448.2        12711       1015.5            0            0            0       13.258            0         66.5         78.5       -39448      -3061.3       -11696       15.066       6.8808       14.857      -779.18            0        76075   9.3129e-05     0.051111            0            0            0            0            0            0            0            0            0            0         4.55            0  
          0            0            7    0.0039317      0.01795    0.0087933    0.0091565      0.19925    -0.019298    0.0027057    -0.022003    -0.049941    -0.014808  -3.9659e-05    -0.014768      0.21904     0.013734       15.948       269.74       1231.5      -1045.5        13670       269.74      -1678.4        13670       1176.9            0            0            0       14.229            0         66.5       77.645       -42424      -3621.7       -12579       15.066       6.3849       14.857      -838.71            0        81894   0.00010804     0.059237            0            0            0            0            0            0            0            0            0            0         4.55            0  
          0            0          7.5    0.0045101     0.019312    0.0088196     0.010492      0.21316    -0.022505    0.0027358     -0.02524     -0.05343    -0.015842  -4.2648e-05      -0.0158      0.23354     0.015684        14.89       309.42       1324.9      -1199.3        14624       309.42      -1925.3        14624       1350.1            0            0            0       15.124            0         66.5       76.855       -45387      -4223.5       -13458       15.066       5.9548       14.857       -898.1            0        88106   0.00012408     0.067951            0            0            0            0            0            0            0            0            0            0         4.55            0  
          0            0            8    0.0051274      0.02076     0.008846     0.011914      0.22701    -0.025929    0.0027659    -0.028695    -0.056902    -0.016872  -4.5659e-05    -0.016826      0.24699     0.017686       13.965       351.78       1424.3      -1363.5        15575       351.78      -2188.9        15575       1534.9            0            0            0       15.945            0         66.5       76.126       -48336      -4866.3       -14332       15.066       5.5782       14.857      -957.32            0        94714   0.00014123     0.077252            0            0            0            0            0            0            0            0            0            0         4.55            0  
          0            0          8.5    0.0057835     0.022295    0.0088736     0.013421       0.2408     -0.02957    0.0027973    -0.032367    -0.060356    -0.017896   -4.869e-05    -0.017848      0.25941     0.019728       13.149       396.79       1529.6      -1537.9        16520       396.79        -2469        16520       1731.3            0            0            0       16.698            0         66.5       75.457       -51271      -5549.5       -15203       15.066       5.2457       14.857      -1016.4            0   1.0172e+05    0.0001595     0.087137            0            0            0            0            0            0            0            0            0            0         4.55            0  
          0            0            9    0.0064782     0.023915    0.0089012     0.015013      0.25451    -0.033426    0.0028289    -0.036255    -0.063792    -0.018916  -5.1735e-05    -0.018864      0.27089     0.021803       12.424       444.45       1640.7      -1722.7        17461       444.45      -2765.5        17461       1939.2            0            0            0       17.387            0         66.5       74.843       -54190      -6273.2       -16068       15.066       4.9498       14.857      -1075.2            0   1.0911e+05    0.0001789     0.097604            0            0            0            0            0            0            0            0            0            0         4.55            0  
          0            0          9.5    0.0072112     0.025618    0.0089295     0.016688      0.26814    -0.037496    0.0028613    -0.040357    -0.067209    -0.019929  -5.4797e-05    -0.019874      0.28149     0.023904       11.776       494.74       1757.6      -1917.6        18396       494.74      -3078.4        18396       2158.6            0            0            0       18.019            0         66.5       74.279       -57092        -7037       -16929       15.066       4.6848       14.857      -1133.8            0   1.1688e+05   0.00019943      0.10865            0            0            0            0            0            0            0            0            0            0         4.55            0  
          0            0           10    0.0079823     0.027403    0.0089581     0.018445      0.28169    -0.041779    0.0028937    -0.044673    -0.070605    -0.020936   -5.788e-05    -0.020879      0.29129     0.026025       11.193       547.64       1880.1      -2122.6        19326       547.64      -3407.6        19326       2389.5            0            0            0       18.598            0         66.5        73.76       -59977      -7840.8       -17785       15.066       4.4461       14.857      -1192.2            0   1.2502e+05   0.00022108      0.12027            0            0            0            0            0            0            0            0            0            0         4.55            0  
          0            0         10.5    0.0087914     0.029269    0.0089865     0.020283      0.29515    -0.046275    0.0029254      -0.0492     -0.07398    -0.021937  -6.0981e-05    -0.021876      0.30036     0.028163       10.665       603.15       2008.1      -2337.8        20249       603.15        -3753        20249       2631.6            0            0            0        19.13            0         66.5       73.282       -62844      -8684.6       -18635       15.066       4.2299       14.857      -1250.3            0   1.3354e+05   0.00024387      0.13245            0            0            0            0            0            0            0            0            0            0         4.55            0  
          0            0           11     0.009638     0.031214    0.0090151     0.022199      0.30853    -0.050981    0.0029571    -0.053938    -0.077332    -0.022932  -6.4102e-05    -0.022868      0.30877     0.030313       10.186       661.23       2141.5      -2562.9        21167       661.23      -4114.4        21167       2885.1            0            0            0       19.619            0         66.5       72.841       -65692      -9567.9       -19480       15.066       4.0332       14.857      -1308.2            0   1.4241e+05    0.0002678      0.14521            0            0            0            0            0            0            0            0            0            0         4.55            0  
          0            0         11.5     0.010522     0.033239    0.0090457     0.024193      0.32181    -0.055894    0.0029917    -0.058886    -0.080661    -0.023919  -6.7238e-05    -0.023852      0.31656     0.032471       9.7488       721.88       2280.4        -2798        22078       721.88      -4491.8        22078       3149.7            0            0            0       20.069            0         66.5       72.434       -68519       -10490       -20319       15.066       3.8533       14.857      -1365.7            0   1.5165e+05   0.00029288      0.15853            0            0            0            0            0            0            0            0            0            0         4.55            0  
          0            0           12     0.011443     0.035341    0.0090772     0.026264      0.33499    -0.061014    0.0030274    -0.064041    -0.083965    -0.024899  -7.0392e-05    -0.024829       0.3238     0.034637       9.3482       785.08       2424.6      -3042.9        22982       785.08      -4885.1        22982       3425.5            0            0            0       20.485            0         66.5       72.058       -71326       -11451       -21151       15.066       3.6883       14.857        -1423            0   1.6124e+05   0.00031909      0.17241            0            0            0            0            0            0            0            0            0            0         4.55            0  
          0            0         12.5     0.012401     0.037518    0.0091097     0.028408      0.34807    -0.066338    0.0030643    -0.069402    -0.087244    -0.025872  -7.3559e-05    -0.025799      0.33054     0.036809       8.9798        850.8         2574      -3297.7        23880        850.8        -5294        23880       3712.2            0            0            0        20.87            0         66.5       71.709       -74111       -12450       -21978       15.066       3.5363       14.857      -1479.9            0   1.7117e+05   0.00034646      0.18684            0            0            0            0            0            0            0            0            0            0         4.55            0  
          0            0           13     0.013396      0.03977    0.0091441     0.030626      0.36104    -0.071864    0.0031036    -0.074968    -0.090496    -0.026837  -7.6747e-05     -0.02676      0.33683     0.038984       8.6401       919.03       2728.5      -3562.1        24770       919.03      -5718.6        24770       4009.9            0            0            0       21.227            0         66.5       71.385       -76874       -13487       -22797       15.066       3.3957       14.857      -1536.4            0   1.8145e+05   0.00037499      0.20183            0            0            0            0            0            0            0            0            0            0         4.55            0  
          0            0         13.5     0.014426     0.042097    0.0091821     0.032915      0.37391    -0.077588    0.0031483    -0.080737     -0.09372    -0.027794  -7.9953e-05    -0.027714       0.3427     0.041161       8.3257       989.75       2888.1      -3836.2        25652       989.75      -6158.6        25652       4318.5            0            0            0       21.558            0         66.5       71.084       -79613       -14561       -23610       15.066       3.2655       14.857      -1592.7            0   1.9206e+05   0.00040467      0.21736            0            0            0            0            0            0            0            0            0            0         4.55            0  
          0            0           14     0.015493     0.044496    0.0092229     0.035273      0.38666     -0.08351    0.0031967    -0.086706    -0.096916    -0.028742   -8.318e-05    -0.028659      0.34819      0.04334        8.034       1062.9       3052.7      -4119.9        26527       1062.9        -6614        26527       4637.8            0            0            0       21.867            0         66.5       70.802       -82328       -15673       -24415       15.066       3.1443       14.857      -1648.5            0   2.0301e+05   0.00043552      0.23343            0            0            0            0            0            0            0            0            0            0         4.55            0  
          0            0         14.5     0.016595     0.046963    0.0092636     0.037699      0.39929    -0.089631    0.0032444    -0.092875     -0.10008    -0.029681  -8.6433e-05    -0.029595      0.35337     0.045523       7.7626       1138.6         3222        -4413        27394       1138.6      -7084.5        27394       4967.7            0            0            0       22.157            0         66.5       70.538       -85017       -16821       -25214       15.066       3.0314       14.857      -1703.9            0   2.1426e+05   0.00046755      0.25003            0            0            0            0            0            0            0            0            0            0         4.55            0  
          0            0           15     0.017733     0.049495    0.0093038     0.040191       0.4118    -0.095951    0.0032906    -0.099241     -0.10322    -0.030612  -8.9706e-05    -0.030522      0.35828      0.04771       7.5095       1216.6       3395.7      -4715.5        28252       1216.6      -7570.1        28252       5308.3            0            0            0       22.429            0         66.5       70.288       -87681       -18008       -26004       15.066       2.9258       14.857        -1759            0   2.2581e+05   0.00050074      0.26717            0            0            0            0            0            0            0            0            0            0         4.55            0  
