A320-200: HTP_vble_case8
T1-99.8 m/s-LLT-xm0.385m-case8
Freestream speed = 99.759 m/s


 Ctrl        Alpha        Beta         CL           CD           CD_viscous   CD_induced   CY           Cm           Cm_viscous   Cm_pressure  Cl           Cn           Cn_viscous   Cn_pressure  CL/CD        CL^(3/2)/CD  1/sqrt(CL)   Lift_(N)     Drag_(N)     Fx_FF_(N)    Fy_FF_(N)    Fz_FF_(N)    Fx_sum_(N)   Fy_sum_(N)   Fz_sum_(N)   Extra_drag_(N)  Fuse_drag_(N)  Cf_Fuse      Vx_(m/s)     Vz_(m/s)     V_(m/s)      Gamma        L_(N.m)      M_(N.m)      N_(N.m)      CPx_(m)      CPy_(m)      CPz_(m)      BM_(N.m)     m.g.Vz_(W)   Drag_x_V_(W)  Efficiency   XCp.Cl       XNP_(m)      Phugoid_Freq._(Hz)  Phugoid_Damping  Short_Period_Freq._(Hz)  Short_Period_Damping_Ratio  Dutch_Roll_Freq._(Hz)  Dutch_Roll_Damping  Roll_Damping  Spiral_Damping  Mass_(kg)    CoG_x_(m)    CoG_z_(m)    
          0        -19.5            0      -1.4185      0.17217      0.01101      0.16116            0   -0.0010365   0.00073812   -0.0017746   1.0443e-17  -1.8694e-20   1.7253e-19  -1.9123e-19      -8.2386      -9.8121            0  -2.2021e+05        26729       -49922            0  -2.1593e+05            0            0            0            0            0            0       99.032            0       99.759      -6.9207   1.8051e-11      -492.17  -3.2314e-14     -0.76925            0            0   -2.528e+05            0   2.6664e+06      0.99348       1.0911            0            0            0            0            0            0            0            0            0            0       -0.385            0  
          0          -19            0      -1.3836      0.16416     0.010595      0.15357            0    -0.001147    0.0007093   -0.0018563   7.7894e-18   1.0885e-19   1.8056e-19   -7.171e-20      -8.4283      -9.9141            0   -2.148e+05        25485       -47390            0  -2.1086e+05            0            0            0            0            0            0       99.064            0       99.759      -6.7664   1.3464e-11      -544.66   1.8815e-13     -0.76737            0            0  -2.4667e+05            0   2.5424e+06      0.99204       1.0618            0            0            0            0            0            0            0            0            0            0       -0.385            0  
          0        -18.5            0      -1.3493      0.15623     0.010193      0.14603            0   -0.0012106   0.00068132   -0.0018919   1.1299e-17  -3.6471e-19   1.6116e-19  -5.2587e-19      -8.6371      -10.033            0  -2.0947e+05        24253       -44968            0  -2.0584e+05            0            0            0            0            0            0       99.097            0       99.759      -6.6043   1.9531e-11      -574.83  -6.3042e-13     -0.76541            0            0  -2.4061e+05            0   2.4194e+06      0.99216       1.0328            0            0            0            0            0            0            0            0            0            0       -0.385            0  
          0          -18            0      -1.3149      0.14849    0.0098098      0.13868            0   -0.0011639   0.00065433   -0.0018182   2.4909e-17  -6.4178e-19   1.3508e-19  -7.7686e-19      -8.8557      -10.155            0  -2.0413e+05        23051       -42606            0   -2.008e+05            0            0            0            0            0            0       99.129            0       99.759      -6.4427   4.3056e-11      -552.67  -1.1093e-12     -0.76324            0            0  -2.3451e+05            0   2.2996e+06      0.99221       1.0036            0            0            0            0            0            0            0            0            0            0       -0.385            0  
          0        -17.5            0      -1.2802      0.14088    0.0094381      0.13145            0   -0.0011853   0.00062799   -0.0018133            0   2.9439e-20   1.2505e-19  -9.5614e-20      -9.0873      -10.282            0  -1.9875e+05        21871       -40304            0  -1.9569e+05            0            0            0            0            0            0        99.16            0       99.759      -6.2798            0      -562.82   5.0887e-14     -0.76128            0            0  -2.2836e+05            0   2.1818e+06      0.99228      0.97462            0            0            0            0            0            0            0            0            0            0       -0.385            0  
          0          -17            0      -1.2451      0.13342    0.0090964      0.12433            0   -0.0013347   0.00060345   -0.0019381   8.9022e-18   1.3157e-19   1.0767e-19   2.3903e-20      -9.3323      -10.414            0   -1.933e+05        20713       -38058            0   -1.905e+05            0            0            0            0            0            0       99.191            0       99.759      -6.1162   1.5388e-11      -633.78   2.2742e-13     -0.75968            0            0  -2.2215e+05            0   2.0663e+06      0.99236      0.94591            0            0            0            0            0            0            0            0            0            0       -0.385            0  
          0        -16.5            0      -1.2098      0.12615    0.0087839      0.11736            0   -0.0014617   0.00058105   -0.0020428   1.1812e-17  -8.1436e-19   1.4177e-19  -9.5614e-19      -9.5906      -10.549            0  -1.8782e+05        19583       -35873            0  -1.8526e+05            0            0            0            0            0            0       99.221            0       99.759      -5.9527   2.0418e-11       -694.1  -1.4077e-12     -0.75808            0            0  -2.1589e+05            0   1.9536e+06      0.99244      0.91715            0            0            0            0            0            0            0            0            0            0       -0.385            0  
          0          -16            0      -1.1741      0.11904    0.0085084      0.11053            0   -0.0016382   0.00056148   -0.0021997   1.3696e-17  -4.4704e-20   6.2861e-20  -1.0757e-19       -9.863      -10.687            0  -1.8227e+05        18480       -33746            0  -1.7994e+05            0            0            0            0            0            0        99.25            0       99.759      -5.7894   2.3674e-11      -777.92  -7.7274e-14      -0.7567            0            0  -2.0955e+05            0   1.8436e+06      0.99247      0.88845            0            0            0            0            0            0            0            0            0            0       -0.385            0  
          0        -15.5            0      -1.1385      0.11218     0.008256      0.10393            0   -0.0016527   0.00054358   -0.0021963   6.6766e-18  -4.5307e-19   6.0855e-20  -5.1392e-19      -10.149      -10.829            0  -1.7674e+05        17415       -31686            0  -1.7463e+05            0            0            0            0            0            0       99.278            0       99.759      -5.6275   1.1541e-11      -784.78  -7.8315e-13     -0.75496            0            0  -2.0322e+05            0   1.7373e+06       0.9925      0.85953            0            0            0            0            0            0            0            0            0            0       -0.385            0  
          0          -15            0      -1.1027      0.10551    0.0080165     0.097495            0   -0.0016966    0.0005266   -0.0022232   1.1042e-17   2.5668e-19   5.3499e-20   2.0318e-19      -10.451      -10.975            0  -1.7119e+05        16380       -29688            0  -1.6927e+05            0            0            0            0            0            0       99.305            0       99.759      -5.4656   1.9087e-11      -805.61   4.4368e-13     -0.75338            0            0  -1.9685e+05            0    1.634e+06      0.99253      0.83077            0            0            0            0            0            0            0            0            0            0       -0.385            0  
          0        -14.5            0      -1.0667     0.099016    0.0077914     0.091224            0   -0.0017857   0.00051052   -0.0022962   1.1984e-17  -1.2502e-19   6.6204e-20  -1.9123e-19      -10.773      -11.126            0  -1.6559e+05        15371       -27750            0  -1.6386e+05            0            0            0            0            0            0       99.332            0       99.759      -5.3034   2.0714e-11      -847.95  -2.1611e-13     -0.75203            0            0  -1.9044e+05            0   1.5334e+06      0.99252      0.80217            0            0            0            0            0            0            0            0            0            0       -0.385            0  
          0          -14            0      -1.0305      0.09273    0.0075816     0.085148            0   -0.0018173   0.00049549   -0.0023128   5.0503e-18   -4.061e-19   3.6112e-20  -4.4221e-19      -11.113      -11.281            0  -1.5998e+05        14396       -25877            0  -1.5843e+05            0            0            0            0            0            0       99.357            0       99.759      -5.1418   8.7296e-12      -862.95  -7.0197e-13     -0.75052            0            0    -1.84e+05            0   1.4361e+06       0.9925      0.77343            0            0            0            0            0            0            0            0            0            0       -0.385            0  
          0        -13.5            0     -0.99402     0.086617    0.0073791     0.079238            0   -0.0018057   0.00048111   -0.0022868   1.2412e-18  -6.7683e-20   9.9641e-20  -1.6732e-19      -11.476      -11.442            0  -1.5431e+05        13447       -24063            0  -1.5292e+05            0            0            0            0            0            0       99.382            0       99.759      -4.9801   2.1454e-12      -857.42  -1.1699e-13     -0.74891            0            0  -1.7746e+05            0   1.3414e+06      0.99231      0.74444            0            0            0            0            0            0            0            0            0            0       -0.385            0  
          0          -13            0      -0.9571     0.080668    0.0071836     0.073484            0      -0.0018   0.00046725   -0.0022672   9.8437e-19  -3.1727e-21   2.0731e-20  -2.3903e-20      -11.865      -11.607            0  -1.4858e+05        12523       -22308            0  -1.4734e+05            0            0            0            0            0            0       99.406            0       99.759      -4.8177   1.7015e-12      -854.72  -5.4842e-15      -0.7473            0            0  -1.7082e+05            0   1.2493e+06        0.992      0.71524            0            0            0            0            0            0            0            0            0            0       -0.385            0  
          0        -12.5            0     -0.92034     0.074946     0.006995     0.067951            0   -0.0017303   0.00045405   -0.0021843   3.8519e-18   9.9256e-20   4.5474e-20   5.3783e-20       -12.28      -11.781            0  -1.4288e+05        11635       -20625            0  -1.4177e+05            0            0            0            0            0            0        99.43            0       99.759      -4.6555   6.6582e-12      -821.63   1.7157e-13      -0.7455            0            0  -1.6421e+05            0   1.1607e+06      0.99195      0.68611            0            0            0            0            0            0            0            0            0            0       -0.385            0  
          0          -12            0     -0.88368     0.069469    0.0068142     0.062655            0   -0.0016415   0.00044117   -0.0020827   6.6338e-18  -6.5933e-20   6.5536e-20  -1.3147e-19      -12.721      -11.958            0  -1.3719e+05        10785       -19008            0  -1.3621e+05            0            0            0            0            0            0       99.452            0       99.759      -4.4949   1.1467e-11      -779.46  -1.1397e-13     -0.74366            0            0  -1.5762e+05            0   1.0759e+06      0.99182      0.65716            0            0            0            0            0            0            0            0            0            0       -0.385            0  
          0        -11.5            0     -0.84728     0.064233    0.0066351     0.057598            0   -0.0015621   0.00042836   -0.0019904   2.1399e-19  -3.4863e-19   8.7604e-20  -4.3624e-19      -13.191      -12.142            0  -1.3153e+05       9971.6       -17462            0  -1.3068e+05            0            0            0            0            0            0       99.473            0       99.759      -4.3353    3.699e-13      -741.74  -6.0263e-13     -0.74194            0            0   -1.511e+05            0   9.9476e+05      0.99183      0.62863            0            0            0            0            0            0            0            0            0            0       -0.385            0  
          0          -11            0     -0.81102      0.05925    0.0064676     0.052782            0   -0.0015045   0.00041587   -0.0019203   1.3268e-18  -2.5983e-19   6.2861e-20   -3.227e-19      -13.688      -12.327            0   -1.259e+05       9198.1       -15980            0  -1.2516e+05            0            0            0            0            0            0       99.494            0       99.759      -4.1784   2.2934e-12       -714.4  -4.4914e-13     -0.74041            0            0  -1.4464e+05            0   9.1759e+05      0.99167      0.60049            0            0            0            0            0            0            0            0            0            0       -0.385            0  
          0        -10.5            0     -0.77482     0.054491    0.0063226     0.048169            0   -0.0014708   0.00040515    -0.001876    6.591e-18  -3.2278e-19  -1.2037e-20  -3.1074e-19      -14.219      -12.516            0  -1.2028e+05       8459.4       -14568            0  -1.1963e+05            0            0            0            0            0            0       99.513            0       99.759      -4.0229   1.1393e-11      -698.41  -5.5794e-13     -0.73908            0            0   -1.382e+05            0    8.439e+05       0.9918      0.57266            0            0            0            0            0            0            0            0            0            0       -0.385            0  
          0          -10            0     -0.73839     0.049958    0.0062028     0.043755            0   -0.0014481   0.00039679   -0.0018449   3.8519e-18  -2.3397e-19   5.8848e-20  -2.9282e-19       -14.78      -12.701            0  -1.1463e+05       7755.6       -13216            0  -1.1407e+05            0            0            0            0            0            0       99.531            0       99.759      -3.8706   6.6582e-12      -687.64  -4.0442e-13     -0.73791            0            0  -1.3172e+05            0   7.7369e+05       0.9916      0.54487            0            0            0            0            0            0            0            0            0            0       -0.385            0  
          0         -9.5            0     -0.70187     0.045632    0.0060948     0.039537            0   -0.0014237   0.00038937    -0.001813   1.1128e-18  -1.4025e-19  -2.0731e-20  -1.1952e-19      -15.381      -12.886            0  -1.0896e+05       7084.1       -11930            0  -1.0848e+05            0            0            0            0            0            0       99.549            0       99.759      -3.7198   1.9235e-12      -676.02  -2.4242e-13     -0.73679            0            0  -1.2522e+05            0    7.067e+05      0.99152      0.51713            0            0            0            0            0            0            0            0            0            0       -0.385            0  
          0           -9            0     -0.66528      0.04151    0.0059851     0.035525            0   -0.0013937   0.00038173   -0.0017754   8.1746e-18  -6.8466e-20   3.6112e-20  -1.0458e-19      -16.027      -13.072            0  -1.0328e+05       6444.2       -10709            0  -1.0287e+05            0            0            0            0            0            0       99.565            0       99.759      -3.5704    1.413e-11      -661.77  -1.1835e-13      -0.7357            0            0   -1.187e+05            0   6.4286e+05      0.99142      0.48944            0            0            0            0            0            0            0            0            0            0       -0.385            0  
          0         -8.5            0     -0.62861     0.037599    0.0058793      0.03172            0    -0.001371   0.00037408   -0.0017451   2.1399e-19  -5.2274e-20   2.5412e-20  -7.7686e-20      -16.718      -13.255            0       -97586         5837        -9554            0       -97242            0            0            0            0            0            0       99.581            0       99.759       -3.423    3.699e-13      -651.02  -9.0358e-14     -0.73472            0            0  -1.1217e+05            0    5.823e+05      0.99131      0.46185            0            0            0            0            0            0            0            0            0            0       -0.385            0  
          0           -8            0     -0.59182     0.033913    0.0057932      0.02812            0   -0.0013433   0.00036822   -0.0017115   6.4198e-18   1.5251e-19   1.8056e-20   1.3446e-19      -17.451      -13.425            0       -91876       5264.8      -8463.7            0       -91589            0            0            0            0            0            0       99.595            0       99.759      -3.2797   1.1097e-11      -637.88   2.6362e-13      -0.7338            0            0  -1.0561e+05            0   5.2521e+05      0.99118      0.43428            0            0            0            0            0            0            0            0            0            0       -0.385            0  
          0         -7.5            0     -0.55496      0.03044    0.0057092     0.024731            0   -0.0013098   0.00036261   -0.0016724   4.1087e-18   9.5699e-20   1.2037e-20   8.3662e-20      -18.231      -13.582            0       -86153       4725.6      -7438.9            0       -85917            0            0            0            0            0            0       99.609            0       99.759      -3.1396   7.1021e-12      -621.94   1.6542e-13     -0.73294            0            0       -99038            0   4.7142e+05      0.99101      0.40675            0            0            0            0            0            0            0            0            0            0       -0.385            0  
          0           -7            0     -0.51808     0.027181    0.0056241     0.021557            0   -0.0012717   0.00035674   -0.0016285   3.5951e-18   8.7021e-20   9.8972e-20  -1.1952e-20       -19.06      -13.719            0       -80427       4219.6      -6480.1            0       -80236            0            0            0            0            0            0       99.622            0       99.759      -3.0033   6.2143e-12      -603.88   1.5042e-13     -0.73215            0            0       -92460            0   4.2095e+05      0.99082      0.37931            0            0            0            0            0            0            0            0            0            0       -0.385            0  
          0         -6.5            0     -0.48112     0.024148    0.0055524     0.018596            0   -0.0012244   0.00035184   -0.0015762   4.3869e-18  -2.1482e-21   2.4743e-20  -2.6891e-20      -19.924       -13.82            0       -74691       3748.8        -5587            0       -74538            0            0            0            0            0            0       99.633            0       99.759      -2.8733   7.5829e-12      -581.38  -3.7133e-15     -0.73141            0            0       -85867            0   3.7398e+05      0.99058       0.3519            0            0            0            0            0            0            0            0            0            0       -0.385            0  
          0           -6            0     -0.44414     0.021337    0.0054856     0.015851            0   -0.0011743   0.00034705   -0.0015214   2.7177e-18  -5.6628e-20   4.3468e-20   -1.001e-19      -20.816      -13.872            0       -68950       3312.4      -4759.9            0       -68829            0            0            0            0            0            0       99.644            0       99.759      -2.7504   4.6977e-12      -557.63  -9.7884e-14     -0.73076            0            0       -79269            0   3.3044e+05      0.99031      0.32456            0            0            0            0            0            0            0            0            0            0       -0.385            0  
          0         -5.5            0     -0.40714     0.018744    0.0054199     0.013324            0   -0.0011147   0.00034259   -0.0014573   2.2041e-18  -2.5497e-20   3.2768e-20  -5.8264e-20      -21.721      -13.859            0       -63205       2909.9        -3999            0       -63112            0            0            0            0            0            0       99.653            0       99.759       -2.636     3.81e-12      -529.33  -4.4072e-14     -0.73018            0            0       -72667            0   2.9029e+05      0.98999      0.29728            0            0            0            0            0            0            0            0            0            0       -0.385            0  
          0           -5            0     -0.37011     0.016365      0.00535     0.011015            0   -0.0010341   0.00033825   -0.0013723   1.1984e-18   4.7437e-20   4.1461e-20   5.9758e-21      -22.615      -13.758            0       -57457       2540.6      -3304.1            0       -57387            0            0            0            0            0            0       99.661            0       99.759      -2.5319   2.0714e-12      -491.03   8.1998e-14     -0.72955            0            0       -66058            0   2.5345e+05      0.98957      0.27001            0            0            0            0            0            0            0            0            0            0       -0.385            0  
          0         -4.5            0     -0.33308     0.014204    0.0052783    0.0089261            0  -0.00094469   0.00033351   -0.0012782   8.9878e-19   4.3326e-21   1.4043e-20  -9.7107e-21      -23.449      -13.533            0       -51708       2205.1      -2675.6            0       -51658            0            0            0            0            0            0       99.668            0       99.759      -2.4419   1.5536e-12      -448.58   7.4891e-15     -0.72898            0            0       -59449            0   2.1998e+05      0.98908      0.24281            0            0            0            0            0            0            0            0            0            0       -0.385            0  
          0           -4            0     -0.29605      0.01227    0.0052138    0.0070562            0   -0.0008449    0.0003289   -0.0011738   1.1128e-18   1.1219e-20   2.5412e-20  -1.4193e-20      -24.128      -13.128            0       -45960       1904.8      -2113.3            0       -45925            0            0            0            0            0            0       99.673            0       99.759      -2.3733   1.9235e-12       -401.2   1.9393e-14     -0.72843            0            0       -52840            0   1.9002e+05      0.98847      0.21565            0            0            0            0            0            0            0            0            0            0       -0.385            0  
          0         -3.5            0       -0.259     0.010559    0.0051541    0.0054045            0  -0.00074248   0.00032456    -0.001067   2.5251e-18   3.2995e-20   1.8056e-20    1.494e-20       -24.53      -12.484            0       -40208       1639.1      -1617.2            0       -40184            0            0            0            0            0            0       99.676            0       99.759      -2.3345   4.3648e-12      -352.56   5.7034e-14     -0.72802            0            0       -46227            0   1.6352e+05       0.9877      0.18856            0            0            0            0            0            0            0            0            0            0       -0.385            0  
          0           -3            0     -0.22189     0.009072    0.0051007    0.0039712            0    -0.000629   0.00032111  -0.00095011   1.4124e-18   2.7141e-20   2.3406e-20   3.7349e-21      -24.459      -11.522            0       -34447       1408.4      -1187.2            0       -34432            0            0            0            0            0            0       99.676            0       99.759      -2.3412   2.4413e-12      -298.68   4.6914e-14     -0.72769            0            0       -39604            0    1.405e+05      0.98662      0.16147            0            0            0            0            0            0            0            0            0            0       -0.385            0  
          0         -2.5            0     -0.18484    0.0078054    0.0050455    0.0027599            0  -0.00049614    0.0003174  -0.00081355   2.1292e-18  -3.9466e-20  -2.3406e-20   -1.606e-20      -23.681      -10.181            0       -28695       1211.7      -823.62            0       -28686            0            0            0            0            0            0        99.67            0       99.759       -2.418   3.6805e-12      -235.59  -6.8218e-14     -0.72725            0            0       -32990            0   1.2088e+05      0.98514      0.13443            0            0            0            0            0            0            0            0            0            0       -0.385            0  
          0           -2            0     -0.14778    0.0067673    0.0049994     0.001768            0  -0.00035884   0.00031392  -0.00067276   6.9548e-19     4.51e-20   4.5474e-20  -3.7349e-22      -21.837      -8.3945            0       -22941       1050.6      -526.34            0       -22937            0            0            0            0            0            0       99.654            0       99.759       -2.622   1.2022e-12       -170.4   7.7958e-14     -0.72699            0            0       -26376            0    1.048e+05      0.98295      0.10743            0            0            0            0            0            0            0            0            0            0       -0.385            0  
          0         -1.5            0      -0.1107     0.005954    0.0049583   0.00099573            0  -0.00021107   0.00031096  -0.00052203   7.0618e-19  -3.9065e-21   6.6873e-22  -4.5753e-21      -18.592      -6.1856            0       -17185       924.32      -295.31            0       -17183            0            0            0            0            0            0       99.615            0       99.759      -3.0788   1.2207e-12      -100.23  -6.7526e-15     -0.72675            0            0       -19758            0        92209      0.97928     0.080448            0            0            0            0            0            0            0            0            0            0       -0.385            0  
          0           -1            0    -0.073616    0.0053717     0.004928   0.00044369            0  -4.4706e-05   0.00030897  -0.00035368   2.5144e-19   9.0085e-22   2.6749e-21  -1.7741e-21      -13.705      -3.7183            0       -11428       833.91      -130.58            0       -11428            0            0            0            0            0            0       99.494            0       99.759      -4.1734   4.3463e-13      -21.228   1.5572e-15     -0.72607            0            0       -13138            0        83190      0.97199     0.053451            0            0            0            0            0            0            0            0            0            0       -0.385            0  
          0         -0.5            0    -0.036528    0.0050221    0.0049104    0.0001117            0   0.00013236   0.00030771  -0.00017535   3.8786e-19   5.8028e-20    5.818e-20  -1.5173e-22      -7.2735      -1.3901            0      -5670.7       779.64      -32.145            0      -5670.6            0            0            0            0            0            0       98.829            0       99.759      -7.8283   6.7044e-13       62.849    1.003e-13     -0.60124            0            0      -6517.4            0        77776      0.95055     0.021962            0            0            0            0            0            0            0            0            0            0       -0.385            0  
          0            0            0   0.00056493    0.0049023    0.0049023  -5.0277e-08            0   0.00032063   0.00030714   1.3493e-05   -3.469e-21   2.3405e-20   2.3406e-20  -5.8914e-25      0.11524     0.002739       42.073       87.702       761.05   -0.0078052            0       87.702            0            0            0            0            0            0       11.421            0       99.759       83.426  -5.9964e-15       152.25   4.0457e-14     -0.43731            0            0       103.89            0        75921     -0.50514  -0.00024705            0            0            0            0            0            0            0            0            0            0       -0.385            0  
          0          0.5            0     0.037658    0.0050191    0.0049106   0.00010848            0    0.0005234   0.00030773   0.00021568   8.0248e-20   3.1115e-20    3.143e-20  -3.1513e-22       7.5029        1.456       5.1531       5846.1       779.18      -34.176            0         5846            0            0            0            0            0            0       98.884            0       99.759       7.5917   1.3871e-13       248.54   5.3784e-14     -0.60992            0            0       6725.2            0        77730       1.0403    -0.022968            0            0            0            0            0            0            0            0            0            0       -0.385            0  
          0            1            0     0.074746    0.0053661    0.0049289   0.00043724            0   0.00074311   0.00030903   0.00043408    1.284e-19   5.6904e-20   5.7511e-20  -6.0692e-22       13.929       3.8082       3.6577        11604       833.05      -134.65            0        11603            0            0            0            0            0            0       99.503            0       99.759       4.1063   2.2194e-13       352.86   9.8361e-14     -0.72691            0            0        13346            0        83104       1.0168    -0.054334            0            0            0            0            0            0            0            0            0            0       -0.385            0  
          0          1.5            0      0.11183    0.0059455    0.0049594   0.00098607            0   0.00098032   0.00031104   0.00066928  -1.6317e-18   4.3233e-20   4.5474e-20  -2.2409e-21       18.808       6.2896       2.9904        17360          923      -301.41            0        17358            0            0            0            0            0            0       99.618            0       99.759       3.0434  -2.8205e-12        465.5    7.473e-14     -0.72731            0            0        19966            0        92077       1.0092    -0.081332            0            0            0            0            0            0            0            0            0            0       -0.385            0  
          0            2            0      0.14891    0.0067557    0.0050006    0.0017551            0    0.0012274   0.00031401    0.0009134  -8.1318e-19  -5.6148e-21  -4.6811e-21  -9.3373e-22       22.042       8.5056       2.5914        23117       1048.8      -534.46            0        23112            0            0            0            0            0            0       99.656            0       99.759       2.5976  -1.4056e-12       582.84  -9.7055e-15      -0.7274            0            0        26584            0   1.0462e+05       1.0054     -0.10832            0            0            0            0            0            0            0            0            0            0       -0.385            0  
          0          2.5            0      0.18597    0.0077909    0.0050472    0.0027437            0    0.0014919   0.00031753    0.0011744  -6.5268e-19   1.2834e-20   3.0762e-20  -1.7928e-20        23.87       10.294       2.3189        28871       1209.5      -833.78            0        28862            0            0            0            0            0            0       99.671            0       99.759       2.3989  -1.1282e-12       708.44   2.2184e-14     -0.72759            0            0        33198            0   1.2066e+05       1.0031     -0.13531            0            0            0            0            0            0            0            0            0            0       -0.385            0  
          0            3            0      0.22302    0.0090544    0.0051024     0.003952            0    0.0017786   0.00032122    0.0014574  -4.4939e-19  -1.2457e-20     1.07e-20  -2.3156e-20       24.632       11.632       2.1175        34623       1405.6      -1199.3            0        34607            0            0            0            0            0            0       99.677            0       99.759       2.3248  -7.7679e-13       844.57  -2.1532e-14     -0.72797            0            0        39812            0   1.4022e+05       1.0016     -0.16235            0            0            0            0            0            0            0            0            0            0       -0.385            0  
          0          3.5            0      0.26013     0.010538    0.0051558    0.0053821            0    0.0020726   0.00032468    0.0017479   6.6338e-19   -1.373e-21   5.3499e-21  -6.7228e-21       24.685        12.59       1.9607        40383       1635.9      -1631.4            0        40359            0            0            0            0            0            0       99.677            0       99.759       2.3198   1.1467e-12       984.18  -2.3732e-15     -0.72826            0            0        46436            0    1.632e+05       1.0005     -0.18944            0            0            0            0            0            0            0            0            0            0       -0.385            0  
          0            4            0      0.29719     0.012246    0.0052154    0.0070307            0    0.0023837   0.00032901    0.0020547  -2.1399e-19   2.8279e-20   2.0062e-20   8.2168e-21       24.268        13.23       1.8344        46137       1901.1      -2129.5            0        46100            0            0            0            0            0            0       99.674            0       99.759       2.3596   -3.699e-13       1131.9   4.8881e-14     -0.72864            0            0        53049            0   1.8965e+05      0.99969     -0.21654            0            0            0            0            0            0            0            0            0            0       -0.385            0  
          0          4.5            0      0.33422     0.014178    0.0052802    0.0088974            0    0.0027192   0.00033363    0.0023855  -3.5737e-18   5.4708e-20    3.678e-20   1.7928e-20       23.574       13.628       1.7298        51885         2201      -2693.8            0        51833            0            0            0            0            0            0       99.669            0       99.759        2.429  -6.1773e-12       1291.2   9.4565e-14     -0.72916            0            0        59658            0   2.1956e+05      0.99905      -0.2437            0            0            0            0            0            0            0            0            0            0       -0.385            0  
          0            5            0      0.37124     0.016336    0.0053523     0.010984            0    0.0030711   0.00033839    0.0027327  -2.1185e-18  -1.7899e-20   5.0824e-20  -6.8722e-20       22.726       13.847       1.6412        57633         2536      -3324.4            0        57562            0            0            0            0            0            0       99.662            0       99.759       2.5195   -3.662e-12       1458.3  -3.0939e-14     -0.72972            0            0        66266            0   2.5299e+05      0.99855      -0.2709            0            0            0            0            0            0            0            0            0            0       -0.385            0  
          0          5.5            0      0.40827     0.018711     0.005422     0.013289            0      0.00344   0.00034272    0.0030973  -1.4766e-18    1.669e-20   3.6112e-20  -1.9421e-20        21.82       13.942        1.565        63381       2904.8      -4021.3            0        63287            0            0            0            0            0            0       99.654            0       99.759        2.624  -2.5523e-12       1633.5    2.885e-14     -0.73033            0            0        72876            0   2.8978e+05      0.99814     -0.29817            0            0            0            0            0            0            0            0            0            0       -0.385            0  
          0            6            0      0.44528     0.021301    0.0054876     0.015813            0    0.0038146   0.00034719    0.0034674   -1.177e-18   1.3717e-20   6.1523e-20  -4.7807e-20       20.904       13.949       1.4986        69126       3306.8      -4784.3            0        69004            0            0            0            0            0            0       99.645            0       99.759       2.7388  -2.0344e-12       1811.4    2.371e-14      -0.7309            0            0        79478            0   3.2988e+05      0.99779     -0.32546            0            0            0            0            0            0            0            0            0            0       -0.385            0  
          0          6.5            0      0.48226     0.024109    0.0055546     0.018554            0    0.0042064   0.00035199    0.0038544  -3.0387e-18  -5.5404e-20   5.2161e-20  -1.0757e-19       20.003       13.891         1.44        74868       3742.8      -5613.3            0        74713            0            0            0            0            0            0       99.634            0       99.759       2.8619  -5.2526e-12       1997.4  -9.5769e-14     -0.73154            0            0        86076            0   3.7337e+05      0.99749     -0.35279            0            0            0            0            0            0            0            0            0            0       -0.385            0  
          0            7            0      0.51922     0.027139    0.0056266     0.021512            0    0.0046224   0.00035692    0.0042655  -4.8791e-18   8.3833e-20   2.4074e-20   5.9758e-20       19.132       13.786       1.3878        80604       4213.1      -6508.5            0        80411            0            0            0            0            0            0       99.623            0       99.759       2.9921  -8.4337e-12       2194.9   1.4491e-13     -0.73227            0            0        92670            0   4.2029e+05      0.99724     -0.38021            0            0            0            0            0            0            0            0            0            0       -0.385            0  
          0          7.5            0       0.5561     0.030395    0.0057119     0.024683            0    0.0050561    0.0003628    0.0046933  -2.6963e-18  -9.8738e-21   5.8848e-20  -6.8722e-20       18.296       13.644        1.341        86330       4718.6      -7469.3            0        86092            0            0            0            0            0            0        99.61            0       99.759       3.1285  -4.6607e-12       2400.9  -1.7067e-14     -0.73306            0            0        99248            0   4.7072e+05        0.997     -0.40765            0            0            0            0            0            0            0            0            0            0       -0.385            0  
          0            8            0      0.59296     0.033865    0.0057958     0.028069            0    0.0055109   0.00036838    0.0051425  -6.0774e-18   2.2939e-19   4.4136e-20   1.8525e-19       17.509       13.483       1.2986        92053       5257.3      -8496.1            0        91764            0            0            0            0            0            0       99.597            0       99.759       3.2687  -1.0505e-11       2616.8   3.9651e-13     -0.73391            0            0   1.0582e+05            0   5.2446e+05       0.9968     -0.43518            0            0            0            0            0            0            0            0            0            0       -0.385            0  
          0          8.5            0      0.62975     0.037548    0.0058825     0.031666            0    0.0059869   0.00037431    0.0056126  -4.3227e-18    8.608e-21  -3.3437e-21   1.1952e-20       16.772       13.309       1.2601        97764       5829.1      -9588.5            0        97416            0            0            0            0            0            0       99.582            0       99.759       3.4122   -7.472e-12       2842.9   1.4879e-14     -0.73483            0            0   1.1238e+05            0   5.8151e+05      0.99662     -0.46276            0            0            0            0            0            0            0            0            0            0       -0.385            0  
          0            9            0      0.66642     0.041457    0.0059887     0.035468            0    0.0064844   0.00038198    0.0061024  -4.7507e-18   1.1826e-19     1.07e-20   1.0757e-19       16.075       13.123        1.225   1.0346e+05       6435.8       -10746            0   1.0304e+05            0            0            0            0            0            0       99.566            0       99.759       3.5597  -8.2118e-12       3079.1   2.0443e-13      -0.7358            0            0   1.1891e+05            0   6.4203e+05      0.99643     -0.49035            0            0            0            0            0            0            0            0            0            0       -0.385            0  
          0          9.5            0      0.70302     0.045575    0.0060981     0.039477            0    0.0070138    0.0003896    0.0066242   -6.163e-18   2.8567e-19   2.2737e-20   2.6294e-19       15.425       12.934       1.1927   1.0914e+05       7075.2       -11969            0   1.0865e+05            0            0            0            0            0            0        99.55            0       99.759       3.7092  -1.0653e-11       3330.5    4.938e-13     -0.73688            0            0   1.2543e+05            0   7.0582e+05      0.99627     -0.51804            0            0            0            0            0            0            0            0            0            0       -0.385            0  
          0           10            0      0.73954     0.049898    0.0062063     0.043692            0    0.0075631   0.00039703     0.007166  -6.6766e-18   4.8093e-21   2.2737e-20  -1.7928e-20       14.821       12.745       1.1628   1.1481e+05       7746.3       -13256            0   1.1424e+05            0            0            0            0            0            0       99.532            0       99.759         3.86  -1.1541e-11       3591.3   8.3132e-15     -0.73801            0            0   1.3194e+05            0   7.7276e+05      0.99612     -0.54578            0            0            0            0            0            0            0            0            0            0       -0.385            0  
          0         10.5            0      0.77588     0.054433    0.0063266     0.048107            0     0.008134   0.00040545    0.0077285   -8.089e-18  -1.3527e-19   2.6081e-20  -1.6135e-19       14.254       12.555       1.1353   1.2045e+05       8450.4       -14607            0   1.1979e+05            0            0            0            0            0            0       99.514            0       99.759       4.0131  -1.3982e-11       3862.4  -2.3382e-13     -0.73918            0            0    1.384e+05            0     8.43e+05       0.9958     -0.57351            0            0            0            0            0            0            0            0            0            0       -0.385            0  
          0           11            0      0.81216     0.059185    0.0064737     0.052712            0    0.0087461   0.00041625    0.0083299  -6.2914e-18  -1.7237e-19    3.678e-20  -2.0915e-19       13.722       12.367       1.1096   1.2608e+05       9188.1       -16025            0   1.2533e+05            0            0            0            0            0            0       99.495            0       99.759        4.168  -1.0875e-11       4153.1  -2.9796e-13     -0.74051            0            0   1.4485e+05            0   9.1659e+05      0.99579     -0.60142            0            0            0            0            0            0            0            0            0            0       -0.385            0  
          0         11.5            0      0.84843     0.064175    0.0066427     0.057533            0    0.0094113   0.00042873    0.0089826  -3.9375e-18    1.665e-19   7.0886e-20   9.5614e-20       13.221       12.178       1.0857   1.3171e+05       9962.7       -17507            0   1.3085e+05            0            0            0            0            0            0       99.475            0       99.759       4.3256  -6.8061e-12       4468.9    2.878e-13     -0.74207            0            0   1.5132e+05            0   9.9387e+05      0.99566      -0.6296            0            0            0            0            0            0            0            0            0            0       -0.385            0  
          0           12            0      0.88492     0.069412    0.0068209     0.062591            0     0.010131   0.00044158    0.0096897   -6.163e-18  -6.9063e-20   9.2285e-20  -1.6135e-19       12.749       11.993        1.063   1.3738e+05        10776       -19058            0    1.364e+05            0            0            0            0            0            0       99.453            0       99.759        4.485  -1.0653e-11       4810.8  -1.1938e-13     -0.74382            0            0   1.5786e+05            0    1.075e+06       0.9956     -0.65822            0            0            0            0            0            0            0            0            0            0       -0.385            0  
          0         12.5            0      0.92147     0.074871    0.0070001     0.067871            0     0.010886   0.00045439     0.010432  -2.0115e-18   -2.213e-19   6.5536e-20  -2.8684e-19       12.307       11.814       1.0417   1.4305e+05        11623       -20675            0   1.4194e+05            0            0            0            0            0            0       99.431            0       99.759       4.6452  -3.4771e-12       5169.3  -3.8254e-13     -0.74562            0            0   1.6442e+05            0   1.1595e+06      0.99557     -0.68707            0            0            0            0            0            0            0            0            0            0       -0.385            0  
          0           13            0      0.95827     0.080585    0.0071892     0.073396            0     0.011655   0.00046764     0.011188   4.2799e-20  -2.4847e-19   7.4229e-20   -3.227e-19       11.891       11.641       1.0215   1.4876e+05        12510       -22363            0   1.4751e+05            0            0            0            0            0            0       99.408            0       99.759        4.807    7.398e-14       5534.5  -4.2949e-13      -0.7474            0            0   1.7104e+05            0    1.248e+06      0.99562     -0.71621            0            0            0            0            0            0            0            0            0            0       -0.385            0  
          0         13.5            0      0.99497     0.086507    0.0073831     0.079124            0     0.012433   0.00048138     0.011952  -5.3499e-18  -1.0187e-19   5.3499e-20  -1.5537e-19       11.502       11.473       1.0025   1.5446e+05        13430       -24114            0   1.5306e+05            0            0            0            0            0            0       99.384            0       99.759       4.9691  -9.2475e-12         5904  -1.7609e-13     -0.74916            0            0   1.7763e+05            0   1.3397e+06      0.99564     -0.74539            0            0            0            0            0            0            0            0            0            0       -0.385            0  
          0           14            0       1.0315     0.092637    0.0075864      0.08505            0      0.01317   0.00049583     0.012674  -1.0443e-17  -2.1153e-19   3.9455e-20  -2.5099e-19       11.135       11.309      0.98462   1.6013e+05        14381       -25928            0   1.5857e+05            0            0            0            0            0            0       99.359            0       99.759       5.1319  -1.8051e-11       6253.7  -3.6564e-13     -0.75067            0            0   1.8417e+05            0   1.4346e+06      0.99551     -0.77431            0            0            0            0            0            0            0            0            0            0       -0.385            0  
          0         14.5            0       1.0677     0.098933    0.0077975     0.091136            0     0.013892   0.00051097     0.013381  -1.3439e-17   9.5955e-20   4.8149e-20   4.7807e-20       10.792       11.152      0.96777   1.6575e+05        15359       -27804            0   1.6402e+05            0            0            0            0            0            0       99.333            0       99.759       5.2939   -2.323e-11       6596.7   1.6586e-13     -0.75213            0            0   1.9063e+05            0   1.5322e+06      0.99542     -0.80305            0            0            0            0            0            0            0            0            0            0       -0.385            0  
          0           15            0       1.1037      0.10541    0.0080217     0.097389            0      0.01463   0.00052699     0.014103  -3.6807e-18  -7.1625e-20   1.2037e-20  -8.3662e-20        10.47           11      0.95187   1.7134e+05        16364       -29742            0   1.6941e+05            0            0            0            0            0            0       99.307            0       99.759       5.4557  -6.3623e-12         6947  -1.2381e-13     -0.75358            0            0   1.9703e+05            0   1.6325e+06      0.99533     -0.83171            0            0            0            0            0            0            0            0            0            0       -0.385            0  
          0         15.5            0       1.1395      0.11209    0.0082625      0.10383            0     0.015367   0.00054405     0.014823  -5.9918e-18   1.0422e-19  -3.3437e-21   1.0757e-19       10.166       10.852      0.93678    1.769e+05        17401       -31743            0   1.7478e+05            0            0            0            0            0            0        99.28            0       99.759       5.6179  -1.0357e-11       7297.1   1.8015e-13     -0.75508            0            0    2.034e+05            0   1.7359e+06      0.99523     -0.86043            0            0            0            0            0            0            0            0            0            0       -0.385            0  
          0           16            0       1.1752      0.11895    0.0085159      0.11044            0     0.016164   0.00056202     0.015602  -3.4239e-18  -3.6749e-19   5.0824e-20  -4.1831e-19       9.8793        10.71      0.92246   1.8244e+05        18467       -33806            0    1.801e+05            0            0            0            0            0            0       99.252            0       99.759       5.7799  -5.9184e-12       7675.5  -6.3522e-13     -0.75675            0            0   2.0975e+05            0   1.8422e+06      0.99513     -0.88932            0            0            0            0            0            0            0            0            0            0       -0.385            0  
          0         16.5            0       1.2109      0.12606     0.008794      0.11727            0      0.01683    0.0005817     0.016249  -8.6454e-18   -3.567e-19    7.356e-20  -4.3026e-19       9.6057        10.57      0.90876   1.8798e+05        19570       -35934            0   1.8541e+05            0            0            0            0            0            0       99.223            0       99.759       5.9434  -1.4944e-11       7991.8  -6.1657e-13      -0.7581            0            0   2.1608e+05            0   1.9523e+06        0.995     -0.91797            0            0            0            0            0            0            0            0            0            0       -0.385            0  
          0           17            0       1.2462      0.13333    0.0091082      0.12422            0     0.017574   0.00060418      0.01697  -5.5638e-18  -5.7332e-19   1.4378e-19   -7.171e-19       9.3466       10.434      0.89579   1.9346e+05        20699       -38121            0   1.9065e+05            0            0            0            0            0            0       99.193            0       99.759       6.1069  -9.6174e-12       8345.1  -9.9102e-13     -0.75968            0            0   2.2234e+05            0   2.0649e+06      0.99486     -0.94672            0            0            0            0            0            0            0            0            0            0       -0.385            0  
          0         17.5            0       1.2813      0.14079    0.0094492      0.13134            0     0.018337   0.00062877     0.017708   -6.591e-18   -5.628e-19    1.304e-19   -6.932e-19       9.1008       10.302      0.88343   1.9891e+05        21857       -40369            0   1.9584e+05            0            0            0            0            0            0       99.162            0       99.759       6.2705  -1.1393e-11       8707.3  -9.7282e-13     -0.76131            0            0   2.2856e+05            0   2.1804e+06      0.99471     -0.97548            0            0            0            0            0            0            0            0            0            0       -0.385            0  
          0           18            0        1.316      0.14839    0.0098206      0.13857            0      0.01924   0.00065511     0.018585  -3.3383e-18     -1.1e-18   1.3107e-19   -1.231e-18       8.8687       10.174       0.8717    2.043e+05        23036       -42674            0   2.0095e+05            0            0            0            0            0            0       99.131            0       99.759       6.4333  -5.7704e-12       9135.9  -1.9013e-12     -0.76329            0            0   2.3471e+05            0   2.2981e+06       0.9946      -1.0045            0            0            0            0            0            0            0            0            0            0       -0.385            0  
          0         18.5            0       1.3504      0.15613     0.010205      0.14592            0     0.020217   0.00068212     0.019535  -3.5951e-18  -8.6352e-19   4.4805e-20  -9.0833e-19       8.6493       10.051      0.86053   2.0964e+05        24238       -45037            0     2.06e+05            0            0            0            0            0            0       99.099            0       99.759        6.595  -6.2143e-12       9599.9  -1.4926e-12     -0.76546            0            0   2.4081e+05            0   2.4179e+06      0.99448      -1.0337            0            0            0            0            0            0            0            0            0            0       -0.385            0  
          0           19            0       1.3847      0.16407     0.010607      0.15346            0     0.021101   0.00071014     0.020391  -1.6264e-18  -1.6035e-18   9.3622e-20  -1.6971e-18       8.4402        9.932       0.8498   2.1497e+05        25470       -47462            0   2.1102e+05            0            0            0            0            0            0       99.066            0       99.759        6.757  -2.8112e-12        10020  -2.7718e-12     -0.76742            0            0   2.4688e+05            0   2.5409e+06      0.99434      -1.0627            0            0            0            0            0            0            0            0            0            0       -0.385            0  
          0         19.5            0       1.4189      0.17216     0.011011      0.16115            0     0.022004    0.0007382     0.021265  -1.6007e-17  -7.2611e-19   1.3442e-19  -8.6052e-19       8.2418       9.8175       0.8395   2.2028e+05        26727       -49948            0   2.1599e+05            0            0            0            0            0            0       99.033            0       99.759        6.918  -2.7668e-11        10448  -1.2551e-12     -0.76942            0            0   2.5292e+05            0   2.6662e+06      0.99421      -1.0918            0            0            0            0            0            0            0            0            0            0       -0.385            0  
          0           20            0       1.4529       0.1804     0.011425      0.16898            0     0.022964   0.00076677     0.022198  -8.5598e-18   1.0917e-19   1.3308e-19  -2.3903e-20       8.0536       9.7074      0.82963   2.2555e+05        28006       -52491            0   2.2092e+05            0            0            0            0            0            0       98.999            0       99.759       7.0781  -1.4796e-11        10905   1.8871e-13     -0.77157            0            0   2.5891e+05            0   2.7938e+06      0.99407       -1.121            0            0            0            0            0            0            0            0            0            0       -0.385            0  
