A320-200: HTP_vble_case7
T1-99.8 m/s-LLT-xm0.6145m-case7
Freestream speed = 99.759 m/s


 Ctrl        Alpha        Beta         CL           CD           CD_viscous   CD_induced   CY           Cm           Cm_viscous   Cm_pressure  Cl           Cn           Cn_viscous   Cn_pressure  CL/CD        CL^(3/2)/CD  1/sqrt(CL)   Lift_(N)     Drag_(N)     Fx_FF_(N)    Fy_FF_(N)    Fz_FF_(N)    Fx_sum_(N)   Fy_sum_(N)   Fz_sum_(N)   Extra_drag_(N)  Fuse_drag_(N)  Cf_Fuse      Vx_(m/s)     Vz_(m/s)     V_(m/s)      Gamma        L_(N.m)      M_(N.m)      N_(N.m)      CPx_(m)      CPy_(m)      CPz_(m)      BM_(N.m)     m.g.Vz_(W)   Drag_x_V_(W)  Efficiency   XCp.Cl       XNP_(m)      Phugoid_Freq._(Hz)  Phugoid_Damping  Short_Period_Freq._(Hz)  Short_Period_Damping_Ratio  Dutch_Roll_Freq._(Hz)  Dutch_Roll_Damping  Roll_Damping  Spiral_Damping  Mass_(kg)    CoG_x_(m)    CoG_z_(m)    
          0        -19.5            0      -1.5096      0.15907     0.012481      0.14659            0  -6.4721e-05     0.001048   -0.0011127   2.1437e-18   2.0513e-19   3.4093e-20   1.7104e-19        -9.49       -11.66            0  -2.3435e+05        24695       -56777            0  -2.2851e+05            0            0            0            0            0            0        99.21            0       99.759      -6.0153   4.1429e-12      -27.488   3.9643e-13       -1.021            0            0  -2.9982e+05            0   2.4635e+06      0.98969       1.5414            0            0            0            0            0            0            0            0            0            0      -0.6145            0  
          0          -19            0       -1.474      0.15183     0.011978      0.13985            0  -0.00011135    0.0010041   -0.0011154   7.3498e-18   1.1633e-19    7.357e-20    4.276e-20      -9.7079      -11.786            0  -2.2882e+05        23571       -53969            0  -2.2342e+05            0            0            0            0            0            0       99.234            0       99.759      -5.8812   1.4204e-11      -47.294   2.2482e-13       -1.019            0            0  -2.9284e+05            0   2.3514e+06      0.98897       1.5019            0            0            0            0            0            0            0            0            0            0      -0.6145            0  
          0        -18.5            0      -1.4383      0.14466     0.011502      0.13316            0  -0.00010572   0.00096292   -0.0010686   1.1331e-17  -3.7794e-19   1.3518e-19  -5.1312e-19      -9.9427      -11.924            0  -2.2329e+05        22458       -51247            0  -2.1831e+05            0            0            0            0            0            0       99.258            0       99.759      -5.7433   2.1898e-11      -44.899  -7.3039e-13      -1.0168            0            0  -2.8582e+05            0   2.2403e+06      0.98906       1.4625            0            0            0            0            0            0            0            0            0            0      -0.6145            0  
          0          -18            0      -1.4024      0.13761      0.01104      0.12657            0  -0.00010161   0.00092305   -0.0010247   4.0577e-18  -2.0414e-19   1.0587e-19  -3.1001e-19      -10.191      -12.068            0  -2.1771e+05        21363       -48588            0  -2.1312e+05            0            0            0            0            0            0       99.282            0       99.759      -5.6044   7.8419e-12      -43.155  -3.9451e-13      -1.0146            0            0  -2.7874e+05            0   2.1312e+06      0.98916       1.4229            0            0            0            0            0            0            0            0            0            0      -0.6145            0  
          0        -17.5            0       -1.366      0.13066     0.010583      0.12008            0  -0.00024843   0.00088293   -0.0011314  -6.1249e-19   3.4552e-20   9.8692e-20  -6.4139e-20      -10.455      -12.219            0  -2.1206e+05        20284       -45990            0  -2.0785e+05            0            0            0            0            0            0       99.306            0       99.759      -5.4638  -1.1837e-12      -105.51   6.6775e-14      -1.0129            0            0  -2.7159e+05            0   2.0235e+06      0.98929       1.3836            0            0            0            0            0            0            0            0            0            0      -0.6145            0  
          0          -17            0      -1.3294      0.12386     0.010143      0.11371            0  -0.00039244   0.00084444   -0.0012369   1.2403e-17  -1.6311e-19   2.9308e-20  -1.9242e-19      -10.733      -12.375            0  -2.0638e+05        19228       -43457            0  -2.0252e+05            0            0            0            0            0            0       99.329            0       99.759      -5.3228   2.3969e-11      -166.68  -3.1522e-13      -1.0111            0            0  -2.6437e+05            0   1.9181e+06       0.9894       1.3442            0            0            0            0            0            0            0            0            0            0      -0.6145            0  
          0        -16.5            0      -1.2925      0.11722     0.009732      0.10749            0  -0.00049001   0.00080811   -0.0012981   5.5124e-18   -1.279e-19   5.3832e-20  -1.8173e-19      -11.027      -12.536            0  -2.0066e+05        18197       -40990            0  -1.9713e+05            0            0            0            0            0            0       99.351            0       99.759      -5.1819   1.0653e-11      -208.12  -2.4717e-13      -1.0093            0            0   -2.571e+05            0   1.8153e+06       0.9895       1.3046            0            0            0            0            0            0            0            0            0            0      -0.6145            0  
          0          -16            0      -1.2552      0.11072    0.0093547      0.10136            0  -0.00068454   0.00077459   -0.0014591   8.7279e-18    2.316e-19   8.1944e-20   1.4966e-19      -11.337      -12.702            0  -1.9487e+05        17188       -38587            0  -1.9166e+05            0            0            0            0            0            0       99.373            0       99.759      -5.0407   1.6867e-11      -290.74   4.4759e-13      -1.0078            0            0  -2.4975e+05            0   1.7147e+06      0.98959       1.2651            0            0            0            0            0            0            0            0            0            0      -0.6145            0  
          0        -15.5            0      -1.2176       0.1044     0.009023     0.095376            0  -0.00081703   0.00074543   -0.0015625   7.3498e-18    3.237e-19   8.8523e-20   2.3518e-19      -11.663       -12.87            0  -1.8903e+05        16207       -36248            0  -1.8611e+05            0            0            0            0            0            0       99.394            0       99.759      -4.9005   1.4204e-11         -347   6.2558e-13      -1.0063            0            0  -2.4232e+05            0   1.6168e+06      0.98965       1.2253            0            0            0            0            0            0            0            0            0            0      -0.6145            0  
          0          -15            0      -1.1797     0.098237    0.0087239     0.089513            0   -0.0009756   0.00071916   -0.0016948   8.3451e-18   1.8159e-19      6.4e-20   1.1759e-19      -12.008      -13.042            0  -1.8313e+05        15251       -33976            0  -1.8049e+05            0            0            0            0            0            0       99.415            0       99.759      -4.7604   1.6128e-11      -414.35   3.5093e-13      -1.0048            0            0   -2.348e+05            0   1.5214e+06      0.98971       1.1853            0            0            0            0            0            0            0            0            0            0      -0.6145            0  
          0        -14.5            0      -1.1414     0.092223    0.0084413     0.083782            0   -0.0012142   0.00069449   -0.0019087   6.8905e-18    1.993e-19   4.9645e-20   1.4966e-19      -12.376      -13.222            0  -1.7719e+05        14317       -31773            0   -1.748e+05            0            0            0            0            0            0       99.435            0       99.759      -4.6194   1.3316e-11      -515.71   3.8517e-13      -1.0036            0            0  -2.2723e+05            0   1.4282e+06      0.98991       1.1456            0            0            0            0            0            0            0            0            0            0      -0.6145            0  
          0          -14            0      -1.1028     0.086394    0.0081734      0.07822            0   -0.0014824   0.00067107   -0.0021534   8.9193e-18   6.3555e-20   8.4935e-20   -2.138e-20      -12.765      -13.405            0   -1.712e+05        13412       -29635            0  -1.6906e+05            0            0            0            0            0            0       99.454            0       99.759      -4.4794   1.7237e-11      -629.58   1.2282e-13      -1.0027            0            0  -2.1961e+05            0    1.338e+06      0.98983       1.1057            0            0            0            0            0            0            0            0            0            0      -0.6145            0  
          0        -13.5            0      -1.0645      0.08079    0.0079247     0.072866            0   -0.0015593   0.00064915   -0.0022084   7.8475e-18   -1.874e-19   3.7084e-20  -2.2449e-19      -13.176      -13.594            0  -1.6525e+05        12542       -27578            0  -1.6333e+05            0            0            0            0            0            0       99.473            0       99.759      -4.3403   1.5166e-11      -662.26  -3.6217e-13      -1.0013            0            0  -2.1201e+05            0   1.2512e+06      0.98998       1.0659            0            0            0            0            0            0            0            0            0            0      -0.6145            0  
          0          -13            0      -1.0258     0.075352    0.0076888     0.067664            0   -0.0016672   0.00062835   -0.0022956   2.9093e-18  -2.6125e-19   9.1514e-20  -3.5277e-19      -13.613      -13.788            0  -1.5925e+05        11698       -25587            0  -1.5753e+05            0            0            0            0            0            0       99.491            0       99.759      -4.2013   5.6225e-12      -708.09  -5.0489e-13      -1.0001            0            0  -2.0433e+05            0    1.167e+06      0.99001       1.0259            0            0            0            0            0            0            0            0            0            0      -0.6145            0  
          0        -12.5            0     -0.98647     0.070054    0.0074593     0.062595            0   -0.0017384   0.00060818   -0.0023466   3.0624e-18   6.9307e-20   5.8617e-20    1.069e-20      -14.082      -13.986            0  -1.5314e+05        10875       -23659            0  -1.5162e+05            0            0            0            0            0            0       99.508            0       99.759       -4.062   5.9184e-12      -738.34   1.3394e-13     -0.99889            0            0  -1.9649e+05            0   1.0849e+06      0.98973      0.98538            0            0            0            0            0            0            0            0            0            0      -0.6145            0  
          0          -12            0     -0.94685     0.064925    0.0072411     0.057683            0   -0.0016518     0.000589   -0.0022408   4.6319e-18    1.746e-20   3.3495e-20  -1.6035e-20      -14.584      -14.191            0  -1.4699e+05        10079       -21802            0  -1.4564e+05            0            0            0            0            0            0       99.525            0       99.759      -3.9226   8.9516e-12      -701.56   3.3744e-14     -0.99709            0            0  -1.8853e+05            0   1.0055e+06      0.98945       0.9441            0            0            0            0            0            0            0            0            0            0      -0.6145            0  
          0        -11.5            0      -0.9074     0.060015    0.0070263     0.052989            0   -0.0014934   0.00057032   -0.0020637   4.0577e-18   5.6593e-20   2.4523e-20    3.207e-20      -15.119      -14.402            0  -1.4087e+05       9316.9       -20023            0  -1.3968e+05            0            0            0            0            0            0       99.541            0       99.759       -3.784   7.8419e-12      -634.28   1.0937e-13     -0.99505            0            0  -1.8059e+05            0   9.2945e+05      0.98921      0.90291            0            0            0            0            0            0            0            0            0            0      -0.6145            0  
          0          -11            0     -0.86804     0.055316    0.0068193     0.048496            0   -0.0013415   0.00055177   -0.0018933   8.0389e-19  -5.8221e-20   8.0748e-20  -1.3897e-19      -15.693      -14.621            0  -1.3476e+05       8587.4       -18323            0  -1.3372e+05            0            0            0            0            0            0       99.557            0       99.759      -3.6462   1.5536e-12      -569.77  -1.1252e-13     -0.99303            0            0  -1.7268e+05            0   8.5666e+05      0.98913      0.86199            0            0            0            0            0            0            0            0            0            0      -0.6145            0  
          0        -10.5            0     -0.82901      0.05086    0.0066142     0.044246            0   -0.0012084   0.00053299   -0.0017414  -4.9765e-19  -1.2064e-20   5.7421e-20  -6.9484e-20        -16.3      -14.841            0   -1.287e+05       7895.7       -16699            0  -1.2779e+05            0            0            0            0            0            0       99.572            0       99.759      -3.5107  -9.6174e-13      -513.24  -2.3314e-14     -0.99112            0            0  -1.6487e+05            0   7.8766e+05      0.98884      0.82165            0            0            0            0            0            0            0            0            0            0      -0.6145            0  
          0          -10            0     -0.79014     0.046646     0.006449     0.040197            0   -0.0011649   0.00051761   -0.0016825   1.0336e-18  -4.4172e-20   5.2037e-20  -9.6209e-20      -16.939      -15.057            0  -1.2266e+05       7241.4       -15155            0  -1.2188e+05            0            0            0            0            0            0       99.585            0       99.759      -3.3785   1.9975e-12      -494.77  -8.5365e-14     -0.98967            0            0  -1.5715e+05            0    7.224e+05      0.98877      0.78198            0            0            0            0            0            0            0            0            0            0      -0.6145            0  
          0         -9.5            0     -0.75125     0.042649    0.0063094      0.03634            0   -0.0011464   0.00050517   -0.0016516   4.9382e-18  -6.3197e-20   4.9047e-20  -1.1224e-19      -17.615      -15.267            0  -1.1663e+05       6620.9       -13685            0  -1.1596e+05            0            0            0            0            0            0       99.598            0       99.759      -3.2492   9.5434e-12      -486.91  -1.2213e-13     -0.98847            0            0  -1.4943e+05            0    6.605e+05       0.9887      0.74258            0            0            0            0            0            0            0            0            0            0      -0.6145            0  
          0           -9            0     -0.71227      0.03885     0.006181     0.032669            0   -0.0011314   0.00049416   -0.0016255   5.4358e-18   -2.278e-20   1.1963e-20  -3.4742e-20      -18.334      -15.473            0  -1.1057e+05       6031.2       -12289            0  -1.1001e+05            0            0            0            0            0            0       99.611            0       99.759      -3.1221   1.0505e-11      -480.51  -4.4023e-14     -0.98738            0            0   -1.417e+05            0   6.0167e+05      0.98863      0.70328            0            0            0            0            0            0            0            0            0            0      -0.6145            0  
          0         -8.5            0     -0.67314      0.03524    0.0060579     0.029182            0   -0.0011285   0.00048303   -0.0016115   5.4741e-18   3.7035e-21   1.9738e-20  -1.6035e-20      -19.102      -15.672            0   -1.045e+05       5470.7       -10966            0  -1.0402e+05            0            0            0            0            0            0       99.622            0       99.759      -2.9968   1.0579e-11      -479.29   7.1573e-15     -0.98642            0            0  -1.3393e+05            0   5.4575e+05      0.98851        0.664            0            0            0            0            0            0            0            0            0            0      -0.6145            0  
          0           -8            0     -0.63394     0.031824    0.0059384     0.025885            0   -0.0011191   0.00047225   -0.0015914   3.3687e-18  -1.4571e-19   1.1963e-20  -1.5768e-19      -19.921      -15.861            0       -98415       4940.4      -9717.3            0       -98016            0            0            0            0            0            0       99.633            0       99.759      -2.8738   6.5102e-12      -475.32   -2.816e-13     -0.98549            0            0  -1.2615e+05            0   4.9285e+05      0.98839      0.62474            0            0            0            0            0            0            0            0            0            0      -0.6145            0  
          0         -7.5            0     -0.59457     0.028611    0.0058374     0.022774            0   -0.0010969   0.00046376   -0.0015606   5.0913e-18   3.5811e-20   2.5122e-20    1.069e-20      -20.781      -16.024            0       -92303       4441.7      -8542.6            0       -91974            0            0            0            0            0            0       99.643            0       99.759       -2.755   9.8393e-12      -465.87   6.9208e-14     -0.98459            0            0  -1.1833e+05            0    4.431e+05       0.9882      0.58541            0            0            0            0            0            0            0            0            0            0      -0.6145            0  
          0           -7            0     -0.55509     0.025596    0.0057414     0.019855            0   -0.0010702   0.00045572   -0.0015259   3.5409e-18  -2.1622e-20   7.7757e-21  -2.9397e-20      -21.686      -16.157            0       -86174       3973.7      -7442.6            0       -85907            0            0            0            0            0            0       99.653            0       99.759      -2.6401   6.8431e-12      -454.53  -4.1785e-14     -0.98376            0            0  -1.1047e+05            0   3.9641e+05      0.98796      0.54608            0            0            0            0            0            0            0            0            0            0      -0.6145            0  
          0         -6.5            0     -0.51558     0.022785    0.0056515     0.017134            0   -0.0010382   0.00044807   -0.0014862   1.8183e-18   2.7995e-21  -2.3925e-20   2.6725e-20      -22.628      -16.248            0       -80041       3537.2      -6418.1            0       -79827            0            0            0            0            0            0       99.662            0       99.759      -2.5304    3.514e-12      -440.93   5.4103e-15       -0.983            0            0  -1.0262e+05            0   3.5287e+05       0.9877      0.50682            0            0            0            0            0            0            0            0            0            0      -0.6145            0  
          0           -6            0     -0.47599     0.020184    0.0055761     0.014608            0  -0.00099664   0.00044149   -0.0014381   2.4882e-18    5.667e-20    3.529e-20    2.138e-20      -23.582       -16.27            0       -73895       3133.5      -5468.7            0       -73727            0            0            0            0            0            0       99.669            0       99.759      -2.4282   4.8087e-12      -423.29   1.0952e-13     -0.98229            0            0       -94741            0   3.1259e+05      0.98737      0.46757            0            0            0            0            0            0            0            0            0            0      -0.6145            0  
          0         -5.5            0     -0.43635     0.017777    0.0054964     0.012281            0  -0.00095749   0.00043442   -0.0013919   3.9046e-18   5.7726e-20   3.7682e-20   2.0044e-20      -24.545      -16.214            0       -67740       2759.8      -4594.8            0       -67611            0            0            0            0            0            0       99.676            0       99.759       -2.333   7.5459e-12      -406.66   1.1156e-13     -0.98171            0            0       -86854            0   2.7532e+05      0.98699      0.42837            0            0            0            0            0            0            0            0            0            0      -0.6145            0  
          0           -5            0     -0.39668     0.015574    0.0054199     0.010154            0  -0.00089803   0.00042817   -0.0013262   8.0389e-19   2.4167e-20    1.615e-20   8.0174e-21       -25.47      -16.042            0       -61581       2417.8      -3796.8            0       -61484            0            0            0            0            0            0       99.682            0       99.759      -2.2484   1.5536e-12      -381.41   4.6705e-14     -0.98114            0            0       -78959            0   2.4119e+05      0.98651       0.3892            0            0            0            0            0            0            0            0            0            0      -0.6145            0  
          0         -4.5            0       -0.357     0.013576    0.0053466    0.0082295            0  -0.00081911   0.00042218   -0.0012413   3.3113e-18   1.5233e-20   1.2561e-20   2.6725e-21      -26.296      -15.712            0       -55422       2107.6      -3074.7            0       -55351            0            0            0            0            0            0       99.687            0       99.759      -2.1778   6.3993e-12      -347.89   2.9439e-14     -0.98056            0            0       -71062            0   2.1025e+05      0.98592      0.35006            0            0            0            0            0            0            0            0            0            0      -0.6145            0  
          0           -4            0     -0.31732     0.011776    0.0052694    0.0065068            0  -0.00072823   0.00041564   -0.0011439   1.7609e-18   2.8602e-20   2.3925e-20   4.6768e-21      -26.946      -15.179            0       -49262       1828.2      -2428.7            0       -49213            0            0            0            0            0            0        99.69            0       99.759      -2.1253   3.4031e-12      -309.29   5.5276e-14        -0.98            0            0       -63165            0   1.8238e+05      0.98518      0.31098            0            0            0            0            0            0            0            0            0            0      -0.6145            0  
          0         -3.5            0     -0.27761     0.010181    0.0051959    0.0049849            0  -0.00063282   0.00040927   -0.0010421   -3.828e-20   2.0018e-20   1.7346e-20   2.6725e-21      -27.268      -14.367            0       -43098       1580.5      -1858.6            0       -43064            0            0            0            0            0            0       99.692            0       99.759      -2.1002   -7.398e-14      -268.77   3.8687e-14     -0.97955            0            0       -55261            0   1.5767e+05      0.98425      0.27194            0            0            0            0            0            0            0            0            0            0      -0.6145            0  
          0           -3            0     -0.23785    0.0087987    0.0051348    0.0036639            0  -0.00053468   0.00040402   -0.0009387   2.6796e-19    2.899e-20   2.6318e-20   2.6725e-21      -27.033      -13.184            0       -36925       1365.9      -1364.5            0       -36904            0            0            0            0            0            0       99.691            0       99.759      -2.1185   5.1786e-13      -227.09   5.6026e-14     -0.97927            0            0       -47348            0   1.3626e+05      0.98299      0.23292            0            0            0            0            0            0            0            0            0            0      -0.6145            0  
          0         -2.5            0     -0.19812    0.0076207    0.0050739    0.0025468            0  -0.00040504   0.00039893  -0.00080397  -2.7753e-19   3.7246e-20   4.4262e-20  -7.0152e-21      -25.998      -11.572            0       -30757       1183.1      -946.62            0       -30745            0            0            0            0            0            0       99.685            0       99.759      -2.2027  -5.3635e-13      -172.03   7.1982e-14      -0.9788            0            0       -39439            0   1.1802e+05      0.98121      0.19392            0            0            0            0            0            0            0            0            0            0      -0.6145            0  
          0           -2            0     -0.15839    0.0066424    0.0050102    0.0016322            0  -0.00027117   0.00039318  -0.00066435   9.5701e-20   4.6293e-20   4.5458e-20   8.3515e-22      -23.846      -9.4905            0       -24590       1031.2      -604.94            0       -24583            0            0            0            0            0            0       99.671            0       99.759      -2.4013   1.8495e-13      -115.17   8.9465e-14     -0.97846            0            0       -31530            0   1.0287e+05      0.97858      0.15498            0            0            0            0            0            0            0            0            0            0      -0.6145            0  
          0         -1.5            0     -0.11867    0.0058835    0.0049633   0.00092018            0  -0.00012798   0.00038913  -0.00051711   1.0049e-19   2.5774e-20   2.8112e-20  -2.3384e-21       -20.17       -6.948            0       -18422       913.37      -339.43            0       -18420            0            0            0            0            0            0       99.636            0       99.759      -2.8384    1.942e-13      -54.356    4.981e-14     -0.97823            0            0       -23623            0        91117      0.97424      0.11608            0            0            0            0            0            0            0            0            0            0      -0.6145            0  
          0           -1            0    -0.078921    0.0053394    0.0049287   0.00041064            0   3.4615e-05    0.0003861  -0.00035148   5.5028e-19   2.6458e-20   2.5122e-20   1.3362e-21      -14.781      -4.1524            0       -12252        828.9      -150.08            0       -12251            0            0            0            0            0            0       99.531            0       99.759      -3.8705   1.0635e-12       14.701   5.1132e-14     -0.97763            0            0       -15710            0        82690       0.9656     0.077155            0            0            0            0            0            0            0            0            0            0      -0.6145            0  
          0         -0.5            0    -0.039152    0.0050098     0.004906   0.00010379            0   0.00020975   0.00038407  -0.00017431   1.3637e-19   3.0891e-20   3.0505e-20   3.8626e-22      -7.8152      -1.5464            0      -6078.1       777.74      -36.929            0        -6078            0            0            0            0            0            0       98.952            0       99.759      -7.2917   2.6355e-13       89.085   5.9699e-14     -0.87826            0            0        -7792            0        77586      0.94025     0.034386            0            0            0            0            0            0            0            0            0            0      -0.6145            0  
          0            0            0   0.00062525    0.0048957    0.0048957  -6.1531e-08            0   0.00039922    0.0003831   1.6118e-05  -3.0467e-21   1.9139e-20    1.914e-20  -1.1405e-24      0.12772    0.0031935       39.992       97.066       760.02   -0.0095522            0       97.066            0            0            0            0            0            0       12.638            0       99.759       82.722   -5.888e-15       169.56   3.6988e-14     -0.71926            0            0       127.81            0        75818     -0.40448  -0.00044972            0            0            0            0            0            0            0            0            0            0      -0.6145            0  
          0          0.5            0     0.040403    0.0050055    0.0049064   9.9184e-05            0    0.0006058    0.0003841   0.00022171  -3.3495e-19   2.0462e-20   2.0336e-20   1.2527e-22       8.0716       1.6224        4.975       6272.3       777.07      -39.338            0       6272.2            0            0            0            0            0            0       99.002            0       99.759       7.0624  -6.4732e-13        257.3   3.9544e-14     -0.88689            0            0       8047.6            0        77520       1.0478    -0.035833            0            0            0            0            0            0            0            0            0            0      -0.6145            0  
          0            1            0     0.080171    0.0053312    0.0049297   0.00040143            0   0.00083066   0.00038619   0.00044448  -2.6796e-19   2.6652e-20   2.6318e-20   3.3406e-22       15.038        4.258       3.5318        12446       827.63       -154.9            0        12445            0            0            0            0            0            0       99.539            0       99.759       3.8044  -5.1786e-13        352.8   5.1507e-14     -0.97845            0            0        15965            0        82563       1.0193    -0.078443            0            0            0            0            0            0            0            0            0            0      -0.6145            0  
          0          1.5            0      0.11992    0.0058711    0.0049647   0.00090634            0    0.0010755   0.00038925   0.00068621  -3.3495e-19   4.4483e-20   4.6654e-20  -2.1714e-21       20.425        7.073       2.8878        18616       911.44      -346.66            0        18614            0            0            0            0            0            0       99.639            0       99.759       2.8029  -6.4732e-13       456.77   8.5967e-14     -0.97878            0            0        23878            0        90924       1.0101     -0.11737            0            0            0            0            0            0            0            0            0            0      -0.6145            0  
          0            2            0      0.15964    0.0066257    0.0050119    0.0016137            0    0.0013328   0.00039334   0.00093946  -7.2733e-19   1.3757e-20   1.3757e-20            0       24.095       9.6272       2.5028        24784       1028.6      -614.57            0        24777            0            0            0            0            0            0       99.673            0       99.759       2.3766  -1.4056e-12       566.06   2.6587e-14     -0.97888            0            0        31785            0   1.0261e+05       1.0054     -0.15627            0            0            0            0            0            0            0            0            0            0      -0.6145            0  
          0          2.5            0      0.19938    0.0075998     0.005076    0.0025238            0    0.0016146   0.00039912    0.0012155  -1.0814e-18   1.1008e-20   2.9907e-21   8.0174e-21       26.234       11.714       2.2396        30952       1179.8      -958.66            0        30939            0            0            0            0            0            0       99.686            0       99.759       2.1829  -2.0899e-12       685.75   2.1274e-14     -0.97913            0            0        39694            0    1.177e+05       1.0027     -0.19521            0            0            0            0            0            0            0            0            0            0      -0.6145            0  
          0            3            0       0.2391    0.0087729    0.0051366    0.0036364            0    0.0019208   0.00040417    0.0015167  -2.2585e-18   5.0548e-20   3.0505e-20   2.0044e-20       27.255       13.327       2.0451        37119       1361.9      -1378.9            0        37098            0            0            0            0            0            0       99.692            0       99.759       2.1013  -4.3648e-12       815.81   9.7688e-14     -0.97955            0            0        47604            0   1.3586e+05       1.0009     -0.23421            0            0            0            0            0            0            0            0            0            0      -0.6145            0  
          0          3.5            0      0.27887     0.010151    0.0051978    0.0049529            0    0.0022266   0.00040944    0.0018172  -6.8905e-19   8.4121e-21   1.3757e-20   -5.345e-21       27.473       14.508       1.8937        43292       1575.8      -1875.5            0        43259            0            0            0            0            0            0       99.693            0       99.759       2.0846  -1.3316e-12       945.69   1.6257e-14     -0.97979            0            0        55518            0    1.572e+05       0.9996     -0.27323            0            0            0            0            0            0            0            0            0            0      -0.6145            0  
          0            4            0      0.31859     0.011741    0.0052707    0.0064704            0     0.002561   0.00041573    0.0021452   -1.225e-18    1.615e-20    1.615e-20            0       27.134       15.316       1.7717        49458       1822.7        -2448            0        49408            0            0            0            0            0            0       99.691            0       99.759       2.1106  -2.3674e-12       1087.7    3.121e-14      -0.9802            0            0        63423            0   1.8183e+05      0.99862     -0.31228            0            0            0            0            0            0            0            0            0            0      -0.6145            0  
          0          4.5            0      0.35826     0.013537    0.0053486    0.0081884            0    0.0029229   0.00042234    0.0025006  -2.4308e-18    6.029e-20   3.2897e-20   2.7393e-20       26.465       15.841       1.6707        55617       2101.5      -3096.4            0        55545            0            0            0            0            0            0       99.688            0       99.759       2.1639  -4.6977e-12       1241.4   1.1652e-13     -0.98074            0            0        71320            0   2.0965e+05      0.99786     -0.35136            0            0            0            0            0            0            0            0            0            0      -0.6145            0  
          0            5            0      0.39793     0.015531    0.0054221     0.010109            0    0.0033014   0.00042835    0.0028731   -1.091e-18   2.8609e-20    3.529e-20  -6.6812e-21       25.622       16.163       1.5852        61776         2411      -3820.8            0        61678            0            0            0            0            0            0       99.683            0       99.759        2.235  -2.1084e-12       1402.2   5.5288e-14     -0.98131            0            0        79216            0   2.4052e+05      0.99726     -0.39049            0            0            0            0            0            0            0            0            0            0      -0.6145            0  
          0          5.5            0      0.43761      0.01773    0.0054989     0.012231            0     0.003691   0.00043464    0.0032564  -2.4882e-18  -7.0499e-21   3.1701e-20  -3.8751e-20       24.682       16.328       1.5117        67935       2752.4      -4621.3            0        67805            0            0            0            0            0            0       99.677            0       99.759       2.3201  -4.8087e-12       1567.6  -1.3625e-14     -0.98187            0            0        87111            0   2.7458e+05      0.99676     -0.42967            0            0            0            0            0            0            0            0            0            0      -0.6145            0  
          0            6            0      0.47725     0.020132    0.0055786     0.014554            0    0.0040918   0.00044172    0.0036501  -7.8475e-19  -2.7857e-20   4.9645e-20  -7.7502e-20       23.706       16.377       1.4475        74090       3125.4      -5497.5            0        73920            0            0            0            0            0            0        99.67            0       99.759       2.4155  -1.5166e-12       1737.9  -5.3836e-14     -0.98244            0            0        94998            0   3.1178e+05      0.99633     -0.46887            0            0            0            0            0            0            0            0            0            0      -0.6145            0  
          0          6.5            0      0.51684     0.022728    0.0056538     0.017074            0    0.0045229   0.00044828    0.0040746  -1.6652e-18  -2.5134e-20   1.4953e-20  -4.0087e-20        22.74       16.348        1.391        80236       3528.4      -6449.3            0        80020            0            0            0            0            0            0       99.662            0       99.759        2.518  -3.2181e-12         1921  -4.8573e-14     -0.98313            0            0   1.0287e+05            0   3.5199e+05      0.99597     -0.50812            0            0            0            0            0            0            0            0            0            0      -0.6145            0  
          0            7            0      0.55635     0.025536    0.0057444     0.019791            0    0.0049763   0.00045598    0.0045203  -6.5077e-19   1.5437e-20  -5.9813e-22   1.6035e-20       21.787       16.251       1.3407        86369       3964.2      -7476.2            0        86100            0            0            0            0            0            0       99.654            0       99.759       2.6279  -1.2577e-12       2113.5   2.9833e-14     -0.98388            0            0   1.1073e+05            0   3.9547e+05      0.99565     -0.54739            0            0            0            0            0            0            0            0            0            0      -0.6145            0  
          0          7.5            0      0.59583     0.028546    0.0058403     0.022706            0    0.0054542     0.000464    0.0049902  -7.1967e-18   9.9874e-20   1.4355e-20   8.5519e-20       20.872       16.111       1.2955        92498       4431.6      -8578.6            0        92167            0            0            0            0            0            0       99.645            0       99.759        2.743  -1.3908e-11       2316.5   1.9302e-13     -0.98471            0            0   1.1858e+05            0   4.4209e+05      0.99537     -0.58672            0            0            0            0            0            0            0            0            0            0      -0.6145            0  
          0            8            0       0.6352     0.031754     0.005942     0.025812            0    0.0059581   0.00047257    0.0054855  -8.8045e-19   7.2158e-21   1.2561e-20   -5.345e-21       20.004       15.943       1.2547        98610       4929.6      -9755.7            0        98208            0            0            0            0            0            0       99.634            0       99.759       2.8619  -1.7015e-12       2530.5   1.3945e-14      -0.9856            0            0   1.2641e+05            0   4.9177e+05      0.99512     -0.62605            0            0            0            0            0            0            0            0            0            0      -0.6145            0  
          0          8.5            0       0.6744     0.035166    0.0060618     0.029104            0    0.0064795   0.00048338    0.0059961   -3.139e-18   8.4998e-20   1.0168e-20   7.4829e-20       19.178       15.749       1.2177    1.047e+05       5459.3       -11006            0   1.0421e+05            0            0            0            0            0            0       99.623            0       99.759       2.9849  -6.0664e-12       2751.9   1.6426e-13     -0.98653            0            0   1.3419e+05            0   5.4461e+05      0.99485     -0.66531            0            0            0            0            0            0            0            0            0            0      -0.6145            0  
          0            9            0      0.71353     0.038772    0.0061851     0.032587            0    0.0070225   0.00049451     0.006528  -1.6461e-18   6.6201e-20   3.9477e-20   2.6725e-20       18.403       15.545       1.1838   1.1077e+05       6019.1       -12332            0    1.102e+05            0            0            0            0            0            0       99.612            0       99.759       3.1103  -3.1811e-12       2982.6   1.2794e-13     -0.98749            0            0   1.4196e+05            0   6.0046e+05      0.99461      -0.7046            0            0            0            0            0            0            0            0            0            0      -0.6145            0  
          0          9.5            0       0.7525     0.042567    0.0063136     0.036253            0    0.0076056   0.00050554    0.0071001  -4.4022e-18  -3.3596e-20   3.5888e-20  -6.9484e-20       17.678       15.335       1.1528   1.1682e+05       6608.1       -13730            0   1.1615e+05            0            0            0            0            0            0         99.6            0       99.759       3.2376  -8.5077e-12       3230.2  -6.4928e-14     -0.98857            0            0   1.4969e+05            0   6.5922e+05      0.99438      -0.7439            0            0            0            0            0            0            0            0            0            0      -0.6145            0  
          0           10            0      0.79138     0.046566    0.0064544     0.040112            0    0.0082236   0.00051814    0.0077055  -4.6702e-18  -1.9839e-20   4.9645e-20  -6.9484e-20       16.995       15.118       1.1241   1.2286e+05       7229.1       -15201            0   1.2207e+05            0            0            0            0            0            0       99.587            0       99.759       3.3675  -9.0255e-12       3492.7  -3.8341e-14     -0.98979            0            0    1.574e+05            0   7.2116e+05      0.99398      -0.7833            0            0            0            0            0            0            0            0            0            0      -0.6145            0  
          0         10.5            0      0.83041     0.050787    0.0066221     0.044165            0    0.0089142   0.00053376    0.0083805  -5.7421e-18   2.2838e-19   4.6654e-20   1.8173e-19       16.351         14.9       1.0974   1.2891e+05       7884.3       -16751            0   1.2801e+05            0            0            0            0            0            0       99.573            0       99.759       3.4998  -1.1097e-11         3786   4.4137e-13     -0.99133            0            0   1.6518e+05            0   7.8653e+05      0.99399     -0.82321            0            0            0            0            0            0            0            0            0            0      -0.6145            0  
          0           11            0      0.86946     0.055244    0.0068242     0.048419            0    0.0097171   0.00055216    0.0091649  -4.6702e-18  -2.1984e-19   6.8785e-20  -2.8863e-19       15.739       14.675       1.0724   1.3498e+05       8576.2       -18376            0   1.3393e+05            0            0            0            0            0            0       99.558            0       99.759       3.6356  -9.0255e-12         4127  -4.2486e-13     -0.99322            0            0   1.7299e+05            0   8.5555e+05      0.99393     -0.86356            0            0            0            0            0            0            0            0            0            0      -0.6145            0  
          0         11.5            0      0.90875     0.059926    0.0070314     0.052894            0     0.010562   0.00057071    0.0099915  -6.3928e-18   2.8961e-19    5.443e-20   2.3518e-19       15.165       14.456        1.049   1.4108e+05         9303       -20080            0   1.3988e+05            0            0            0            0            0            0       99.543            0       99.759       3.7728  -1.2355e-11       4485.9   5.5969e-13     -0.99516            0            0   1.8087e+05            0   9.2806e+05      0.99394     -0.90435            0            0            0            0            0            0            0            0            0            0      -0.6145            0  
          0           12            0      0.94815     0.064824    0.0072467     0.057578            0     0.011458   0.00058946     0.010868  -3.5218e-18  -2.3184e-19   5.1439e-20  -2.8328e-19       14.626       14.242        1.027   1.4719e+05        10064       -21860            0   1.4583e+05            0            0            0            0            0            0       99.526            0       99.759       3.9112  -6.8061e-12       4866.4  -4.4806e-13     -0.99715            0            0   1.8879e+05            0   1.0039e+06      0.99398     -0.94544            0            0            0            0            0            0            0            0            0            0      -0.6145            0  
          0         12.5            0      0.98768     0.069949    0.0074662     0.062483            0     0.012314   0.00060878     0.011705  -4.8999e-18   2.8318e-19   6.9383e-20    2.138e-19        14.12       14.033       1.0062   1.5333e+05        10859       -23716            0   1.5179e+05            0            0            0            0            0            0        99.51            0       99.759        4.051  -9.4694e-12       5229.9   5.4727e-13     -0.99889            0            0   1.9673e+05            0   1.0833e+06      0.99391     -0.98658            0            0            0            0            0            0            0            0            0            0      -0.6145            0  
          0           13            0       1.0268     0.075228    0.0076944     0.067534            0     0.013096   0.00062885     0.012467  -4.9765e-18  -2.3281e-19   8.2542e-20  -3.1535e-19       13.649       13.831      0.98687    1.594e+05        11679       -25642            0   1.5768e+05            0            0            0            0            0            0       99.492            0       99.759       4.1903  -9.6174e-12         5562  -4.4992e-13      -1.0003            0            0   2.0453e+05            0    1.165e+06      0.99386      -1.0271            0            0            0            0            0            0            0            0            0            0      -0.6145            0  
          0         13.5            0       1.0655     0.080662    0.0079304     0.072732            0     0.013834   0.00064968     0.013184  -6.0866e-18  -1.2977e-19   4.1271e-20  -1.7104e-19       13.209       13.635      0.96878   1.6541e+05        12522       -27635            0   1.6348e+05            0            0            0            0            0            0       99.474            0       99.759       4.3293  -1.1763e-11       5875.5  -2.5079e-13      -1.0016            0            0   2.1222e+05            0   1.2492e+06      0.99371      -1.0672            0            0            0            0            0            0            0            0            0            0      -0.6145            0  
          0           14            0        1.104     0.086277     0.008181     0.078097            0      0.01454   0.00067174     0.013869  -2.6031e-18   3.3611e-19   7.9551e-20   2.5656e-19       12.796       13.445      0.95173   1.7139e+05        13394       -29699            0   1.6923e+05            0            0            0            0            0            0       99.456            0       99.759       4.4686  -5.0306e-12       6175.5   6.4956e-13      -1.0027            0            0   2.1985e+05            0   1.3362e+06      0.99355       -1.107            0            0            0            0            0            0            0            0            0            0      -0.6145            0  
          0         14.5            0       1.1425     0.092085    0.0084479     0.083637            0     0.015226   0.00069514     0.014531  -3.9046e-18  -4.4523e-19   2.5122e-20  -4.7036e-19       12.407       13.261      0.93557   1.7736e+05        14296       -31837            0   1.7496e+05            0            0            0            0            0            0       99.436            0       99.759       4.6082  -7.5459e-12       6466.7  -8.6045e-13      -1.0039            0            0   2.2746e+05            0   1.4261e+06      0.99351      -1.1469            0            0            0            0            0            0            0            0            0            0      -0.6145            0  
          0           15            0       1.1807     0.098068    0.0087296     0.089338            0     0.015939   0.00071976      0.01522  -1.4547e-18  -6.4161e-19   5.3234e-20  -6.9484e-19       12.039       13.082      0.92031   1.8329e+05        15224       -34043            0   1.8064e+05            0            0            0            0            0            0       99.416            0       99.759       4.7481  -2.8112e-12       6769.7    -1.24e-12      -1.0052            0            0   2.3502e+05            0   1.5188e+06      0.99335      -1.1868            0            0            0            0            0            0            0            0            0            0      -0.6145            0  
          0         15.5            0       1.2187      0.10425    0.0090303      0.09522            0     0.016581   0.00074608     0.015835  -5.3593e-18   6.6545e-20   8.7925e-20   -2.138e-20        11.69       12.906      0.90583    1.892e+05        16184       -36317            0   1.8627e+05            0            0            0            0            0            0       99.396            0       99.759       4.8892  -1.0357e-11       7042.3    1.286e-13      -1.0063            0            0   2.4253e+05            0   1.6145e+06      0.99304      -1.2264            0            0            0            0            0            0            0            0            0            0      -0.6145            0  
          0           16            0       1.2564      0.11057    0.0093639      0.10121            0     0.017361   0.00077541     0.016585  -5.1296e-18  -2.7022e-19   8.2542e-20  -3.5277e-19       11.363       12.737      0.89213   1.9505e+05        17166       -38661            0   1.9183e+05            0            0            0            0            0            0       99.375            0       99.759       5.0294  -9.9133e-12       7373.3  -5.2223e-13      -1.0078            0            0   2.4999e+05            0   1.7124e+06      0.99298      -1.2663            0            0            0            0            0            0            0            0            0            0      -0.6145            0  
          0         16.5            0       1.2938      0.11708    0.0097448      0.10733            0     0.018134    0.0008092     0.017325   -3.828e-18    4.486e-20    4.486e-20            0       11.051       12.569      0.87917   2.0085e+05        18175       -41067            0   1.9731e+05            0            0            0            0            0            0       99.353            0       99.759       5.1708   -7.398e-12       7701.7   8.6695e-14      -1.0094            0            0   2.5735e+05            0   1.8131e+06      0.99279      -1.3059            0            0            0            0            0            0            0            0            0            0      -0.6145            0  
          0           17            0       1.3306      0.12372     0.010158      0.11356            0     0.019011    0.0008456     0.018165  -8.9576e-18   -4.847e-19   7.1178e-20  -5.5587e-19       10.755       12.405      0.86692   2.0656e+05        19207       -43534            0   2.0269e+05            0            0            0            0            0            0        99.33            0       99.759       5.3123  -1.7311e-11       8074.1  -9.3672e-13      -1.0112            0            0   2.6462e+05            0   1.9161e+06      0.99248      -1.3454            0            0            0            0            0            0            0            0            0            0      -0.6145            0  
          0         17.5            0       1.3672      0.13053     0.010597      0.11993            0     0.019874   0.00088414      0.01899    3.139e-18  -9.7824e-20    1.908e-19  -2.8863e-19       10.475       12.248      0.85522   2.1225e+05        20263       -46069            0   2.0803e+05            0            0            0            0            0            0       99.307            0       99.759       5.4534   6.0664e-12       8440.9  -1.8905e-13      -1.0129            0            0   2.7184e+05            0   2.0215e+06      0.99227      -1.3849            0            0            0            0            0            0            0            0            0            0      -0.6145            0  
          0           18            0       1.4036      0.13747     0.011051      0.12642            0     0.020761   0.00092392     0.019837  -6.1249e-18   1.9939e-19   1.4594e-19    5.345e-20       10.211       12.097      0.84406   2.1791e+05        21341       -48672            0    2.133e+05            0            0            0            0            0            0       99.284            0       99.759       5.5935  -1.1837e-11       8817.4   3.8534e-13      -1.0147            0            0     2.79e+05            0   2.1289e+06      0.99217      -1.4243            0            0            0            0            0            0            0            0            0            0      -0.6145            0  
          0         18.5            0       1.4396      0.14453      0.01151      0.13302            0      0.02181   0.00096345     0.020847  -1.0336e-17   -3.253e-19   1.8781e-19  -5.1312e-19       9.9608       11.951      0.83344   2.2349e+05        22437       -51332            0   2.1849e+05            0            0            0            0            0            0        99.26            0       99.759       5.7329  -1.9975e-11       9263.2  -6.2867e-13      -1.0169            0            0    2.861e+05            0   2.2383e+06       0.9919      -1.4639            0            0            0            0            0            0            0            0            0            0      -0.6145            0  
          0           19            0       1.4754      0.15171     0.011983      0.13972            0      0.02287    0.0010042     0.021866  -8.9576e-18  -8.9165e-19   1.3458e-19  -1.0262e-18       9.7254       11.813      0.82328   2.2904e+05        23551       -54060            0   2.2363e+05            0            0            0            0            0            0       99.236            0       99.759       5.8707  -1.7311e-11       9713.2  -1.7232e-12       -1.019            0            0   2.9314e+05            0   2.3494e+06      0.99181      -1.5034            0            0            0            0            0            0            0            0            0            0      -0.6145            0  
          0         19.5            0       1.5108      0.15901     0.012472      0.14653            0     0.023928    0.0010468     0.022881  -8.4982e-18  -3.2398e-19   3.9477e-20  -3.6346e-19       9.5014       11.678      0.81358   2.3454e+05        24684       -56846            0   2.2868e+05            0            0            0            0            0            0       99.211            0       99.759       6.0081  -1.6424e-11        10163  -6.2612e-13      -1.0212            0            0   3.0009e+05            0   2.4625e+06      0.99161      -1.5428            0            0            0            0            0            0            0            0            0            0      -0.6145            0  
          0           20            0       1.5457      0.16641     0.012985      0.15343            0     0.024978    0.0010919     0.023886  -5.9717e-18   3.8246e-19    8.314e-20   2.9932e-19        9.288       11.547      0.80435   2.3995e+05        25835       -59686            0   2.3363e+05            0            0            0            0            0            0       99.186            0       99.759       6.1451  -1.1541e-11        10609   7.3913e-13      -1.0233            0            0   3.0692e+05            0   2.5772e+06      0.99128      -1.5817            0            0            0            0            0            0            0            0            0            0      -0.6145            0  
