H2_w1_VTP
w1VTP_T1-30.0 m/s-TriUniform-ThickSurf-x0.04m
Freestream speed = 30.000 m/s


 Ctrl        Alpha        Beta         CL           CD           CD_viscous   CD_induced   CY           Cm           Cm_viscous   Cm_pressure  Cl           Cn           Cn_viscous   Cn_pressure  CL/CD        CL^(3/2)/CD  1/sqrt(CL)   Lift_(N)     Drag_(N)     Fx_FF_(N)    Fy_FF_(N)    Fz_FF_(N)    Fx_sum_(N)   Fy_sum_(N)   Fz_sum_(N)   Extra_drag_(N)  Fuse_drag_(N)  Cf_Fuse      Vx_(m/s)     Vz_(m/s)     V_(m/s)      Gamma        L_(N.m)      M_(N.m)      N_(N.m)      CPx_(m)      CPy_(m)      CPz_(m)      BM_(N.m)     m.g.Vz_(W)   Drag_x_V_(W)  Efficiency   XCp.Cl       XNP_(m)      Phugoid_Freq._(Hz)  Phugoid_Damping  Short_Period_Freq._(Hz)  Short_Period_Damping_Ratio  Dutch_Roll_Freq._(Hz)  Dutch_Roll_Damping  Roll_Damping  Spiral_Damping  Mass_(kg)    CoG_x_(m)    CoG_z_(m)    
          0          -25            0      -1.6353      0.32238      0.20781      0.11458   1.2544e-05    -0.066172    0.0066688    -0.072841  -2.7979e-05  -1.3603e-05   -4.513e-07  -1.3152e-05      -5.0725      -6.4866            0      -167.31       32.984      -60.084    0.0012834      -156.59      -52.561   -0.0020506       -154.1            0            0            0       29.433            0           30      -11.152   -0.0036691      -1.0832  -5.9794e-05     0.028546   2.1018e-05    0.0033461      -18.643            0       989.51       1.0247     -0.04668            0            0            0            0            0            0            0            0            0            0         0.04            0  
          0        -24.5            0         -1.6      0.31408      0.20425      0.10983   1.2143e-05    -0.065866    0.0066286    -0.072495  -2.7165e-05   -1.331e-05  -8.5511e-07  -1.2454e-05      -5.0943      -6.4439            0       -163.7       32.134      -57.661    0.0012424      -153.62      -50.411   -0.0017728      -151.22            0            0            0       29.438            0           30      -11.106   -0.0035467      -1.0782  -0.00010039     0.028593    2.069e-05    0.0033504       -18.29            0       964.03       1.0234    -0.045749            0            0            0            0            0            0            0            0            0            0         0.04            0  
          0          -24            0      -1.5645      0.30546      0.20032      0.10514   1.1737e-05    -0.065573     0.006581    -0.072154  -2.6353e-05   -1.264e-05   -8.613e-07  -1.1779e-05      -5.1219      -6.4065            0      -160.07       31.252      -55.279    0.0012008      -150.61      -48.298   -0.0015041      -148.29            0            0            0       29.444            0           30      -11.047   -0.0034258      -1.0734  -9.8357e-05     0.028629    2.036e-05    0.0033537      -17.931            0       937.55       1.0221     -0.04479            0            0            0            0            0            0            0            0            0            0         0.04            0  
          0        -23.5            0      -1.5287      0.29677      0.19626      0.10051   1.1325e-05    -0.065288    0.0065303    -0.071818  -2.5543e-05  -1.2025e-05  -8.9967e-07  -1.1125e-05      -5.1513      -6.3693            0      -156.41       30.363      -52.938    0.0011587      -147.54      -46.222   -0.0012446       -145.3            0            0            0        29.45            0           30      -10.986   -0.0033065      -1.0688  -9.9973e-05     0.028654   2.0026e-05    0.0033559      -17.565            0       910.88       1.0209    -0.043804            0            0            0            0            0            0            0            0            0            0         0.04            0  
          0          -23            0      -1.4927      0.28809      0.19215     0.095939   1.0909e-05    -0.065009    0.0064778    -0.071487  -2.4735e-05  -1.1389e-05  -8.9586e-07  -1.0493e-05      -5.1814      -6.3305            0      -152.72       29.475      -50.638    0.0011161      -144.42      -44.184  -0.00099435      -142.27            0            0            0       29.456            0           30      -10.924   -0.0031889      -1.0642  -9.7152e-05     0.028666   1.9691e-05    0.0033567      -17.194            0       884.26       1.0197    -0.042791            0            0            0            0            0            0            0            0            0            0         0.04            0  
          0        -22.5            0      -1.4565       0.2796      0.18817     0.091436   1.0487e-05    -0.064735    0.0064262    -0.071161  -2.3931e-05  -1.0731e-05  -8.4932e-07  -9.8822e-06       -5.209      -6.2864            0      -149.01       28.607      -48.382    0.0010729      -141.25      -42.185  -0.00075346      -139.18            0            0            0       29.462            0           30      -10.867   -0.0030728      -1.0597  -8.9783e-05     0.028666   1.9354e-05    0.0033561      -16.816            0        858.2       1.0186    -0.041751            0            0            0            0            0            0            0            0            0            0         0.04            0  
          0          -22            0      -1.4199      0.27115      0.18414     0.087003    1.006e-05    -0.064468     0.006373    -0.070841  -2.3131e-05  -1.0175e-05  -8.8197e-07  -9.2927e-06      -5.2368      -6.2403            0      -145.28       27.741      -46.169    0.0010293      -138.03      -40.225    -0.000522      -136.05            0            0            0       29.468            0           30      -10.811   -0.0029585      -1.0553  -9.1234e-05     0.028652   1.9015e-05    0.0033539      -16.433            0       832.24       1.0175    -0.040685            0            0            0            0            0            0            0            0            0            0         0.04            0  
          0        -21.5            0      -1.3832      0.26277      0.18013     0.082644   9.6286e-06    -0.064207     0.006319    -0.070526  -2.2336e-05  -9.5802e-06  -8.5567e-07  -8.7245e-06      -5.2639      -6.1909            0      -141.52       26.885      -43.999   0.00098512      -134.77      -38.304  -0.00030002      -132.86            0            0            0       29.473            0           30      -10.756   -0.0028459      -1.0511  -8.6343e-05     0.028624   1.8675e-05    0.0033501      -16.044            0       806.54       1.0164    -0.039593            0            0            0            0            0            0            0            0            0            0         0.04            0  
          0          -21            0      -1.3462      0.25393      0.17556     0.078364   9.1924e-06    -0.063961    0.0062547    -0.070216  -2.1546e-05  -8.9797e-06  -8.0222e-07  -8.1775e-06      -5.3016      -6.1513            0      -137.74        25.98      -41.875   0.00094049      -131.46      -36.423  -8.7595e-05      -129.63            0            0            0        29.48            0           30      -10.682    -0.002735       -1.047  -7.8567e-05      0.02858   1.8333e-05    0.0033443       -15.65            0        779.4       1.0154    -0.038475            0            0            0            0            0            0            0            0            0            0         0.04            0  
          0        -20.5            0       -1.309      0.24496      0.17079     0.074164   8.7517e-06    -0.063726    0.0061857    -0.069912  -2.0761e-05  -8.4845e-06  -8.3312e-07  -7.6513e-06      -5.3439      -6.1141            0      -133.93       25.062      -39.796    0.0008954       -128.1      -34.584   0.00011521      -126.36            0            0            0       29.488            0           30      -10.599    -0.002626      -1.0432  -8.0273e-05      0.02852   1.7991e-05    0.0033365       -15.25            0       751.86       1.0144    -0.037333            0            0            0            0            0            0            0            0            0            0         0.04            0  
          0          -20            0      -1.2716      0.23584      0.16579     0.070049   8.3066e-06    -0.063502    0.0061118    -0.069614  -1.9984e-05  -7.9583e-06  -8.1224e-07   -7.146e-06      -5.3918      -6.0801            0       -130.1       24.129      -37.762   0.00084986      -124.71      -32.786   0.00030833      -123.03            0            0            0       29.497            0           30      -10.507   -0.0025187      -1.0395   -7.637e-05     0.028441   1.7648e-05    0.0033263      -14.845            0       723.88       1.0135    -0.036166            0            0            0            0            0            0            0            0            0            0         0.04            0  
          0        -19.5            0       -1.234      0.22635      0.16032     0.066023   7.8572e-06    -0.063293    0.0060288    -0.069321  -1.9213e-05   -7.716e-06  -1.0547e-06  -6.6613e-06      -5.4517      -6.0559            0      -126.25       23.158      -35.775   0.00080388      -121.26      -31.029    0.0004917      -119.67            0            0            0       29.508            0           30      -10.394   -0.0024134      -1.0361  -0.00010206     0.028344   1.7304e-05    0.0033137      -14.435            0       694.74       1.0126    -0.034976            0            0            0            0            0            0            0            0            0            0         0.04            0  
          0          -19            0      -1.1961      0.21697      0.15488     0.062089   7.4036e-06     -0.06309    0.0059451    -0.069035   -1.845e-05  -6.8526e-06  -6.5553e-07   -6.197e-06      -5.5128      -6.0292            0      -122.38       22.199      -33.836   0.00075748      -117.78      -29.316   0.00066528      -116.26            0            0            0       29.518            0           30      -10.281   -0.0023099      -1.0328   -5.606e-05     0.028226   1.6961e-05    0.0032982       -14.02            0       665.96       1.0117    -0.033762            0            0            0            0            0            0            0            0            0            0         0.04            0  
          0        -18.5            0      -1.1581      0.20758      0.14933     0.058249   6.9461e-06    -0.062896    0.0058586    -0.068754  -1.7696e-05  -6.3564e-06  -6.0341e-07   -5.753e-06      -5.5789      -6.0036            0      -118.48       21.238      -31.944   0.00071067      -114.25      -27.645   0.00082901       -112.8            0            0            0       29.529            0           30      -10.162   -0.0022083      -1.0296  -4.8998e-05     0.028086   1.6618e-05    0.0032796        -13.6            0       637.13       1.0108    -0.032525            0            0            0            0            0            0            0            0            0            0         0.04            0  
          0          -18            0      -1.1198      0.19718      0.14267     0.054508   6.4847e-06    -0.062728    0.0057517     -0.06848  -1.6951e-05  -6.1456e-06  -8.1676e-07  -5.3289e-06      -5.6792      -6.0097            0      -114.57       20.174        -30.1   0.00066346      -110.69      -26.018   0.00098284      -109.31            0            0            0       29.545            0           30      -9.9864   -0.0021087      -1.0268  -7.2015e-05     0.027921   1.6277e-05    0.0032576      -13.176            0       605.21         1.01    -0.031265            0            0            0            0            0            0            0            0            0            0         0.04            0  
          0        -17.5            0      -1.0814       0.1866      0.13573     0.050868   6.0196e-06    -0.062572    0.0056387    -0.068211  -1.6215e-05  -5.4164e-06   -4.919e-07  -4.9245e-06      -5.7952      -6.0263            0      -110.64       19.091      -28.305   0.00061587      -107.08      -24.435    0.0011267      -105.77            0            0            0       29.563            0           30      -9.7904   -0.0020111      -1.0243  -3.4396e-05     0.027729   1.5937e-05    0.0032316      -12.746            0       572.73       1.0093    -0.029985            0            0            0            0            0            0            0            0            0            0         0.04            0  
          0          -17            0      -1.0427      0.17546      0.12813     0.047332   5.5509e-06    -0.062436    0.0055131    -0.067949  -1.5489e-05  -5.2212e-06  -6.8156e-07  -4.5396e-06      -5.9428      -6.0684            0      -106.68       17.952       -26.56   0.00056792      -103.44      -22.896    0.0012606       -102.2            0            0            0       29.584            0           30      -9.5518   -0.0019155      -1.0221  -5.5123e-05     0.027507   1.5598e-05    0.0032014      -12.312            0       538.55       1.0085    -0.028682            0            0            0            0            0            0            0            0            0            0         0.04            0  
          0        -16.5            0      -1.0039      0.16491        0.121     0.043904   5.0787e-06    -0.062298    0.0053946    -0.067693  -1.4774e-05  -4.7329e-06  -5.5895e-07  -4.1739e-06      -6.0877      -6.0996            0      -102.71       16.872      -24.865   0.00051962      -99.757      -21.403    0.0013845      -98.588            0            0            0       29.603            0           30      -9.3284   -0.0018219      -1.0198  -4.0577e-05     0.027253   1.5263e-05    0.0031662      -11.874            0       506.16       1.0078     -0.02736            0            0            0            0            0            0            0            0            0            0         0.04            0  
          0          -16            0     -0.96491       0.1538      0.11321     0.040587   4.6033e-06     -0.06218    0.0052633    -0.067443   -1.407e-05  -4.4302e-06  -6.0306e-07  -3.8271e-06      -6.2739      -6.1628            0      -98.722       15.735       -23.22   0.00047098      -96.042      -19.954    0.0014983      -94.939            0            0            0       29.626            0           30      -9.0562   -0.0017304      -1.0179  -4.5129e-05     0.026963   1.4931e-05    0.0031256      -11.431            0       472.06       1.0072    -0.026017            0            0            0            0            0            0            0            0            0            0         0.04            0  
          0        -15.5            0     -0.92574      0.14129      0.10391     0.037382   4.1248e-06    -0.062096    0.0051043      -0.0672  -1.3378e-05  -3.9471e-06  -4.4814e-07   -3.499e-06      -6.5521      -6.3041            0      -94.715       14.456      -21.626   0.00042201      -92.292      -18.552     0.001602      -91.255            0            0            0       29.657            0           30      -8.6777    -0.001641      -1.0165  -2.7095e-05     0.026633   1.4604e-05    0.0030787      -10.985            0       433.67       1.0065    -0.024655            0            0            0            0            0            0            0            0            0            0         0.04            0  
          0          -15            0     -0.88642      0.12413     0.089841     0.034294   3.6432e-06    -0.062103    0.0048596    -0.066963  -1.2699e-05  -3.3998e-06  -2.1074e-07  -3.1891e-06      -7.1408       -6.723            0      -90.691         12.7      -20.083   0.00037274      -88.509      -17.196    0.0016955      -87.535            0            0            0        29.71            0           30      -7.9719   -0.0015537      -1.0166   3.2885e-07     0.026257   1.4282e-05    0.0030247      -10.534            0       381.01       1.0059    -0.023274            0            0            0            0            0            0            0            0            0            0         0.04            0  
          0        -14.5            0     -0.84693      0.10154     0.070216     0.031324   3.1588e-06    -0.062218    0.0045148    -0.066733  -1.2032e-05  -3.0549e-06  -1.5781e-07  -2.8971e-06      -8.3408      -7.6759            0      -86.651       10.389      -18.593   0.00032318      -84.693      -15.887    0.0017789      -83.782            0            0            0       29.787            0           30      -6.8367   -0.0014686      -1.0185   6.5314e-06     0.025829   1.3967e-05    0.0029626       -10.08            0       311.66       1.0054    -0.021876            0            0            0            0            0            0            0            0            0            0         0.04            0  
          0          -14            0     -0.80729     0.082436      0.05396     0.028476   2.6716e-06    -0.062282    0.0042279    -0.066509  -1.1379e-05  -2.7999e-06  -1.7712e-07  -2.6228e-06       -9.793      -8.7989            0      -82.595       8.4342      -17.155   0.00027334      -80.847      -14.624    0.0018521      -79.997            0            0            0       29.845            0           30      -5.8305   -0.0013857      -1.0195   4.2876e-06     0.025343   1.3659e-05     0.002891      -9.6215            0       253.02       1.0048    -0.020459            0            0            0            0            0            0            0            0            0            0         0.04            0  
          0        -13.5            0      -0.7675     0.073344     0.047593     0.025751    2.182e-06    -0.062177    0.0041156    -0.066293   -1.074e-05  -2.5828e-06  -2.1714e-07  -2.3657e-06      -10.464      -9.1676            0      -78.525        7.504      -15.769   0.00022324       -76.97       -13.41    0.0019151       -76.18            0            0            0       29.864            0           30      -5.4587   -0.0013049      -1.0178  -5.1004e-07      0.02479   1.3361e-05    0.0028086      -9.1597            0       225.12       1.0043    -0.019026            0            0            0            0            0            0            0            0            0            0         0.04            0  
          0          -13            0     -0.72758     0.066925     0.043773     0.023152   1.6899e-06    -0.062035    0.0040479    -0.066083  -1.0115e-05   -2.336e-06  -2.1053e-07  -2.1254e-06      -10.872      -9.2733            0       -74.44       6.8472      -14.437   0.00017289      -73.065      -12.243    0.0019678      -72.333            0            0            0       29.874            0           30      -5.2554   -0.0012264      -1.0155  -8.8266e-08     0.024159   1.3075e-05    0.0027134      -8.6946            0       205.42       1.0039    -0.017577            0            0            0            0            0            0            0            0            0            0         0.04            0  
          0        -12.5            0     -0.68752      0.06001     0.039329     0.020681   1.1955e-06    -0.061911    0.0039685     -0.06588  -9.5049e-06  -2.0931e-06  -1.9138e-07  -1.9017e-06      -11.457      -9.4997            0      -70.342       6.1397      -13.159   0.00012232      -69.133      -11.124    0.0020103      -68.457            0            0            0       29.886            0           30      -4.9884   -0.0011502      -1.0135   1.6367e-06     0.023436   1.2803e-05    0.0026031      -8.2262            0       184.19       1.0035    -0.016113            0            0            0            0            0            0            0            0            0            0         0.04            0  
          0          -12            0     -0.64734     0.052857     0.034516     0.018341   6.9906e-07    -0.061802    0.0038819    -0.065683  -8.9103e-06  -1.8557e-06  -1.6165e-07   -1.694e-06      -12.247      -9.8536            0      -66.231       5.4079      -11.935   7.1522e-05      -65.174      -10.054    0.0020426      -64.554            0            0            0         29.9            0           30       -4.668   -0.0010762      -1.0117   4.4453e-06     0.022606   1.2548e-05     0.002475      -7.7547            0       162.24       1.0031    -0.014634            0            0            0            0            0            0            0            0            0            0         0.04            0  
          0        -11.5            0     -0.60704     0.045676     0.029543     0.016134   2.0064e-07    -0.061703    0.0037917    -0.065494  -8.3316e-06   -1.629e-06  -1.2699e-07   -1.502e-06       -13.29      -10.355            0      -62.107       4.6732      -10.765   2.0528e-05       -61.19      -9.0328    0.0020646      -60.623            0            0            0       29.915            0           30      -4.3031   -0.0010045      -1.0101   7.6857e-06     0.021648   1.2315e-05    0.0023254      -7.2801            0        140.2       1.0028    -0.013141            0            0            0            0            0            0            0            0            0            0         0.04            0  
          0          -11            0     -0.56662     0.038713     0.024652     0.014061  -2.9958e-07     -0.06161    0.0037024    -0.065312  -7.7692e-06  -1.4554e-06  -1.3015e-07  -1.3253e-06      -14.637      -11.018            0      -57.972       3.9608      -9.6495   -3.065e-05      -57.182      -8.0608    0.0020763      -56.668            0            0            0        29.93            0           30      -3.9085  -0.00093514      -1.0085   6.3801e-06     0.020534   1.2108e-05    0.0021496      -6.8027            0       118.82       1.0025    -0.011635            0            0            0            0            0            0            0            0            0            0         0.04            0  
          0        -10.5            0      -0.5261     0.032018     0.019894     0.012124  -8.0145e-07    -0.061522     0.003615    -0.065137  -7.2236e-06  -1.2066e-06  -4.3266e-08  -1.1633e-06      -16.431      -11.918            0      -53.826       3.2758      -8.5894  -8.1998e-05      -53.151      -7.1383    0.0020777      -52.688            0            0            0       29.945            0           30      -3.4827  -0.00086811      -1.0071   1.5428e-05     0.019229   1.1933e-05    0.0019414      -6.3227            0       98.275       1.0023    -0.010116            0            0            0            0            0            0            0            0            0            0         0.04            0  
          0          -10            0     -0.48548     0.025697     0.015372     0.010325  -1.3048e-06    -0.061438    0.0035314    -0.064969  -6.6951e-06   -1.054e-06  -3.8215e-08  -1.0158e-06      -18.892      -13.164            0       -49.67       2.6291      -7.5848   -0.0001335      -49.099      -6.2656    0.0020688      -48.685            0            0            0       29.958            0           30      -3.0299  -0.00080345      -1.0057   1.4791e-05     0.017685     1.18e-05    0.0016928        -5.84            0       78.873       1.0022   -0.0085858            0            0            0            0            0            0            0            0            0            0         0.04            0  
          0         -9.5            0     -0.44476     0.020071     0.011404    0.0086664  -1.8095e-06    -0.061351    0.0034574    -0.064808  -6.1843e-06  -8.9165e-07  -9.5372e-09  -8.8211e-07       -22.16      -14.778            0      -45.504       2.0535      -6.6358  -0.00018514      -45.027      -5.4429    0.0020497       -44.66            0            0            0       29.969            0           30      -2.5838  -0.00074117      -1.0043   1.6767e-05     0.015839   1.1721e-05    0.0013924       -5.355            0       61.604       1.0021   -0.0070445            0            0            0            0            0            0            0            0            0            0         0.04            0  
          0           -9            0     -0.40396     0.016009    0.0088598    0.0071489  -2.3155e-06    -0.061246    0.0034088    -0.064655  -5.6914e-06  -6.4755e-07   1.1434e-07  -7.6189e-07      -25.234      -16.038            0       -41.33       1.6379       -5.743   -0.0002369      -40.935      -4.6705    0.0020203      -40.615            0            0            0       29.976            0           30      -2.2694  -0.00068129      -1.0026    2.976e-05     0.013598   1.1711e-05    0.0010244      -4.8677            0       49.137       1.0022   -0.0054929            0            0            0            0            0            0            0            0            0            0         0.04            0  
          0         -8.5            0     -0.36308     0.011916    0.0061422    0.0057742  -2.8224e-06    -0.061152    0.0033568    -0.064508  -5.2169e-06   -5.929e-07    6.173e-08  -6.5463e-07      -30.469      -18.359            0      -37.147       1.2192      -4.9064  -0.00028877      -36.826      -3.9486    0.0019806       -36.55            0            0            0       29.984            0           30      -1.8798  -0.00062383       -1.001   2.1922e-05      0.01083   1.1796e-05   0.00056601      -4.3783            0       36.576       1.0023   -0.0039319            0            0            0            0            0            0            0            0            0            0         0.04            0  
          0           -8            0     -0.32212    0.0095009    0.0049572    0.0045436  -3.3302e-06    -0.061037    0.0033323    -0.064369  -4.7611e-06  -4.4074e-07   1.1911e-07  -5.5985e-07      -33.904      -19.243            0      -32.957      0.97205      -4.1264  -0.00034072      -32.701      -3.2775    0.0019307      -32.468            0            0            0       29.987            0           30      -1.6894   -0.0005688     -0.99917   2.6842e-05    0.0073334   1.2013e-05  -1.7601e-05       -3.887            0       29.162       1.0026   -0.0023622            0            0            0            0            0            0            0            0            0            0         0.04            0  
          0         -7.5            0      -0.2811    0.0081076    0.0046493    0.0034584  -3.8388e-06    -0.060915    0.0033234    -0.064238  -4.3244e-06  -4.6417e-07   1.2862e-08  -4.7704e-07      -34.671      -18.382            0       -28.76      0.82951      -3.4031  -0.00039276       -28.56      -2.6573    0.0018705      -28.368            0            0            0       29.988            0           30      -1.6521  -0.00051623     -0.99717   1.2372e-05    0.0027914   1.2419e-05  -0.00078142      -3.3938            0       24.885       1.0031  -0.00078466            0            0            0            0            0            0            0            0            0            0         0.04            0  
          0           -7            0     -0.24002    0.0071742    0.0046547    0.0025196  -4.3479e-06    -0.060794      0.00332    -0.064114  -3.9072e-06   -3.666e-07   3.9095e-08  -4.0569e-07      -33.456      -16.391            0      -24.557      0.73401      -2.7369  -0.00044485      -24.405      -2.0883    0.0018001      -24.253            0            0            0       29.987            0           30      -1.7121  -0.00046613     -0.99519   1.3328e-05   -0.0033331   1.3112e-05   -0.0018182      -2.8989            0        22.02       1.0039   0.00080003            0            0            0            0            0            0            0            0            0            0         0.04            0  
          0         -6.5            0     -0.19889    0.0068928    0.0051646    0.0017282  -4.8575e-06    -0.060672    0.0033256    -0.063997  -3.5098e-06  -3.1091e-07   3.4388e-08   -3.453e-07      -28.855      -12.868            0      -20.349      0.70521      -2.1279  -0.00049698      -20.238      -1.5706    0.0017196      -20.124            0            0            0       29.982            0           30      -1.9849  -0.00041851     -0.99319   1.0492e-05    -0.012022   1.4272e-05   -0.0032978      -2.4026            0       21.156        1.005     0.002391            0            0            0            0            0            0            0            0            0            0         0.04            0  
          0           -6            0     -0.15772    0.0076407    0.0065556    0.0010851  -5.3673e-06    -0.060541    0.0033469    -0.063888  -3.1324e-06  -2.4174e-07   5.3593e-08  -2.9533e-07      -20.642      -8.1975            0      -16.136      0.78173      -1.5763  -0.00054914      -16.059      -1.1043    0.0016288      -15.982            0            0            0       29.965            0           30      -2.7736  -0.00037338     -0.99105   1.0326e-05    -0.025283   1.6266e-05   -0.0055676      -1.9049            0       23.452       1.0065    0.0039875            0            0            0            0            0            0            0            0            0            0         0.04            0  
          0         -5.5            0      -0.1165     0.014221      0.01363   0.00059112  -5.8772e-06    -0.060314     0.003472    -0.063786  -2.7754e-06  -1.3132e-07   1.2394e-07  -2.5526e-07      -8.1923      -2.7962            0       -11.92        1.455      -1.0822  -0.00060131       -11.87     -0.68967    0.0015279      -11.827            0            0            0       29.779            0           30      -6.9594  -0.00033077     -0.98734   1.6056e-05    -0.047972   1.9979e-05   -0.0094669       -1.406            0       43.649       1.0081    0.0055888            0            0            0            0            0            0            0            0            0            0         0.04            0  
          0           -5            0    -0.075258     0.015264     0.015017   0.00024691  -6.3871e-06    -0.060199     0.003493    -0.063692   -2.439e-06  -2.6098e-07  -3.6438e-08  -2.2455e-07      -4.9304      -1.3526            0      -7.6998       1.5617     -0.64591  -0.00065348      -7.6727     -0.32677    0.0014169      -7.6627            0            0            0       29.401            0           30      -11.465  -0.00029069     -0.98545  -5.6274e-06     -0.09559   2.8242e-05    -0.017677     -0.90602            0       46.851       1.0071    0.0071939            0            0            0            0            0            0            0            0            0            0         0.04            0  
          0         -4.5            0     -0.03399     0.014191     0.014138   5.2996e-05  -6.8968e-06    -0.060133    0.0034723    -0.063606  -2.1236e-06  -2.4056e-07  -3.7922e-08  -2.0264e-07      -2.3952      -0.4416            0      -3.4776       1.4519     -0.26744  -0.00070563      -3.4673    -0.015724    0.0012959      -3.4886            0            0            0       27.684            0           30       -22.66  -0.00025314     -0.98438  -8.6877e-06     -0.25896   5.7637e-05    -0.045904     -0.40514            0       43.556      0.95715    0.0088022            0            0            0            0            0            0            0            0            0            0         0.04            0  
          0           -4            0    0.0072939     0.013199     0.013189    9.821e-06  -7.4061e-06    -0.060077      0.00345    -0.063527  -1.8293e-06  -2.2093e-07  -3.1949e-08  -1.8898e-07      0.55261     0.047196       11.709      0.74625       1.3504     0.053058  -0.00075774      0.74437      0.24338    0.0011647      0.69345            0            0            0        14.51            0           30       61.074  -0.00021814     -0.98345  -1.1012e-05       1.4276  -0.00025069      0.24579     0.096646            0       40.512      0.23784     0.010413            0            0            0            0            0            0            0            0            0            0         0.04            0  
          0         -3.5            0     0.048587     0.012507     0.012389    0.0001177  -7.9149e-06    -0.060025    0.0034302    -0.063455  -1.5564e-06  -2.1087e-07  -2.7856e-08  -1.8302e-07       3.8849      0.85634       4.5367       4.9711       1.2796       0.3155  -0.00080979       4.9611      0.45046    0.0010236       4.8822            0            0            0       29.053            0           30       14.435   -0.0001857     -0.98261  -1.3703e-05      0.24749  -3.5684e-05     0.041732      0.59886            0       38.388      0.88063     0.012025            0            0            0            0            0            0            0            0            0            0         0.04            0  
          0           -3            0     0.089883     0.012134     0.011757   0.00037683  -8.4231e-06    -0.059979    0.0034131    -0.063392  -1.3052e-06  -2.0831e-07   -2.413e-08  -1.8418e-07       7.4078       2.2209       3.3355       9.1962       1.2414      0.51979  -0.00086178       9.1815      0.60546   0.00087253       9.0765            0            0            0        29.73            0           30       7.6881  -0.00015583     -0.98185  -1.6582e-05      0.15172  -1.8635e-05     0.025199       1.1015            0       37.243       0.9413     0.013637            0            0            0            0            0            0            0            0            0            0         0.04            0  
          0         -2.5            0      0.13117     0.011799     0.011011    0.0007873  -8.9304e-06    -0.059942    0.0033937    -0.063336  -1.0757e-06  -2.1664e-07   -2.474e-08   -1.919e-07       11.118       4.0266       2.7611       13.421       1.2071      0.66588  -0.00091369       13.404      0.70832   0.00071153       13.275            0            0            0       29.879            0           30       5.1397  -0.00012854     -0.98125  -2.0118e-05      0.11626  -1.2594e-05     0.019094       1.6045            0       36.214      0.95956      0.01525            0            0            0            0            0            0            0            0            0            0         0.04            0  
          0           -2            0      0.17245     0.011557     0.010208    0.0013491  -9.4368e-06    -0.059914     0.003373    -0.063287  -8.6827e-07  -2.2963e-07  -2.4032e-08   -2.056e-07       14.922       6.1966        2.408       17.644       1.1824      0.75371  -0.00096549       17.629      0.75902   0.00054067       17.476            0            0            0       29.933            0           30        3.834  -0.00010384      -0.9808   -2.364e-05     0.097773  -9.6543e-06     0.015926       2.1075            0       35.473      0.96788     0.016861            0            0            0            0            0            0            0            0            0            0         0.04            0  
          0         -1.5            0      0.21371     0.011727    0.0096652     0.002062   -9.942e-06     -0.05989    0.0033568    -0.063247  -6.8297e-07  -2.3191e-07  -7.2142e-09   -2.247e-07       18.224       8.4247       2.1631       21.866       1.1998      0.78327   -0.0010172       21.853      0.75753      0.00036       21.679            0            0            0       29.955            0           30       3.1409  -8.1726e-05      -0.9804  -2.5393e-05     0.086429  -8.0181e-06     0.013993       2.6106            0       35.995      0.97249     0.018471            0            0            0            0            0            0            0            0            0            0         0.04            0  
          0           -1            0      0.25495     0.012431     0.009505    0.0029259  -1.0446e-05    -0.059867    0.0033473    -0.063214  -5.1997e-07   -2.548e-07  -6.1891e-09  -2.4861e-07       20.509       10.356       1.9805       26.084       1.2718      0.75454   -0.0010687       26.075      0.70387   0.00016956       25.882            0            0            0       29.964            0           30       2.7914  -6.2217e-05     -0.98001  -2.9159e-05     0.078754  -7.0521e-06     0.012696       3.1135            0       38.155      0.97535     0.020078            0            0            0            0            0            0            0            0            0            0         0.04            0  
          0         -0.5            0      0.29615     0.013417    0.0094766    0.0039403  -1.0948e-05    -0.059849      0.00334    -0.063189  -3.7941e-07  -2.8339e-07  -6.6422e-09  -2.7675e-07       22.073       12.012       1.8376         30.3       1.3727      0.66753   -0.0011202       30.295      0.59804  -3.0568e-05       30.085            0            0            0       29.969            0           30        2.594  -4.5314e-05     -0.97972   -3.324e-05     0.073213   -6.476e-06     0.011768       3.6161            0       41.181      0.97725     0.021682            0            0            0            0            0            0            0            0            0            0         0.04            0  
          0            0            0      0.33731     0.014662    0.0095576    0.0051047  -1.1449e-05    -0.059837    0.0033345    -0.063171   -2.614e-07  -3.1601e-07  -7.4858e-09  -3.0852e-07       23.005       13.361       1.7218       34.511       1.5001      0.52227   -0.0011714       34.511      0.44008  -0.00024034       34.285            0            0            0       29.972            0           30        2.489  -3.1024e-05     -0.97953  -3.7505e-05     0.069021  -6.1463e-06     0.011074       4.1182            0       45.004      0.97859     0.023281            0            0            0            0            0            0            0            0            0            0         0.04            0  
          0          0.5            0      0.37842     0.016119    0.0097005    0.0064186  -1.1948e-05    -0.059832    0.0033298    -0.063162  -1.6604e-07  -3.5126e-07  -7.9209e-09  -3.4333e-07       23.477       14.442       1.6256       38.717       1.6492      0.31881   -0.0012225       38.722      0.23004  -0.00045968       38.482            0            0            0       29.973            0           30       2.4391   -1.935e-05     -0.97944  -4.1858e-05     0.065736  -5.9822e-06     0.010538       4.6197            0       49.475      0.97956     0.024876            0            0            0            0            0            0            0            0            0            0         0.04            0  
          0            1            0      0.41948     0.017769    0.0098878    0.0078812  -1.2446e-05    -0.059834    0.0033257     -0.06316   -9.341e-08  -3.8842e-07  -7.8388e-09  -3.8059e-07       23.608        15.29        1.544       42.918        1.818     0.057193   -0.0012733       42.926    -0.032023  -0.00068853       42.673            0            0            0       29.973            0           30       2.4256  -1.0296e-05     -0.97948  -4.6285e-05     0.063088  -5.9347e-06     0.010112       5.1204            0       54.539      0.98028     0.026464            0            0            0            0            0            0            0            0            0            0         0.04            0  
          0          1.5            0      0.46048     0.019567     0.010075    0.0094917  -1.2941e-05    -0.059844    0.0033214    -0.063166  -4.3566e-08  -4.2421e-07  -4.5308e-09  -4.1968e-07       23.534        15.97       1.4736       47.113       2.0019     -0.26249    -0.001324       47.122     -0.34603  -0.00092682       46.859            0            0            0       29.973            0           30       2.4331  -3.8649e-06     -0.97965  -5.0464e-05     0.060907   -5.972e-06     0.009768       5.6202            0       60.057      0.98082     0.028046            0            0            0            0            0            0            0            0            0            0         0.04            0  
          0            2            0      0.50141     0.021518     0.010269     0.011249  -1.3434e-05    -0.059862    0.0033169    -0.063179  -1.6558e-08  -4.6538e-07  -5.3634e-09  -4.6002e-07       23.302         16.5       1.4122         51.3       2.2015     -0.64013   -0.0013745       51.309     -0.71187   -0.0011745       51.038            0            0            0       29.972            0           30       2.4573  -5.8569e-08     -0.97994  -5.5267e-05     0.059075  -6.0731e-06    0.0094846       6.1188            0       66.046      0.98125     0.029621            0            0            0            0            0            0            0            0            0            0         0.04            0  
          0          2.5            0      0.54226     0.023643      0.01049     0.013152  -1.3925e-05    -0.059888    0.0033127      -0.0632  -1.2412e-08  -5.0462e-07  -3.6289e-09  -5.0099e-07       22.936       16.889        1.358        55.48        2.419      -1.0756   -0.0014247       55.486      -1.1294   -0.0014314       55.207            0            0            0       29.972            0           30       2.4965   1.1219e-06     -0.98036  -5.9897e-05     0.057513   -6.223e-06    0.0092484       6.6163            0       72.569      0.98158     0.031187            0            0            0            0            0            0            0            0            0            0         0.04            0  
          0            3            0      0.58304     0.025976     0.010775     0.015201  -1.4413e-05     -0.05992    0.0033093     -0.06323  -3.1138e-08  -5.4199e-07   2.0789e-11  -5.4201e-07       22.445       17.139       1.3096       59.652       2.6576      -1.5689   -0.0014746       59.651      -1.5986   -0.0016976       59.367            0            0            0        29.97            0           30        2.551  -3.2387e-07     -0.98089  -6.4429e-05     0.056161  -6.4112e-06    0.0090492       7.1123            0       79.729      0.98185     0.032744            0            0            0            0            0            0            0            0            0            0         0.04            0  
          0          3.5            0      0.62372     0.028559     0.011167     0.017392  -1.4898e-05    -0.059959    0.0033077    -0.063266   -7.273e-08  -5.7625e-07   6.2147e-09  -5.8246e-07       21.839       17.248       1.2662       63.814        2.922      -2.1196   -0.0015243       63.803      -2.1193   -0.0019729       63.516            0            0            0       29.969            0           30       2.6217  -4.3955e-06     -0.98152  -6.8789e-05     0.054979  -6.6297e-06    0.0088798       7.6069            0       87.659      0.98206     0.034291            0            0            0            0            0            0            0            0            0            0         0.04            0  
          0            4            0       0.6643     0.031333     0.011608     0.019726  -1.5381e-05    -0.060004    0.0033067    -0.063311  -1.3716e-07  -6.1583e-07   5.9191e-09  -6.2175e-07       21.201        17.28       1.2269       67.966       3.2058      -2.7278   -0.0015737       67.942      -2.6912   -0.0022572       67.653            0            0            0       29.967            0           30       2.7005  -1.1092e-05     -0.98226  -7.4045e-05     0.053933  -6.8726e-06    0.0087345       8.0997            0       96.174      0.98224     0.035828            0            0            0            0            0            0            0            0            0            0         0.04            0  
          0          4.5            0      0.70479     0.034268     0.012068       0.0222  -1.5861e-05    -0.060057    0.0033058    -0.063363  -2.2439e-07  -6.5398e-07   5.2947e-09  -6.5927e-07       20.567       17.267       1.1912       72.108        3.506      -3.3933   -0.0016228       72.064      -3.3143   -0.0025505       71.776            0            0            0       29.965            0           30       2.7836   -2.041e-05     -0.98313  -7.9465e-05     0.052999  -7.1353e-06    0.0086091       8.5907            0       105.18      0.98239     0.037353            0            0            0            0            0            0            0            0            0            0         0.04            0  
          0            5            0      0.74516     0.037384     0.012571     0.024813  -1.6338e-05    -0.060117    0.0033055    -0.063423  -3.3436e-07  -6.8858e-07   5.8526e-09  -6.9443e-07       19.933       17.206       1.1584       76.239       3.8248      -4.1157   -0.0016715        76.17      -3.9883   -0.0028527       75.883            0            0            0       29.962            0           30       2.8721  -3.2349e-05     -0.98411  -8.4869e-05     0.052158  -7.4142e-06    0.0085003       9.0797            0       114.75      0.98251     0.038866            0            0            0            0            0            0            0            0            0            0         0.04            0  
          0          5.5            0      0.78542     0.040781     0.013218     0.027563  -1.6811e-05    -0.060183    0.0033075     -0.06349  -4.6699e-07  -7.1277e-07   1.3855e-08  -7.2663e-07        19.26       17.069       1.1284       80.358       4.1724      -4.8949     -0.00172       80.258      -4.7131   -0.0031636       79.975            0            0            0        29.96            0           30       2.9723  -4.6903e-05     -0.98519  -8.9516e-05     0.051395  -7.7064e-06    0.0084055       9.5665            0       125.17      0.98263     0.040366            0            0            0            0            0            0            0            0            0            0         0.04            0  
          0            6            0      0.82555     0.044465     0.014016     0.030449  -1.7281e-05    -0.060253     0.003312    -0.063565   -6.222e-07  -7.3726e-07   1.8005e-08  -7.5526e-07       18.566       16.869       1.1006       84.464       4.5493      -5.7307   -0.0017681       84.327      -5.4884   -0.0034832       84.049            0            0            0       29.957            0           30        3.083  -6.4069e-05     -0.98634  -9.4739e-05     0.050697  -8.0097e-06    0.0083224       10.051            0       136.48      0.98273     0.041853            0            0            0            0            0            0            0            0            0            0         0.04            0  
          0          6.5            0      0.86556     0.048253     0.014785     0.033468  -1.7748e-05    -0.060332    0.0033156    -0.063648  -7.9985e-07  -7.7034e-07   9.4099e-09  -7.7975e-07       17.938       16.689       1.0749       88.557       4.9369      -6.6228   -0.0018158       88.375      -6.3139   -0.0038114       88.105            0            0            0       29.953            0           30       3.1908  -8.3842e-05     -0.98764  -0.00010158     0.050054  -8.3221e-06    0.0082495       10.533            0       148.11      0.98282     0.043325            0            0            0            0            0            0            0            0            0            0         0.04            0  
          0            7            0      0.90543     0.052253     0.015634     0.036619  -1.8211e-05    -0.060418    0.0033205    -0.063738  -9.9984e-07  -7.8732e-07   1.2185e-08   -7.995e-07       17.328       16.488       1.0509       92.636       5.3461      -7.5709   -0.0018632       92.402      -7.1895   -0.0041481       92.141            0            0            0        29.95            0           30       3.3029  -0.00010621     -0.98904  -0.00010721     0.049459  -8.6421e-06    0.0081852       11.013            0       160.38      0.98292     0.044782            0            0            0            0            0            0            0            0            0            0         0.04            0  
          0          7.5            0      0.94515      0.05624     0.016341     0.039899   -1.867e-05    -0.060514    0.0033225    -0.063836   -1.222e-06  -8.1751e-07  -3.5884e-09  -8.1392e-07       16.806       16.338       1.0286         96.7        5.754      -8.5747   -0.0019101       96.406      -8.1148   -0.0044932       96.155            0            0            0       29.947            0           30       3.4053  -0.00013118     -0.99061  -0.00011512     0.048905  -8.9683e-06    0.0081285        11.49            0       172.62      0.98301     0.046223            0            0            0            0            0            0            0            0            0            0         0.04            0  
          0            8            0      0.98473     0.060402     0.017096     0.043306  -1.9125e-05    -0.060617    0.0033251    -0.063942  -1.4662e-06  -8.2491e-07  -2.4691e-09  -8.2244e-07       16.303       16.178       1.0077       100.75       6.1799       -9.634   -0.0019567       100.39      -9.0896   -0.0048466       100.15            0            0            0       29.944            0           30       3.5101  -0.00015873     -0.99229  -0.00012117     0.048386  -9.2996e-06    0.0080784       11.964            0        185.4       0.9831     0.047647            0            0            0            0            0            0            0            0            0            0         0.04            0  
          0          8.5            0       1.0241      0.06466     0.017822     0.046838  -1.9576e-05    -0.060728    0.0033268    -0.064055  -1.7322e-06  -8.3092e-07  -6.4475e-09  -8.2447e-07       15.839       16.029      0.98814       104.78       6.6155      -10.748   -0.0020029       104.34      -10.114   -0.0052081       104.12            0            0            0        29.94            0           30       3.6126  -0.00018886     -0.99411  -0.00012792     0.047897  -9.6352e-06     0.008034       12.435            0       198.46       0.9832     0.049054            0            0            0            0            0            0            0            0            0            0         0.04            0  
          0            9            0       1.0634     0.068802      0.01831     0.050492  -2.0023e-05    -0.060851     0.003324    -0.064175  -2.0199e-06  -8.4674e-07  -2.7296e-08  -8.1944e-07       15.456       15.939      0.96973        108.8       7.0393      -11.918   -0.0020486       108.27      -11.186   -0.0055777       108.06            0            0            0       29.937            0           30       3.7019  -0.00022156     -0.99613  -0.00013676     0.047435  -9.9741e-06    0.0079946       12.902            0       211.18      0.98331     0.050443            0            0            0            0            0            0            0            0            0            0         0.04            0  
          0          9.5            0       1.1025     0.073098     0.018832     0.054266  -2.0465e-05    -0.060981    0.0033214    -0.064303   -2.329e-06  -8.3084e-07  -2.4051e-08  -8.0679e-07       15.083       15.837      0.95238        112.8       7.4788      -13.141   -0.0020938       112.17      -12.308   -0.0059553       111.98            0            0            0       29.934            0           30       3.7933  -0.00025682     -0.99826  -0.00014287     0.046996  -1.0316e-05    0.0079597       13.367            0       224.36      0.98342     0.051813            0            0            0            0            0            0            0            0            0            0         0.04            0  
          0           10            0       1.1414     0.077861     0.019704     0.058157  -2.0903e-05    -0.061113     0.003325    -0.064438  -2.6593e-06  -7.7025e-07   1.5698e-08  -7.8595e-07        14.66       15.662      0.93601       116.78       7.9661      -14.419   -0.0021387       116.04      -13.477   -0.0063406       115.87            0            0            0        29.93            0           30       3.9024  -0.00029462      -1.0004  -0.00014483     0.046577  -1.0659e-05    0.0079288       13.828            0       238.98      0.98354     0.053164            0            0            0            0            0            0            0            0            0            0         0.04            0  
          0         10.5            0       1.1801     0.083022     0.020859     0.062163  -2.1337e-05    -0.061247    0.0033334    -0.064581  -3.0106e-06  -7.3372e-07   2.2649e-08  -7.5637e-07       14.215       15.442      0.92052       120.74       8.4942       -15.75    -0.002183       119.88      -14.695   -0.0067337       119.73            0            0            0       29.926            0           30       4.0241  -0.00033496      -1.0026  -0.00015073     0.046176  -1.1004e-05    0.0079013       14.285            0       254.83      0.98367     0.054495            0            0            0            0            0            0            0            0            0            0         0.04            0  
          0           11            0       1.2187      0.08846      0.02218     0.066281  -2.1765e-05    -0.061386    0.0033444    -0.064731  -3.3826e-06  -6.8511e-07   3.2381e-08   -7.175e-07       13.777       15.209      0.90584       124.69       9.0506      -17.135   -0.0022269       123.69       -15.96   -0.0071344       123.56            0            0            0       29.921            0           30       4.1516  -0.00037783      -1.0049  -0.00015642      0.04579   -1.135e-05     0.007877       14.739            0       271.52      0.98382     0.055805            0            0            0            0            0            0            0            0            0            0         0.04            0  
          0         11.5            0       1.2571     0.094127      0.02362     0.070507  -2.2189e-05    -0.061531    0.0033573    -0.064888   -3.775e-06  -6.2657e-07   4.2221e-08  -6.6879e-07       13.355       14.973      0.89191       128.61       9.6304      -18.572   -0.0022702       127.47      -17.272   -0.0075426       127.37            0            0            0       29.916            0           30       4.2823   -0.0004232      -1.0073  -0.00016219     0.045418  -1.1697e-05    0.0078554       15.189            0       288.91      0.98398     0.057093            0            0            0            0            0            0            0            0            0            0         0.04            0  
          0           12            0       1.2952      0.10003     0.025188     0.074839  -2.2608e-05     -0.06168    0.0033721    -0.065052  -4.1875e-06  -5.5312e-07   5.6603e-08  -6.0972e-07       12.949       14.736      0.87868       132.52       10.234      -20.062   -0.0023131       131.21      -18.631   -0.0079581       131.14            0            0            0       29.911            0           30       4.4161  -0.00047108      -1.0097  -0.00016754     0.045058  -1.2044e-05    0.0078363       15.635            0       307.02      0.98415      0.05836            0            0            0            0            0            0            0            0            0            0         0.04            0  
          0         12.5            0       1.3332      0.10618     0.026901     0.079275  -2.3021e-05    -0.061835    0.0033892    -0.065224  -4.6198e-06  -5.0136e-07   3.8391e-08  -5.3976e-07       12.556       14.498      0.86608        136.4       10.863      -21.604   -0.0023554       134.92      -20.035   -0.0083809       134.87            0            0            0       29.905            0           30       4.5535  -0.00052143      -1.0122  -0.00017676     0.044709   -1.239e-05    0.0078195       16.077            0       325.89      0.98434     0.059604            0            0            0            0            0            0            0            0            0            0         0.04            0  
          0           13            0       1.3709       0.1127     0.028892     0.083809   -2.343e-05    -0.061992    0.0034109    -0.065402  -5.0717e-06  -4.1082e-07   4.7558e-08  -4.5838e-07       12.164       14.242      0.85407       140.26       11.531      -23.197   -0.0023971       138.59      -21.486   -0.0088107       138.58            0            0            0       29.899            0           30       4.6997  -0.00057425      -1.0148  -0.00018291     0.044369  -1.2736e-05    0.0078046       16.514            0       345.92      0.98455     0.060826            0            0            0            0            0            0            0            0            0            0         0.04            0  
          0         13.5            0       1.4084      0.11954     0.031101      0.08844  -2.3833e-05    -0.062152    0.0034361    -0.065588  -5.5427e-06  -2.6603e-07   9.9055e-08  -3.6508e-07       11.782       13.983      0.84262        144.1       12.231      -24.841   -0.0024384       142.23      -22.983   -0.0092475       142.24            0            0            0       29.893            0           30       4.8514  -0.00062952      -1.0174  -0.00018426     0.044037  -1.3081e-05    0.0077916       16.947            0       366.92      0.98477     0.062023            0            0            0            0            0            0            0            0            0            0         0.04            0  
          0           14            0       1.4457      0.12678     0.033613     0.093165   -2.423e-05    -0.062315    0.0034663    -0.065781  -6.0325e-06  -1.5249e-07   1.0687e-07  -2.5937e-07       11.404       13.712      0.83168       147.92       12.971      -26.536    -0.002479       145.83      -24.524   -0.0096911       145.88            0            0            0       29.885            0           30       5.0115  -0.00068723      -1.0201  -0.00019076     0.043712  -1.3425e-05    0.0077801       17.376            0       389.13      0.98501     0.063196            0            0            0            0            0            0            0            0            0            0         0.04            0  
          0         14.5            0       1.4828      0.13459     0.036612     0.097979  -2.4622e-05    -0.062476    0.0035048    -0.065981  -6.5407e-06  -2.0355e-09    1.387e-07  -1.4074e-07       11.017       13.416      0.82121       151.71        13.77       -28.28   -0.0025191       149.39      -26.109    -0.010141       149.47            0            0            0       29.877            0           30       5.1863  -0.00074735      -1.0227  -0.00019459     0.043393  -1.3768e-05    0.0077701       17.799            0       413.11      0.98528     0.064344            0            0            0            0            0            0            0            0            0            0         0.04            0  
          0           15            0       1.5197        0.143     0.040118      0.10288  -2.5008e-05    -0.062635    0.0035518    -0.066187   -7.067e-06   1.6278e-07   1.7149e-07  -8.7156e-09       10.627       13.101      0.81119       155.48        14.63      -30.074   -0.0025586       152.91      -27.739    -0.010598       153.03            0            0            0       29.868            0           30       5.3756  -0.00080988      -1.0253  -0.00019842      0.04308  -1.4109e-05    0.0077614       18.219            0       438.91      0.98556     0.065467            0            0            0            0            0            0            0            0            0            0         0.04            0  
          0         15.5            0       1.5563      0.15202     0.044155      0.10786  -2.5388e-05    -0.062793    0.0036076      -0.0664  -7.6109e-06   3.4307e-07    2.059e-07   1.3717e-07       10.238       12.771       0.8016       159.23       15.553      -31.917   -0.0025975       156.38      -29.412    -0.011062       156.54            0            0            0       29.858            0           30       5.5789  -0.00087478      -1.0279  -0.00020216     0.042771  -1.4448e-05    0.0077539       18.633            0        466.6      0.98587     0.066564            0            0            0            0            0            0            0            0            0            0         0.04            0  
          0           16            0       1.5927      0.16169     0.048762      0.11292  -2.5762e-05    -0.062948     0.003673    -0.066621  -8.1721e-06   5.6629e-07    2.689e-07   2.9738e-07       9.8502       12.431      0.79239       162.95       16.543      -33.808   -0.0026358       159.82      -31.128    -0.011531       160.02            0            0            0       29.847            0           30       5.7969  -0.00094204      -1.0304  -0.00020273     0.042466  -1.4785e-05    0.0077474       19.042            0       496.28       0.9862     0.067634            0            0            0            0            0            0            0            0            0            0         0.04            0  
          0         16.5            0       1.6288      0.17189     0.053831      0.11806   -2.613e-05    -0.063102    0.0037459    -0.066847  -8.7501e-06   7.6511e-07   2.9274e-07   4.7237e-07       9.4755       12.093      0.78355       166.64       17.587      -35.747   -0.0026734       163.21      -32.887    -0.012007       163.45            0            0            0       29.834            0           30       6.0244   -0.0010116       -1.033  -0.00020788     0.042165  -1.5119e-05    0.0077418       19.446            0        527.6      0.98655     0.068678            0            0            0            0            0            0            0            0            0            0         0.04            0  
          0           17            0       1.6646      0.18267     0.059397      0.12327  -2.6492e-05    -0.063254    0.0038268    -0.067081  -9.3445e-06   9.9382e-07   3.3126e-07   6.6256e-07       9.1129       11.758      0.77507       170.31       18.689      -37.734   -0.0027105       166.56      -34.687    -0.012489       166.84            0            0            0       29.821            0           30       6.2623   -0.0010836      -1.0355  -0.00021145     0.041867  -1.5452e-05    0.0077371       19.844            0       560.68      0.98693     0.069694            0            0            0            0            0            0            0            0            0            0         0.04            0  
          0         17.5            0       1.7003      0.19401      0.06546      0.12855  -2.6848e-05    -0.063405    0.0039157    -0.067321  -9.9548e-06   1.2335e-06   3.6514e-07    8.684e-07       8.7637       11.427      0.76691       173.96        19.85      -39.766   -0.0027468       169.86      -36.529    -0.012976       170.19            0            0            0       29.807            0           30       6.5097   -0.0011578      -1.0379  -0.00021565     0.041571  -1.5781e-05    0.0077331       20.238            0       595.49      0.98734     0.070682            0            0            0            0            0            0            0            0            0            0         0.04            0  
          0           18            0       1.7356      0.20593      0.07204      0.13389  -2.7197e-05    -0.063555    0.0040127    -0.067567  -1.0581e-05   1.4608e-06   3.7052e-07   1.0903e-06        8.428       11.103      0.75906       177.57       21.069      -41.845   -0.0027825       173.12      -38.412    -0.013469       173.49            0            0            0       29.791            0           30       6.7666   -0.0012343      -1.0404  -0.00022316     0.041278  -1.6108e-05    0.0077298       20.625            0       632.08      0.98778     0.071642            0            0            0            0            0            0            0            0            0            0         0.04            0  
          0         18.5            0       1.7707       0.2159     0.076602       0.1393  -2.7539e-05    -0.063747    0.0040736     -0.06782  -1.1221e-05   1.4728e-06   1.4416e-07   1.3286e-06       8.2015       10.914       0.7515       181.16       22.089      -43.969   -0.0028176       176.32      -40.335    -0.013968       176.74            0            0            0       29.779            0           30       6.9517    -0.001313      -1.0435  -0.00025682     0.040986  -1.6432e-05    0.0077271       21.007            0       662.67      0.98824     0.072574            0            0            0            0            0            0            0            0            0            0         0.04            0  
          0           19            0       1.8055      0.21721     0.072452      0.14475  -2.7875e-05    -0.064098    0.0039815    -0.068079  -1.1877e-05   4.6967e-07  -1.1142e-06   1.5838e-06       8.3124       11.169      0.74422       184.73       22.223      -46.138    -0.002852       179.48      -42.298    -0.014472       179.95            0            0            0       29.785            0           30       6.8598    -0.001394      -1.0493   -0.0004062     0.040695  -1.6752e-05    0.0077249       21.383            0       666.69      0.98874     0.073476            0            0            0            0            0            0            0            0            0            0         0.04            0  
          0         19.5            0       1.8401      0.22882     0.078555      0.15027  -2.8204e-05    -0.064277     0.004068    -0.068345  -1.2546e-05   2.2793e-06   4.2308e-07   1.8562e-06       8.0414       10.908       0.7372       188.26       23.411       -48.35   -0.0028856       182.59      -44.299    -0.014982       183.11            0            0            0       29.771            0           30       7.0887   -0.0014771      -1.0522  -0.00024204     0.040406   -1.707e-05    0.0077232       21.754            0       702.34      0.98926     0.074349            0            0            0            0            0            0            0            0            0            0         0.04            0  
          0           20            0       1.8743      0.25209     0.096267      0.15583  -2.8527e-05    -0.064261    0.0043551    -0.068616  -1.3229e-05   3.7908e-06   1.6445e-06   2.1462e-06        7.435       10.179      0.73043       191.77       25.792      -50.606   -0.0029186       185.65       -46.34    -0.015496       186.23            0            0            0       29.732            0           30       7.6602   -0.0015625       -1.052  -0.00011422     0.040117  -1.7384e-05    0.0077219       22.118            0       773.76      0.98982     0.075192            0            0            0            0            0            0            0            0            0            0         0.04            0  
          0         20.5            0       1.9083         0.26     0.098574      0.16143  -2.8842e-05    -0.064521    0.0043734    -0.068894  -1.3925e-05   3.0997e-06   6.4555e-07   2.4542e-06       7.3395       10.139       0.7239       195.24       26.602      -52.905   -0.0029509       188.66      -48.418    -0.016016       189.29            0            0            0       29.725            0           30       7.7588   -0.0016499      -1.0562  -0.00023417     0.039829  -1.7694e-05    0.0077209       22.476            0       798.05      0.99041     0.076005            0            0            0            0            0            0            0            0            0            0         0.04            0  
          0           21            0        1.942      0.26437     0.097296      0.16708   -2.915e-05    -0.064848    0.0043293    -0.069178  -1.4633e-05   2.7229e-06  -5.7498e-08   2.7804e-06       7.3457       10.237      0.71759       198.69       27.048      -55.245   -0.0029824       191.62      -50.533     -0.01654        192.3            0            0            0       29.726            0           30       7.7523   -0.0017396      -1.0616  -0.00032067      0.03954     -1.8e-05    0.0077202       22.828            0       811.45      0.99104     0.076787            0            0            0            0            0            0            0            0            0            0         0.04            0  
          0         21.5            0       1.9754      0.27117     0.098416      0.17276  -2.9451e-05    -0.065141    0.0043262    -0.069467  -1.5353e-05   3.7594e-06   6.3426e-07   3.1252e-06       7.2846       10.238       0.7115       202.11       27.744      -57.627   -0.0030132       194.52      -52.684    -0.017069       195.26            0            0            0       29.721            0           30       7.8165   -0.0018313      -1.0664  -0.00025268     0.039252  -1.8303e-05    0.0077197       23.174            0       832.32      0.99171     0.077539            0            0            0            0            0            0            0            0            0            0         0.04            0  
          0           22            0       2.0085      0.28834      0.10988      0.17847  -2.9745e-05    -0.065263    0.0044999    -0.069763  -1.6084e-05   4.6462e-06   1.1573e-06   3.4889e-06       6.9656       9.8717      0.70561       205.49       29.501      -60.049   -0.0030433       197.37      -54.872    -0.017602       198.17            0            0            0       29.696            0           30       8.1697    -0.001925      -1.0683  -0.00020383     0.038964  -1.8601e-05    0.0077194       23.513            0       885.03      0.99241     0.078259            0            0            0            0            0            0            0            0            0            0         0.04            0  
          0         22.5            0       2.0413      0.31107      0.12686      0.18421  -3.0032e-05    -0.065298    0.0047661    -0.070064  -1.6827e-05   5.1816e-06   1.3098e-06   3.8718e-06       6.5623       9.3757      0.69992       208.85       31.826      -62.511   -0.0030726       200.16      -57.095     -0.01814       201.02            0            0            0       29.658            0           30       8.6645   -0.0020209      -1.0689  -0.00019608     0.038676  -1.8896e-05    0.0077193       23.846            0       954.77      0.99315     0.078948            0            0            0            0            0            0            0            0            0            0         0.04            0  
          0           23            0       2.0738      0.33118      0.14121      0.18997  -3.0311e-05    -0.065385    0.0049852    -0.070371  -1.7579e-05   5.8789e-06   1.6048e-06   4.2742e-06       6.2619       9.0175      0.69441       212.17       33.884      -65.012   -0.0031012        202.9      -59.353    -0.018681       203.82            0            0            0       29.625            0           30       9.0734   -0.0021187      -1.0704  -0.00017294     0.038387  -1.9186e-05    0.0077193       24.172            0       1016.5      0.99394     0.079606            0            0            0            0            0            0            0            0            0            0         0.04            0  
          0         23.5            0        2.106      0.34692      0.15117      0.19575  -3.0583e-05    -0.065555    0.0051276    -0.070683  -1.8341e-05   6.1241e-06   1.4278e-06   4.6963e-06       6.0706       8.8096      0.68908       215.47       35.494      -67.551    -0.003129       205.58      -61.644    -0.019227       206.57            0            0            0       29.601            0           30       9.3543   -0.0022185      -1.0731  -0.00020146     0.038097  -1.9471e-05    0.0077193       24.492            0       1064.8      0.99476     0.080232            0            0            0            0            0            0            0            0            0            0         0.04            0  
          0           24            0       2.1379      0.35933      0.15778      0.20155  -3.0847e-05    -0.065789     0.005212    -0.071001  -1.9113e-05   5.1421e-06   3.7487e-09   5.1384e-06       5.9496       8.6993      0.68392       218.73       36.764      -70.128    -0.003156       208.21      -63.968    -0.019776       209.25            0            0            0       29.585            0           30        9.541   -0.0023203       -1.077  -0.00036509     0.037806  -1.9752e-05    0.0077195       24.804            0       1102.9      0.99563     0.080826            0            0            0            0            0            0            0            0            0            0         0.04            0  
          0         24.5            0       2.1695      0.37413      0.16678      0.20736  -3.1104e-05    -0.065989    0.0053352    -0.071324  -1.9892e-05   5.2749e-06  -3.2579e-07   5.6007e-06       5.7986       8.5409      0.67893       221.96       38.278      -72.741   -0.0031823       210.77      -66.325    -0.020329       211.89            0            0            0       29.564            0           30       9.7847   -0.0024239      -1.0802  -0.00040936     0.037515  -2.0029e-05    0.0077196        25.11            0       1148.4      0.99655     0.081387            0            0            0            0            0            0            0            0            0            0         0.04            0  
          0           25            0       2.2007      0.38931      0.17614      0.21317  -3.1352e-05    -0.066189     0.005463    -0.071652   -2.068e-05   7.0195e-06     9.36e-07   6.0835e-06       5.6529       8.3859      0.67409       225.16       39.831      -75.391   -0.0032077       213.28      -68.714    -0.020886       214.46            0            0            0       29.541            0           30       10.032   -0.0025295      -1.0835   -0.0002822     0.037222    -2.03e-05    0.0077197       25.408            0       1194.9      0.99751     0.081916            0            0            0            0            0            0            0            0            0            0         0.04            0  
          0         25.5            0       2.2317      0.39814      0.17915      0.21899  -3.1593e-05    -0.066503     0.005483    -0.071986  -2.1475e-05   7.1459e-06     5.59e-07   6.5869e-06       5.6053       8.3736       0.6694       228.33       40.734      -78.075   -0.0032324       215.73      -71.134    -0.021446       216.98            0            0            0       29.534            0           30       10.115   -0.0026369      -1.0886  -0.00033174     0.036929  -2.0567e-05    0.0077198         25.7            0         1222      0.99852     0.082413            0            0            0            0            0            0            0            0            0            0         0.04            0  
          0           26            0       2.2623      0.40755      0.18276       0.2248  -3.1826e-05    -0.066812    0.0055121    -0.072324  -2.2276e-05    6.374e-06   -7.371e-07   7.1111e-06       5.5509       8.3491      0.66485       231.46       41.698      -80.794   -0.0032562       218.12      -73.584    -0.022008       219.43            0            0            0       29.525            0           30       10.212   -0.0027462      -1.0937  -0.00047902     0.036634  -2.0829e-05    0.0077198       25.984            0       1250.9      0.99958     0.082877            0            0            0            0            0            0            0            0            0            0         0.04            0  
          0         26.5            0       2.2926      0.42231      0.19171       0.2306  -3.2052e-05    -0.067039    0.0056289    -0.072668  -2.3083e-05   6.5191e-06  -1.1373e-06   7.6563e-06       5.4287       8.2197      0.66044       234.56       43.208      -83.546   -0.0032793       220.44      -76.063    -0.022574       221.83            0            0            0       29.504            0           30       10.437   -0.0028572      -1.0974  -0.00052998     0.036338  -2.1085e-05    0.0077197       26.261            0       1296.2       1.0007     0.083308            0            0            0            0            0            0            0            0            0            0         0.04            0  
          0           27            0       2.3226      0.43606      0.19966       0.2364  -3.2269e-05    -0.067289    0.0057274    -0.073016  -2.3896e-05   6.9387e-06   -1.284e-06   8.2227e-06       5.3263       8.1173      0.65617       237.63       44.614       -86.33   -0.0033015       222.71      -78.572    -0.023143       224.17            0            0            0       29.485            0           30       10.633     -0.00297      -1.1015  -0.00055379     0.036041  -2.1337e-05    0.0077194       26.531            0       1338.4       1.0019     0.083707            0            0            0            0            0            0            0            0            0            0         0.04            0  
          0         27.5            0       2.3522      0.44503      0.20285      0.24217  -3.2478e-05    -0.067623    0.0057463    -0.073369  -2.4714e-05   9.7189e-06   9.0858e-07   8.8104e-06       5.2856       8.1065      0.65202       240.66       45.531      -89.147   -0.0033229       224.91      -81.108    -0.023714       226.44            0            0            0       29.477            0           30       10.713   -0.0030845       -1.107   -0.0003312     0.035742  -2.1582e-05    0.0077191       26.793            0       1365.9       1.0031     0.084073            0            0            0            0            0            0            0            0            0            0         0.04            0  
          0           28            0       2.3815      0.45315      0.20522      0.24793  -3.2679e-05    -0.067976    0.0057508    -0.073727  -2.5535e-05   1.0314e-05   8.9435e-07   9.4194e-06       5.2555       8.1103      0.64799       243.66       46.363      -91.994   -0.0033434       227.05      -83.672    -0.024288       228.65            0            0            0       29.471            0           30       10.773   -0.0032007      -1.1128  -0.00034199     0.035442  -2.1823e-05    0.0077185       27.047            0       1390.9       1.0044     0.084405            0            0            0            0            0            0            0            0            0            0         0.04            0  
          0         28.5            0       2.4105      0.46113      0.20746      0.25366  -3.2871e-05    -0.068337    0.0057524    -0.074089   -2.636e-05   1.0872e-05   8.2175e-07    1.005e-05       5.2274        8.116      0.64409       246.62       47.179      -94.871   -0.0033631       229.12      -86.262    -0.024864        230.8            0            0            0       29.466            0           30        10.83   -0.0033185      -1.1187  -0.00035888      0.03514  -2.2058e-05    0.0077178       27.294            0       1415.4       1.0057     0.084705            0            0            0            0            0            0            0            0            0            0         0.04            0  
          0           29            0       2.4392       0.4702      0.21083      0.25937  -3.3056e-05    -0.068684    0.0057715    -0.074456  -2.7188e-05   8.6804e-06  -2.0217e-06   1.0702e-05       5.1875       8.1018      0.64029       249.56       48.107      -97.778    -0.003382       231.13      -88.877    -0.025442       232.89            0            0            0       29.458            0           30       10.911    -0.003438      -1.1244  -0.00066333     0.034836  -2.2287e-05    0.0077168       27.534            0       1443.2       1.0071     0.084972            0            0            0            0            0            0            0            0            0            0         0.04            0  
          0         29.5            0       2.4675      0.48071      0.21567      0.26504  -3.3232e-05    -0.069013    0.0058134    -0.074827  -2.8019e-05   9.3395e-06  -2.0365e-06   1.1376e-05        5.133        8.063      0.63661       252.45       49.182      -100.71      -0.0034       233.08      -91.518    -0.026021       234.91            0            0            0       29.446            0           30       11.024    -0.003559      -1.1297  -0.00067272     0.034531   -2.251e-05    0.0077157       27.765            0       1475.5       1.0086     0.085206            0            0            0            0            0            0            0            0            0            0         0.04            0  
