H2_w1_VTP
w1VTP_T5-a0.0°-30.0m/s-TriUniform-ThickSurf-x0.04m


 Ctrl        Alpha        Beta         CL           CD           CD_viscous   CD_induced   CY           Cm           Cm_viscous   Cm_pressure  Cl           Cn           Cn_viscous   Cn_pressure  CL/CD        CL^(3/2)/CD  1/sqrt(CL)   Lift_(N)     Drag_(N)     Fx_FF_(N)    Fy_FF_(N)    Fz_FF_(N)    Fx_sum_(N)   Fy_sum_(N)   Fz_sum_(N)   Extra_drag_(N)  Fuse_drag_(N)  Cf_Fuse      Vx_(m/s)     Vz_(m/s)     V_(m/s)      Gamma        L_(N.m)      M_(N.m)      N_(N.m)      CPx_(m)      CPy_(m)      CPz_(m)      BM_(N.m)     m.g.Vz_(W)   Drag_x_V_(W)  Efficiency   XCp.Cl       XNP_(m)      Phugoid_Freq._(Hz)  Phugoid_Damping  Short_Period_Freq._(Hz)  Short_Period_Damping_Ratio  Dutch_Roll_Freq._(Hz)  Dutch_Roll_Damping  Roll_Damping  Spiral_Damping  Mass_(kg)    CoG_x_(m)    CoG_z_(m)    
          0            0          -15      0.31473    -0.016132     0.020233    -0.036365      0.23048    -0.071237     0.018233     -0.08947    -0.036475     0.011355   0.00018099     0.011174      -19.509      -10.945       1.7825       32.201       4.5795      -3.7206       23.581       32.201      -2.1922       24.705         31.6            0            0            0       29.961            0           30      -2.9343       -4.329      -1.1661       1.3477     0.066896     0.026488      0.02067        4.492            0      -49.516     -0.11959     0.021054            0            0            0            0            0            0            0            0            0            0         0.04            0  
          0            0        -14.5      0.31618     -0.01447     0.019235    -0.033705      0.22348    -0.070877     0.016908    -0.087785    -0.035357     0.010989   0.00016169     0.010828      -21.851      -12.287       1.7784       32.349       4.3543      -3.4484       22.865       32.349      -2.0235       23.946       31.773            0            0            0       29.969            0           30      -2.6203      -4.1963      -1.1602       1.3042     0.067043     0.025565     0.020013       4.4899            0      -44.412     -0.13022     0.021198            0            0            0            0            0            0            0            0            0            0         0.04            0  
          0            0          -14      0.31758    -0.012902     0.018225    -0.031127      0.21641    -0.070633     0.015519    -0.086152    -0.034229     0.010623   0.00014499     0.010478      -24.615      -13.871       1.7745       32.492       4.1311      -3.1847       22.141       32.492        -1.86        23.18        31.94            0            0            0       29.975            0           30      -2.3264      -4.0624      -1.1563       1.2608     0.067184     0.024646     0.019382       4.4872            0      -39.601     -0.14226     0.021336            0            0            0            0            0            0            0            0            0            0         0.04            0  
          0            0        -13.5      0.31894    -0.011491     0.017141    -0.028632      0.20927    -0.070565     0.014008    -0.084572    -0.033091     0.010257   0.00013116     0.010126      -27.755      -15.674       1.7707       32.631       3.9036      -2.9294       21.411       32.631      -1.7018       22.408       32.102            0            0            0       29.981            0           30      -2.0635      -3.9273      -1.1551       1.2173     0.067319     0.023731     0.018777       4.4836            0      -35.271     -0.15598     0.021471            0            0            0            0            0            0            0            0            0            0         0.04            0  
          0            0          -13      0.32025    -0.010317     0.015905    -0.026222      0.20207    -0.070792     0.012253    -0.083045    -0.031944    0.0098874    0.0001161    0.0097713      -31.041      -17.567       1.7671       32.766        3.664      -2.6828       20.675       32.766      -1.5489       21.629       32.259            0            0            0       29.984            0           30      -1.8452      -3.7911      -1.1589       1.1735     0.067449     0.022821     0.018197       4.4794            0      -31.667     -0.17173     0.021601            0            0            0            0            0            0            0            0            0            0         0.04            0  
          0            0        -12.5      0.32152   -0.0092072     0.014689    -0.023896      0.19481    -0.071064     0.010508    -0.081572    -0.030787    0.0095091    9.516e-05     0.009414      -34.921      -19.801       1.7636       32.895       3.4299      -2.4449       19.932       32.895      -1.4014       20.845        32.41            0            0            0       29.988            0           30      -1.6403      -3.6539      -1.1633       1.1286     0.067573     0.021913     0.017641       4.4744            0       -28.26     -0.18993     0.021726            0            0            0            0            0            0            0            0            0            0         0.04            0  
          0            0          -12      0.32274   -0.0078797     0.013776    -0.021656      0.18749    -0.070958    0.0091954    -0.080153    -0.029622     0.009125   7.0713e-05    0.0090543      -40.958      -23.269       1.7602        33.02       3.2305      -2.2156       19.183        33.02      -1.2593       20.054       32.555            0            0            0       29.991            0           30      -1.3986      -3.5156      -1.1616        1.083     0.067691      0.02101     0.017111       4.4686            0      -24.186     -0.21118     0.021847            0            0            0            0            0            0            0            0            0            0         0.04            0  
          0            0        -11.5      0.32391   -0.0063291     0.013172    -0.019502      0.18011     -0.07046    0.0083283    -0.078788    -0.028449    0.0087502   5.7877e-05    0.0086924      -51.179      -29.128       1.7571        33.14       3.0664      -1.9952       18.428        33.14      -1.1226       19.259       32.695            0            0            0       29.994            0           30      -1.1194      -3.3764      -1.1534       1.0385     0.067804     0.020109     0.016605       4.4622            0      -19.426     -0.23621     0.021963            0            0            0            0            0            0            0            0            0            0         0.04            0  
          0            0          -11      0.32504   -0.0046976     0.012737    -0.017434      0.17268    -0.069768    0.0077105    -0.077478    -0.027267    0.0083747    4.642e-05    0.0083283      -69.193      -39.448        1.754       33.256       2.9232      -1.7837       17.667       33.256     -0.99146       18.457       32.829            0            0            0       29.997            0           30       -0.828      -3.2361      -1.1421      0.99392     0.067912     0.019212     0.016122        4.455            0      -14.419     -0.26606     0.022074            0            0            0            0            0            0            0            0            0            0         0.04            0  
          0            0        -10.5      0.32612   -0.0030564     0.012398    -0.015454      0.16519    -0.068979    0.0072449    -0.076224    -0.026078     0.008003   4.0911e-05    0.0079621       -106.7      -60.933       1.7511       33.366       2.7938      -1.5811       16.901       33.366     -0.86585       17.651       32.958            0            0            0       29.999            0           30     -0.53697       -3.095      -1.1292      0.94981     0.068014     0.018318     0.015663        4.447            0      -9.3813     -0.30215     0.022181            0            0            0            0            0            0            0            0            0            0         0.04            0  
          0            0          -10      0.32715   -0.0015055     0.012057    -0.013562      0.15766    -0.068254    0.0067706    -0.075025    -0.024882    0.0076301   3.6104e-05     0.007594      -217.31      -124.29       1.7483       33.471        2.668      -1.3876        16.13       33.471     -0.74582        16.84       33.081            0            0            0           30            0           30     -0.26366       -2.953      -1.1173      0.90555     0.068111     0.017427     0.015227       4.4384            0      -4.6208     -0.34648     0.022282            0            0            0            0            0            0            0            0            0            0         0.04            0  
          0            0         -9.5      0.32813  -4.3304e-05     0.011716    -0.011759      0.15007    -0.067589    0.0062932    -0.073882    -0.023678    0.0072549   3.0898e-05     0.007224      -7577.4      -4340.6       1.7457       33.572       2.5462      -1.2031       15.354       33.572      -0.6314       16.025       33.197            0            0            0           30            0           30   -0.0075614      -2.8102      -1.1064      0.86103     0.068203     0.016539     0.014815        4.429            0     -0.13291     -0.40201     0.022379            0            0            0            0            0            0            0            0            0            0         0.04            0  
          0            0           -9      0.32906    0.0013596     0.011404    -0.010045      0.14244    -0.066928    0.0058673    -0.072795    -0.022469    0.0068781   2.5684e-05    0.0068524       242.03       138.84       1.7432       33.667       2.4316      -1.0277       14.574       33.667     -0.52263       15.205       33.309            0            0            0           30            0           30      0.23673      -2.6666      -1.0956       0.8163     0.068289     0.015653     0.014425       4.4189            0        4.173      -0.4733     0.022472            0            0            0            0            0            0            0            0            0            0         0.04            0  
          0            0         -8.5      0.32995    0.0026959     0.011116   -0.0084201      0.13477    -0.066288    0.0054778    -0.071766    -0.021253    0.0065011   2.1954e-05    0.0064791       122.39       70.302       1.7409       33.758       2.3234     -0.86148       13.789       33.758     -0.41954       14.381       33.414            0            0            0       29.999            0           30      0.46813      -2.5223      -1.0851      0.77156     0.068371     0.014769     0.014057       4.4081            0       8.2746     -0.56766     0.022559            0            0            0            0            0            0            0            0            0            0         0.04            0  
          0            0           -8      0.33078     0.003958     0.010844   -0.0068858      0.12705    -0.065683    0.0051095    -0.070793    -0.020031    0.0061224    1.802e-05    0.0061044       83.573       48.066       1.7387       33.843        2.221      -0.7045       12.999       33.843     -0.32217       13.553       33.513            0            0            0       29.998            0           30      0.68555      -2.3773      -1.0752      0.72662     0.068447     0.013888     0.013712       4.3965            0       12.149     -0.69767     0.022641            0            0            0            0            0            0            0            0            0            0         0.04            0  
          0            0         -7.5      0.33157    0.0051356     0.010578   -0.0054421       0.1193     -0.06513    0.0047479    -0.069877    -0.018804    0.0057438   1.5597e-05    0.0057282       64.563       37.177       1.7366       33.924       2.1234     -0.55679       12.206       33.924     -0.23054       12.722       33.607            0            0            0       29.996            0           30      0.88736      -2.2316      -1.0662      0.68169     0.068519      0.01301     0.013388       4.3843            0       15.763     -0.88695     0.022719            0            0            0            0            0            0            0            0            0            0         0.04            0  
          0            0           -7      0.33231    0.0062155     0.010305   -0.0040895      0.11151     -0.06465    0.0043696     -0.06902    -0.017571    0.0053636   1.2742e-05    0.0053508       53.465        30.82       1.7347       33.999       2.0294      -0.4184       11.409       33.999     -0.14467       11.887       33.694            0            0            0       29.995            0           30       1.0715      -2.0854      -1.0583      0.63656     0.068586     0.012133     0.013087       4.3713            0       19.078      -1.1856     0.022792            0            0            0            0            0            0            0            0            0            0         0.04            0  
          0            0         -6.5      0.33299    0.0072378     0.010066   -0.0028283      0.10369    -0.064186    0.0040333     -0.06822    -0.016334    0.0049815   9.2104e-06    0.0049723       46.007       26.549       1.7329       34.069       1.9433     -0.28937       10.609       34.069    -0.064608        11.05       33.776            0            0            0       29.993            0           30       1.2452      -1.9386      -1.0507      0.59122     0.068648     0.011258     0.012807       4.3577            0       22.216      -1.7213     0.022859            0            0            0            0            0            0            0            0            0            0         0.04            0  
          0            0           -6      0.33363    0.0082265    0.0098855    -0.001659     0.095834    -0.063696    0.0037813    -0.067478    -0.015093    0.0045992   6.4803e-06    0.0045927       40.556       23.425       1.7313       34.134       1.8675     -0.16974        9.805       34.134    0.0096359       10.209       33.851            0            0            0       29.991            0           30       1.4125      -1.7913      -1.0427      0.54584     0.068705     0.010385     0.012548       4.3433            0        25.25      -2.9457     0.022922            0            0            0            0            0            0            0            0            0            0         0.04            0  
          0            0         -5.5      0.33422    0.0091752    0.0097572  -0.00058201      0.08795    -0.063191    0.0036032    -0.066794    -0.013848    0.0042165   4.2015e-06    0.0042123       36.426       21.059       1.7298       34.194       1.8015    -0.059547       8.9983       34.194     0.078037       9.3664       33.921            0            0            0       29.989            0           30       1.5725      -1.6435      -1.0344      0.50042     0.068757     0.009513     0.012311       4.3282            0       28.162      -8.4263      0.02298            0            0            0            0            0            0            0            0            0            0         0.04            0  
          0            0           -5      0.33475     0.010076    0.0096736   0.00040247     0.080039    -0.062682     0.003487    -0.066169    -0.012599    0.0038337   2.7359e-06     0.003831       33.222       19.222       1.7284       34.249       1.7445     0.041178       8.1889       34.249      0.14057       8.5211       33.985            0            0            0       29.986            0           30       1.7241      -1.4953      -1.0261      0.45499     0.068804     0.008643     0.012095       4.3125            0       30.927       12.224     0.023032            0            0            0            0            0            0            0            0            0            0         0.04            0  
          0            0         -4.5      0.33524     0.010925    0.0096305    0.0012941     0.072103    -0.062175    0.0034276    -0.065603    -0.011347    0.0034502   1.2017e-06     0.003449       30.687       17.767       1.7271       34.299       1.6961       0.1324        7.377       34.299      0.19723       7.6739       34.042            0            0            0       29.984            0           30       1.8665      -1.3467      -1.0178      0.40948     0.068847    0.0077742       0.0119        4.296            0       33.532       3.8129      0.02308            0            0            0            0            0            0            0            0            0            0         0.04            0  
          0            0           -4      0.33567     0.011714    0.0096209    0.0020926     0.064146     -0.06168    0.0034158    -0.065095    -0.010092     0.003067   5.9075e-07    0.0030665       28.657       16.603        1.726       34.343       1.6557       0.2141       6.5629       34.343      0.24798       6.8248       34.094            0            0            0       29.982            0           30       1.9986      -1.1978      -1.0097        0.364     0.068885    0.0069067     0.011726       4.2789            0       35.953       2.3641     0.023123            0            0            0            0            0            0            0            0            0            0         0.04            0  
          0            0         -3.5      0.33606     0.012426    0.0096279    0.0027977     0.056169     -0.06122    0.0034272    -0.064647   -0.0088353    0.0026835   2.8336e-08    0.0026835       27.045       15.678        1.725       34.383       1.6216      0.28624       5.7468       34.383      0.29281       5.9742       34.139            0            0            0        29.98            0           30       2.1175      -1.0486      -1.0022      0.31848     0.068918    0.0060402     0.011573       4.2611            0       38.139       1.7723      0.02316            0            0            0            0            0            0            0            0            0            0         0.04            0  
          0            0           -3      0.33639      0.01305    0.0096409    0.0034093     0.048175    -0.060811    0.0034469    -0.064258   -0.0075761    0.0023003   1.5113e-07    0.0023001       25.777        14.95       1.7242       34.417       1.5927      0.34881       4.9289       34.417      0.33172       5.1224       34.178            0            0            0       29.977            0           30       2.2217     -0.89915     -0.99547        0.273     0.068947    0.0051747      0.01144       4.2427            0       40.056       1.4573     0.023193            0            0            0            0            0            0            0            0            0            0         0.04            0  
          0            0         -2.5      0.33667     0.013565     0.009638     0.003927     0.040167    -0.060485    0.0034427    -0.063928   -0.0063153    0.0019173   6.8897e-07    0.0019166       24.819       14.401       1.7234       34.445       1.5667      0.40178       4.1095       34.445      0.36468       4.2696       34.211            0            0            0       29.976            0           30       2.3073     -0.74951     -0.99014      0.22755     0.068971      0.00431     0.011328       4.2235            0       41.636       1.2672      0.02322            0            0            0            0            0            0            0            0            0            0         0.04            0  
          0            0           -2       0.3369     0.013972    0.0096207    0.0043508     0.032146    -0.060239    0.0034184    -0.063658   -0.0050533    0.0015337   7.2803e-07    0.0015329       24.113       13.996       1.7229       34.469        1.544      0.44514       3.2889       34.469      0.39169       3.4161       34.238            0            0            0       29.974            0           30       2.3747     -0.59973     -0.98611      0.18202      0.06899    0.0034459     0.011236       4.2037            0       42.884       1.1454     0.023243            0            0            0            0            0            0            0            0            0            0         0.04            0  
          0            0         -1.5      0.33708     0.014279    0.0095981    0.0046806     0.024115    -0.060059     0.003388    -0.063447   -0.0037904    0.0011501   8.0847e-07    0.0011493       23.607       13.706       1.7224       34.487       1.5253      0.47888       2.4672       34.487      0.41274        2.562       34.259            0            0            0       29.973            0           30       2.4256     -0.44985     -0.98316       0.1365     0.069005    0.0025824     0.011165       4.1833            0       43.826       1.0658      0.02326            0            0            0            0            0            0            0            0            0            0         0.04            0  
          0            0           -1      0.33721     0.014492    0.0095761    0.0049162     0.016077    -0.059937    0.0033586    -0.063295    -0.002527   0.00076638   5.6413e-07   0.00076582       23.268       13.512       1.7221         34.5       1.5114      0.50299       1.6449         34.5      0.42783       1.7078       34.274            0            0            0       29.972            0           30       2.4609     -0.29991     -0.98116     0.090956     0.069015    0.0017193     0.011114       4.1622            0       44.482       1.0155     0.023272            0            0            0            0            0            0            0            0            0            0         0.04            0  
          0            0         -0.5      0.33729      0.01462    0.0095626    0.0050576    0.0080339    -0.059863    0.0033409    -0.063204   -0.0012635   0.00038288   3.0432e-07   0.00038257        23.07       13.398       1.7219       34.508        1.503      0.51745      0.82197       34.508      0.43694      0.85363       34.282            0            0            0       29.972            0           30        2.482     -0.14995     -0.97995     0.045441      0.06902   0.00085652     0.011084       4.1405            0       44.875      0.98755     0.023279            0            0            0            0            0            0            0            0            0            0         0.04            0  
          0            0            0      0.33731     0.014662    0.0095576    0.0051047  -1.1449e-05    -0.059837    0.0033345    -0.063171   -2.614e-07  -3.1601e-07  -7.4858e-09  -3.0852e-07       23.005       13.361       1.7218       34.511       1.5001      0.52227   -0.0011714       34.511      0.44008  -0.00024034       34.285            0            0            0       29.972            0           30        2.489  -3.1024e-05     -0.97953  -3.7505e-05     0.069021  -6.1463e-06     0.011074       4.1182            0       45.004      0.97859     0.023281            0            0            0            0            0            0            0            0            0            0         0.04            0  
          0            0          0.5      0.33728      0.01462    0.0095626    0.0050575   -0.0080568    -0.059858     0.003341    -0.063199    0.0012623  -0.00038302  -3.1765e-07  -0.00038271        23.07       13.398       1.7219       34.508        1.503      0.51745     -0.82431       34.508      0.43725     -0.85354       34.281            0            0            0       29.972            0           30        2.482      0.14981     -0.97987    -0.045458     0.069017   -0.0008688     0.011085       4.1406            0       44.875      0.98756     0.023278            0            0            0            0            0            0            0            0            0            0         0.04            0  
          0            0            1      0.33721     0.014492    0.0095763    0.0049161      -0.0161    -0.059927    0.0033588    -0.063286    0.0025238  -0.00076509  -5.7899e-07  -0.00076451       23.268       13.512       1.7221         34.5       1.5114      0.50297      -1.6472         34.5      0.42844       -1.706       34.271            0            0            0       29.972            0           30       2.4609      0.29953     -0.98101    -0.090802     0.069009   -0.0017316     0.011116       4.1623            0       44.482       1.0155      0.02327            0            0            0            0            0            0            0            0            0            0         0.04            0  
          0            0          1.5      0.33708     0.014279    0.0095983    0.0046804    -0.024138    -0.060044    0.0033883    -0.063433    0.0037838   -0.0011464   -8.229e-07   -0.0011456       23.607       13.706       1.7224       34.487       1.5254      0.47886      -2.4696       34.487      0.41366      -2.5574       34.255            0            0            0       29.973            0           30       2.4256      0.44907     -0.98292     -0.13606     0.068996   -0.0025946     0.011167       4.1834            0       43.826       1.0658     0.023257            0            0            0            0            0            0            0            0            0            0         0.04            0  
          0            0            2       0.3369     0.013971    0.0096209    0.0043505    -0.032168     -0.06022    0.0034188    -0.063639     0.005042   -0.0015266  -7.4136e-07   -0.0015258       24.113       13.996       1.7229       34.469        1.544      0.44511      -3.2912       34.469      0.39291      -3.4074       34.233            0            0            0       29.974            0           30       2.3747       0.5984      -0.9858     -0.18118     0.068978    -0.003458     0.011239       4.2038            0       42.883       1.1454     0.023239            0            0            0            0            0            0            0            0            0            0         0.04            0  
          0            0          2.5      0.33667     0.013565    0.0096382    0.0039266    -0.040189    -0.060462    0.0034431    -0.063905    0.0062981   -0.0019058  -7.0213e-07   -0.0019051       24.819       14.401       1.7235       34.445       1.5668      0.40174      -4.1119       34.445       0.3662      -4.2559       34.205            0            0            0       29.976            0           30       2.3073      0.74747     -0.98975     -0.22619     0.068956   -0.0043219     0.011331       4.2236            0       41.635       1.2673     0.023215            0            0            0            0            0            0            0            0            0            0         0.04            0  
          0            0            3      0.33638      0.01305    0.0096412    0.0034088    -0.048198    -0.060783    0.0034472     -0.06423    0.0075515   -0.0022836  -1.6237e-07   -0.0022834       25.777        14.95       1.7242       34.416       1.5928      0.34876      -4.9312       34.416      0.33354      -5.1024       34.171            0            0            0       29.977            0           30       2.2217      0.89623     -0.99501     -0.27102     0.068929   -0.0051865     0.011444       4.2427            0       40.055       1.4574     0.023187            0            0            0            0            0            0            0            0            0            0         0.04            0  
          0            0          3.5      0.33605     0.012425    0.0096281    0.0027971    -0.056192    -0.061187    0.0034275    -0.064615     0.008802   -0.0026605  -4.1232e-08   -0.0026605       27.046       15.678        1.725       34.382       1.6217      0.28618      -5.7491       34.382      0.29494      -5.9469        34.13            0            0            0        29.98            0           30       2.1175       1.0446      -1.0016     -0.31575     0.068898   -0.0060518     0.011577       4.2611            0       38.138       1.7726     0.023153            0            0            0            0            0            0            0            0            0            0         0.04            0  
          0            0            4      0.33566     0.011713     0.009621    0.0020919    -0.064169    -0.061642    0.0034161    -0.065058     0.010049   -0.0030368  -6.0445e-07   -0.0030362       28.658       16.603        1.726       34.343       1.6558      0.21403      -6.5652       34.343      0.25041      -6.7889       34.084            0            0            0       29.982            0           30       1.9985       1.1926      -1.0091     -0.36042     0.068862    -0.006918     0.011731       4.2789            0       35.951       2.3647     0.023114            0            0            0            0            0            0            0            0            0            0         0.04            0  
          0            0          4.5      0.33523     0.010924    0.0096306    0.0012934    -0.072126    -0.062133    0.0034278    -0.065561     0.011292   -0.0034118  -1.2174e-06   -0.0034106       30.687       17.768       1.7271       34.298       1.6962      0.13233      -7.3794       34.298      0.19996      -7.6284       34.031            0            0            0       29.984            0           30       1.8664       1.3402      -1.0171     -0.40492     0.068821   -0.0077853     0.011906        4.296            0        33.53       3.8148     0.023071            0            0            0            0            0            0            0            0            0            0         0.04            0  
          0            0            5      0.33474     0.010075    0.0096738   0.00040166    -0.080061    -0.062635    0.0034874    -0.066123     0.012532   -0.0037862  -2.7508e-06   -0.0037834       33.224       19.222       1.7284       34.248       1.7446     0.041094      -8.1912       34.248      0.14361      -8.4649       33.972            0            0            0       29.986            0           30        1.724       1.4873      -1.0253     -0.44935     0.068775   -0.0086538     0.012102       4.3124            0       30.925       12.248     0.023022            0            0            0            0            0            0            0            0            0            0         0.04            0  
          0            0          5.5      0.33421    0.0091746    0.0097575  -0.00058291    -0.087972     -0.06314    0.0036036    -0.066743     0.013767   -0.0041589  -4.2191e-06   -0.0041546       36.427       21.059       1.7298       34.193       1.8016    -0.059638      -9.0006       34.193     0.081369      -9.2983       33.908            0            0            0       29.989            0           30       1.5725       1.6338      -1.0336     -0.49358     0.068725   -0.0095236     0.012319       4.3282            0        28.16      -8.4128     0.022968            0            0            0            0            0            0            0            0            0            0         0.04            0  
          0            0            6      0.33362    0.0082259    0.0098859     -0.00166    -0.095857     -0.06364    0.0037819    -0.067422     0.014996   -0.0045306  -6.4965e-06   -0.0045241       40.557       23.426       1.7313       34.133       1.8677     -0.16984      -9.8073       34.133     0.013267      -10.128       33.837            0            0            0       29.991            0           30       1.4124       1.7798      -1.0418      -0.5377      0.06867    -0.010395     0.012557       4.3432            0       25.248      -2.9437      0.02291            0            0            0            0            0            0            0            0            0            0         0.04            0  
          0            0          6.5      0.33298    0.0072373     0.010067   -0.0028294     -0.10371    -0.064126    0.0040341     -0.06816     0.016221   -0.0049009  -9.2287e-06   -0.0048917       46.009       26.549        1.733       34.068       1.9435     -0.28948      -10.611       34.068     -0.06068      -10.955        33.76            0            0            0       29.993            0           30       1.2451       1.9252      -1.0497     -0.58165      0.06861    -0.011268     0.012816       4.3576            0       22.214      -1.7205     0.022846            0            0            0            0            0            0            0            0            0            0         0.04            0  
          0            0            7      0.33229     0.006215     0.010306   -0.0040906     -0.11153    -0.064585    0.0043706    -0.068955      0.01744   -0.0052701  -1.2761e-05   -0.0052573       53.466       30.821       1.7348       33.998       2.0297     -0.41852      -11.411       33.998     -0.14045      -11.777       33.677            0            0            0       29.995            0           30       1.0715       2.0698      -1.0572     -0.62546     0.068545    -0.012142     0.013096       4.3712            0       19.076      -1.1851     0.022777            0            0            0            0            0            0            0            0            0            0         0.04            0  
          0            0          7.5      0.33156    0.0051351     0.010578   -0.0054433     -0.11932    -0.065059     0.004749    -0.069808     0.018653   -0.0056365  -1.5613e-05   -0.0056209       64.567       37.178       1.7367       33.922       2.1237     -0.55692      -12.208       33.922     -0.22602      -12.595       33.589            0            0            0       29.996            0           30      0.88732       2.2138       -1.065     -0.66895     0.068476    -0.013019     0.013399       4.3842            0       15.761     -0.88667     0.022703            0            0            0            0            0            0            0            0            0            0         0.04            0  
          0            0            8      0.33077    0.0039575     0.010845   -0.0068871     -0.12708    -0.065609    0.0051105    -0.070719      0.01986   -0.0060002  -1.8038e-05   -0.0059822       83.581        48.07       1.7388       33.842       2.2212     -0.70463      -13.002       33.842     -0.31735      -13.409       33.494            0            0            0       29.998            0           30      0.68548        2.357       -1.074     -0.71212     0.068401    -0.013897     0.013723       4.3964            0       12.147     -0.69747     0.022625            0            0            0            0            0            0            0            0            0            0         0.04            0  
          0            0          8.5      0.32993    0.0026959     0.011117   -0.0084215     -0.13479    -0.066208    0.0054796    -0.071688      0.02106   -0.0063632  -2.2009e-05   -0.0063412       122.38       70.297        1.741       33.756       2.3237     -0.86162      -13.791       33.756     -0.41444      -14.218       33.393            0            0            0       29.999            0           30      0.46815       2.4994      -1.0838      -0.7552     0.068321    -0.014777     0.014069       4.4079            0       8.2746     -0.56751     0.022541            0            0            0            0            0            0            0            0            0            0         0.04            0  
          0            0            9      0.32905    0.0013668     0.011413    -0.010046     -0.14246    -0.066836    0.0058774    -0.072713     0.022253    -0.006724  -2.6116e-05   -0.0066979       240.75        138.1       1.7433       33.665       2.4327      -1.0278      -14.576       33.665     -0.51724      -15.023       33.287            0            0            0           30            0           30      0.23799        2.641      -1.0941     -0.79801     0.068237     -0.01566     0.014437       4.4188            0       4.1952     -0.47318     0.022453            0            0            0            0            0            0            0            0            0            0         0.04            0  
          0            0          9.5      0.32811  -1.6281e-05     0.011744     -0.01176     -0.15009     -0.06747    0.0063252    -0.073795     0.023439   -0.0070838   -3.187e-05    -0.007052       -20153       -11544       1.7458        33.57       2.5494      -1.2032      -15.357        33.57     -0.62572      -15.822       33.175            0            0            0           30            0           30   -0.0028431       2.7817      -1.1045     -0.84072     0.068147    -0.016546     0.014828       4.4289            0    -0.049973     -0.40192      0.02236            0            0            0            0            0            0            0            0            0            0         0.04            0  
          0            0           10      0.32713   -0.0014436      0.01212    -0.013564     -0.15768    -0.068096    0.0068381    -0.074934     0.024616   -0.0074413  -3.7834e-05   -0.0074034       -226.6       -129.6       1.7484       33.469       2.6748      -1.3877      -16.132       33.469     -0.73985      -16.616       33.057            0            0            0           30            0           30     -0.25285       2.9215      -1.1147     -0.88314     0.068052    -0.017433     0.015242       4.4382            0      -4.4311     -0.34639     0.022262            0            0            0            0            0            0            0            0            0            0         0.04            0  
          0            0         10.5       0.3261    -0.002955     0.012501    -0.015456     -0.16522    -0.068778    0.0073503    -0.076128     0.025786   -0.0077948  -4.2673e-05   -0.0077522      -110.35      -63.017       1.7512       33.364       2.8046      -1.5813      -16.903       33.364     -0.85959      -17.404       32.933            0            0            0       29.999            0           30     -0.51919       3.0603      -1.1259     -0.92511     0.067952    -0.018324     0.015678       4.4469            0      -9.0701     -0.30208     0.022159            0            0            0            0            0            0            0            0            0            0         0.04            0  
          0            0           11      0.32502   -0.0045511     0.012885    -0.017436      -0.1727    -0.069521    0.0078578    -0.077378     0.026947   -0.0081472  -4.9172e-05   -0.0080981      -71.415      -40.714       1.7541       33.253       2.9386      -1.7839      -17.669       33.253     -0.98492      -18.186       32.803            0            0            0       29.997            0           30     -0.80224       3.1981       -1.138     -0.96693     0.067847    -0.019217     0.016138       4.4548            0      -13.969       -0.266     0.022052            0            0            0            0            0            0            0            0            0            0         0.04            0  
          0            0         11.5      0.32389   -0.0060793     0.013424    -0.019503     -0.18013    -0.070086     0.008598    -0.078684     0.028099    -0.008505  -6.3991e-05    -0.008441      -53.278      -30.321       1.7571       33.138       3.0924      -1.9954       -18.43       33.138      -1.1158      -18.962       32.668            0            0            0       29.995            0           30      -1.0753       3.3348      -1.1473      -1.0094     0.067737    -0.020114     0.016621        4.462            0       -18.66     -0.23616     0.021939            0            0            0            0            0            0            0            0            0            0         0.04            0  
          0            0           12      0.32272   -0.0074754     0.014182    -0.021658     -0.18751    -0.070381    0.0096632    -0.080044     0.029242   -0.0088597  -7.8834e-05   -0.0087809      -43.171      -24.525       1.7603       33.018       3.2723      -2.2158      -19.185       33.018      -1.2522      -19.732       32.527            0            0            0       29.992            0           30       -1.327       3.4705      -1.1521      -1.0515     0.067621    -0.021013     0.017128       4.4684            0      -22.945     -0.21113     0.021822            0            0            0            0            0            0            0            0            0            0         0.04            0  
          0            0         12.5       0.3215   -0.0087456     0.015152    -0.023898     -0.19483    -0.070434     0.011025    -0.081459     0.030375   -0.0092163  -9.8667e-05   -0.0091176      -36.761      -20.844       1.7636       32.893       3.4777      -2.4451      -19.934       32.893       -1.394      -20.495        32.38            0            0            0       29.989            0           30      -1.5582        3.605       -1.153      -1.0938     0.067499    -0.021916      0.01766       4.4742            0      -26.843     -0.18989     0.021701            0            0            0            0            0            0            0            0            0            0         0.04            0  
          0            0           13      0.32023   -0.0099413     0.016283    -0.026224      -0.2021     -0.07032     0.012608    -0.082928     0.031498   -0.0095675  -0.00011641   -0.0094511      -32.212      -18.228       1.7671       32.763       3.7029       -2.683      -20.677       32.763      -1.5412      -21.252       32.228            0            0            0       29.986            0           30      -1.7781       3.7383      -1.1511      -1.1355     0.067372    -0.022823     0.018215       4.4791            0      -30.513     -0.17169     0.021575            0            0            0            0            0            0            0            0            0            0         0.04            0  
          0            0         13.5      0.31891    -0.011171     0.017463    -0.028634      -0.2093    -0.070205     0.014246    -0.084451     0.032611   -0.0099163  -0.00013507   -0.0097812      -28.548      -16.122       1.7708       32.629       3.9369      -2.9297      -21.413       32.629      -1.6938      -22.001       32.071            0            0            0       29.982            0           30      -2.0062       3.8704      -1.1493      -1.1769      0.06724    -0.023733     0.018796       4.4834            0      -34.289     -0.15595     0.021444            0            0            0            0            0            0            0            0            0            0         0.04            0  
          0            0           14      0.31756    -0.012495     0.018634    -0.031129     -0.21643    -0.070193     0.015834    -0.086027     0.033714     -0.01026  -0.00015238    -0.010108      -25.414      -14.321       1.7746        32.49       4.1732      -3.1849      -22.144        32.49      -1.8518      -22.743       31.907            0            0            0       29.977            0           30      -2.2534       4.0012      -1.1491      -1.2177     0.067102    -0.024647     0.019402       4.4869            0      -38.353     -0.14223     0.021308            0            0            0            0            0            0            0            0            0            0         0.04            0  
          0            0         14.5      0.31615    -0.013961     0.019746    -0.033707      -0.2235    -0.070332     0.017324    -0.087655     0.034806      -0.0106  -0.00016913    -0.010431      -22.646      -12.733       1.7785       32.346        4.407      -3.4486      -22.867       32.346       -2.015      -23.478       31.739            0            0            0       29.971            0           30      -2.5284       4.1308      -1.1513       -1.258     0.066957    -0.025565     0.020034       4.4897            0       -42.85     -0.13019     0.021169            0            0            0            0            0            0            0            0            0            0         0.04            0  
          0            0           15       0.3147     -0.01556     0.020808    -0.036367     -0.23051    -0.070637     0.018699    -0.089336     0.035886    -0.010939   -0.0001885     -0.01075      -20.225      -11.346       1.7826       32.198       4.6387      -3.7208      -23.584       32.198      -2.1834      -24.205       31.565            0            0            0       29.963            0           30      -2.8305        4.259      -1.1563      -1.2982     0.066807    -0.026486     0.020692       4.4917            0      -47.758     -0.11956     0.021024            0            0            0            0            0            0            0            0            0            0         0.04            0  
