MK84_BigWing_ControlFins-fins
T1-200.0 m/s-VLM2-x0.165m
Freestream speed = 200.000 m/s


 Ctrl        Alpha        Beta         CL           CD           CD_viscous   CD_induced   CY           Cm           Cm_viscous   Cm_pressure  Cl           Cn           Cn_viscous   Cn_pressure  CL/CD        CL^(3/2)/CD  1/sqrt(CL)   Lift_(N)     Drag_(N)     Fx_FF_(N)    Fy_FF_(N)    Fz_FF_(N)    Fx_sum_(N)   Fy_sum_(N)   Fz_sum_(N)   Extra_drag_(N)  Fuse_drag_(N)  Cf_Fuse      Vx_(m/s)     Vz_(m/s)     V_(m/s)      Gamma        L_(N.m)      M_(N.m)      N_(N.m)      CPx_(m)      CPy_(m)      CPz_(m)      BM_(N.m)     m.g.Vz_(W)   Drag_x_V_(W)  Efficiency   XCp.Cl       XNP_(m)      Phugoid_Freq._(Hz)  Phugoid_Damping  Short_Period_Freq._(Hz)  Short_Period_Damping_Ratio  Dutch_Roll_Freq._(Hz)  Dutch_Roll_Damping  Roll_Damping  Spiral_Damping  Mass_(kg)    CoG_x_(m)    CoG_z_(m)    
          0          -10            0     -0.39292     0.045002     0.014474     0.030529  -4.5967e-17    0.0028048   0.00017018    0.0026346  -6.9722e-17  -7.6259e-18   -1.918e-19  -7.4341e-18       -8.731      -5.4729            0      -2368.8       271.31      -230.09  -2.7712e-13      -2364.8      -416.97  -4.3746e-13      -2364.8            0            0            0        198.7      -46.616          200      -6.5339  -2.3857e-13       7.4491   1.5668e-14      0.17026   5.1863e-17  -1.0858e-06      -76.584   -4.573e+05        54262       1.2378    -0.066898            0            0            0            0            0            0            0            0            0         1000        0.165            0  
          0         -9.5            0     -0.37396     0.042033     0.014411     0.027622  -4.2145e-18     0.002673   0.00016076    0.0025123  -7.2212e-17   7.1869e-19  -1.8118e-19   8.9986e-19      -8.8968      -5.4406            0      -2254.5       253.41      -207.86  -2.5409e-14      -2251.1       -376.7  -3.7653e-13      -2251.1            0            0            0       198.75      -46.893          200      -6.4132  -2.4239e-13       7.0993   4.3051e-14      0.17004   8.1444e-17  -1.0845e-06        -72.9  -4.6002e+05        50682       1.2392    -0.063588            0            0            0            0            0            0            0            0            0         1000        0.165            0  
          0           -9            0      -0.3549     0.039201     0.014351     0.024851  -4.1817e-18    0.0025407   0.00015146    0.0023892  -1.6051e-17  -1.7817e-18   -1.235e-19  -1.6582e-18      -9.0531      -5.3932            0      -2139.6       236.34      -186.73  -2.5211e-14      -2136.7      -338.42  -2.5168e-13      -2136.7            0            0            0       198.79      -47.304          200      -6.3033  -5.4952e-14       6.7479   2.5733e-15      0.16983   7.7206e-17  -1.0832e-06      -69.194  -4.6405e+05        47267       1.2406    -0.060273            0            0            0            0            0            0            0            0            0         1000        0.165            0  
          0         -8.5            0     -0.33574     0.036508     0.014292     0.022217  -7.3592e-18    0.0024078    0.0001423    0.0022655  -1.7337e-17  -1.1186e-17    2.646e-19  -1.1451e-17      -9.1961      -5.3285            0      -2024.1        220.1      -166.71  -4.4367e-14      -2021.6      -302.14   1.6104e-13      -2021.6            0            0            0       198.83      -47.879          200       -6.206  -6.4249e-14       6.3949  -2.8981e-14      0.16964   4.6752e-17   -1.082e-06      -65.467  -4.6969e+05        44020       1.2419    -0.056953            0            0            0            0            0            0            0            0            0         1000        0.165            0  
          0           -8            0     -0.31648     0.033958     0.014235     0.019723  -3.7421e-17    0.0022743   0.00013323    0.0021411  -7.4932e-17  -2.6021e-17  -4.1694e-19  -2.5604e-17      -9.3199      -5.2431            0        -1908       204.72       -147.8   -2.256e-13        -1906      -267.87  -2.0238e-13        -1906            0            0            0       198.86      -48.659          200      -6.1243  -2.6521e-13       6.0403  -5.2358e-14      0.16945    2.023e-17  -1.0809e-06      -61.721  -4.7735e+05        40945       1.2431    -0.053629            0            0            0            0            0            0            0            0            0         1000        0.165            0  
          0         -7.5            0     -0.29714     0.031551     0.014181      0.01737  -2.8595e-17    0.0021402   0.00012425     0.002016  -7.3037e-17  -1.8481e-17  -2.4231e-20  -1.8457e-17      -9.4178      -5.1337            0      -1791.4       190.22         -130  -1.7239e-13      -1789.7      -235.62  -2.6829e-13      -1789.7            0            0            0       198.88      -49.696          200      -6.0611  -2.5517e-13       5.6843  -2.9977e-14      0.16928   1.0563e-16  -1.0799e-06      -57.955  -4.8751e+05        38043       1.2442    -0.050301            0            0            0            0            0            0            0            0            0         1000        0.165            0  
          0           -7            0     -0.27772      0.02929      0.01413      0.01516  -4.2774e-17    0.0020057   0.00011539    0.0018903  -3.6942e-17  -1.4466e-17  -5.7368e-19  -1.3892e-17      -9.4816      -4.9967            0      -1674.3       176.58      -113.33  -2.5787e-13        -1673      -205.41  -1.4875e-13        -1673            0            0            0        198.9      -51.058          200      -6.0206  -1.3082e-13        5.327  -3.3652e-14      0.16913   5.1859e-17  -1.0789e-06      -54.173  -5.0088e+05        35317       1.2453     -0.04697            0            0            0            0            0            0            0            0            0         1000        0.165            0  
          0         -6.5            0     -0.25822     0.027176      0.01408     0.013095  -2.3994e-17    0.0018707   0.00010665    0.0017641   -7.467e-17   -1.007e-17  -1.9752e-19  -9.8726e-18      -9.5018      -4.8284            0      -1556.7       163.84      -97.787  -1.4465e-13      -1555.7      -177.25   5.9982e-13      -1555.7            0            0            0        198.9      -52.838          200      -6.0079  -2.5683e-13       4.9685  -5.2892e-15      0.16898   8.2916e-17  -1.0781e-06      -50.374  -5.1834e+05        32767       1.2463    -0.043634            0            0            0            0            0            0            0            0            0         1000        0.165            0  
          0           -6            0     -0.23865     0.025209     0.014032     0.011177  -4.7291e-17    0.0017353   9.7978e-05    0.0016373  -1.8787e-17  -1.1187e-17   3.0585e-19  -1.1493e-17      -9.4666      -4.6246            0      -1438.7       151.98      -83.376   -2.851e-13      -1437.9      -151.13  -4.0608e-13      -1437.9            0            0            0       198.89      -55.167          200      -6.0301  -6.7819e-14       4.6088  -3.1235e-14      0.16885    8.738e-17  -1.0773e-06      -46.559  -5.4119e+05        30396       1.2472    -0.040296            0            0            0            0            0            0            0            0            0         1000        0.165            0  
          0         -5.5            0     -0.21901     0.023394     0.013988    0.0094066  -5.2854e-17    0.0015995   8.9378e-05    0.0015101  -3.9858e-17  -1.2037e-17  -1.0315e-19  -1.1934e-17      -9.3615       -4.381            0      -1320.3       141.04        -70.1  -3.1865e-13      -1319.7      -127.07  -4.9706e-13      -1319.7            0            0            0       198.87      -58.233          200      -6.0972  -1.3921e-13       4.2481  -2.7835e-14      0.16873   8.1761e-17  -1.0767e-06      -42.731  -5.7127e+05        28208       1.2481    -0.036954            0            0            0            0            0            0            0            0            0         1000        0.165            0  
          0           -5            0     -0.19931     0.021741     0.013956    0.0077856  -5.0665e-17    0.0014633   8.0926e-05    0.0013824  -5.6387e-17  -1.3503e-17  -4.9788e-20  -1.3453e-17      -9.1673      -4.0926            0      -1201.6       131.07      -57.966  -3.0545e-13      -1201.1      -105.08  -4.4767e-13      -1201.1            0            0            0       198.82      -62.337          200      -6.2254  -1.9557e-13       3.8865   -2.911e-14      0.16863   1.0877e-16  -1.0762e-06       -38.89  -6.1153e+05        26215       1.2489    -0.033609            0            0            0            0            0            0            0            0            0         1000        0.165            0  
          0         -4.5            0     -0.17955     0.020243     0.013928     0.006315  -4.0095e-17    0.0013269   7.2617e-05    0.0012543  -7.2697e-17   -2.356e-17   7.7566e-21  -2.3567e-17      -8.8698      -3.7584            0      -1082.5       122.04      -46.976  -2.4172e-13      -1082.1      -85.165  -2.8314e-13      -1082.1            0            0            0       198.74       -67.88          200      -6.4325  -2.5347e-13       3.5242  -6.0643e-14      0.16854   8.8839e-17  -1.0758e-06      -35.037   -6.659e+05        24408       1.2496    -0.030262            0            0            0            0            0            0            0            0            0         1000        0.165            0  
          0           -4            0     -0.15975     0.018899     0.013903    0.0049961  -4.8944e-17    0.0011903   6.4414e-05    0.0011259  -4.8049e-17  -1.4798e-17  -6.0675e-20  -1.4738e-17      -8.4525      -3.3783            0      -963.07       113.94      -37.133  -2.9507e-13      -962.83      -67.327  -3.2149e-13      -962.83            0            0            0       198.61      -75.518          200      -6.7472  -1.6697e-13       3.1613  -3.8916e-14      0.16847   7.2229e-17  -1.0755e-06      -31.174  -7.4083e+05        22788       1.2502    -0.026913            0            0            0            0            0            0            0            0            0         1000        0.165            0  
          0         -3.5            0     -0.13989     0.017709     0.013879    0.0038299  -5.4607e-17    0.0010533    5.624e-05   0.00099709  -4.0345e-17  -1.5841e-17  -2.8173e-19  -1.5559e-17      -7.8997      -2.9547            0       -843.4       106.76      -28.442  -3.2921e-13      -843.23      -51.574   -9.903e-14      -843.23            0            0            0       198.42      -86.346          200      -7.2146  -1.4058e-13       2.7975  -4.5528e-14      0.16842   8.3758e-17  -1.0755e-06      -27.301  -8.4705e+05        21353       1.2508    -0.023561            0            0            0            0            0            0            0            0            0         1000        0.165            0  
          0           -3            0     -0.12001     0.016674     0.013857    0.0028171  -5.6629e-17   0.00091612   4.8106e-05   0.00086801  -2.5454e-17  -1.8306e-17  -9.3671e-20  -1.8212e-17      -7.1972      -2.4932            0      -723.49       100.52      -20.904   -3.414e-13      -723.38      -37.911  -3.7603e-13      -723.38            0            0            0        198.1      -102.33          200      -7.9102   -8.994e-14       2.4331  -5.7804e-14      0.16839   1.4044e-16  -1.0756e-06       -23.42  -1.0038e+06        20105       1.2513    -0.020208            0            0            0            0            0            0            0            0            0         1000        0.165            0  
          0         -2.5            0     -0.10008     0.015799     0.013841    0.0019587  -5.1359e-17    0.0007787   4.0012e-05   0.00073869  -7.0096e-17  -2.0367e-17   2.1512e-19  -2.0582e-17      -6.3346       -2.004            0      -603.37        95.25      -14.521  -3.0963e-13      -603.31      -26.341  -2.6982e-13      -603.31            0            0            0       197.55      -127.31          200      -8.9709  -2.4189e-13       2.0682  -5.8963e-14       0.1684   1.4896e-16  -1.0762e-06      -19.532  -1.2489e+06        19050       1.2517    -0.016853            0            0            0            0            0            0            0            0            0         1000        0.165            0  
          0           -2            0     -0.08013     0.015087     0.013832    0.0012553   -4.956e-17   0.00064115   3.1991e-05   0.00060915  -4.0895e-17  -1.9613e-17   1.2136e-20  -1.9625e-17      -5.3112      -1.5035            0      -483.09       90.957      -9.2963  -2.9879e-13      -483.06      -16.869  -3.1087e-13      -483.06            0            0            0       196.55      -169.69          200      -10.663  -1.4172e-13       1.7028   -6.198e-14      0.16844   1.6893e-16  -1.0772e-06      -15.639  -1.6647e+06        18191        1.252    -0.013497            0            0            0            0            0            0            0            0            0         1000        0.165            0  
          0         -1.5            0    -0.060156     0.014531     0.013824   0.00070732  -5.4142e-17   0.00050344   2.3988e-05   0.00047945  -4.6314e-17  -2.0618e-17   1.8548e-19  -2.0804e-17      -4.1398      -1.0154            0      -362.67       87.604      -5.2307  -3.2641e-13      -362.66      -9.4965  -3.6669e-13      -362.66            0            0            0       194.41      -251.26          200       -13.58  -1.5975e-13       1.3371  -6.6157e-14      0.16856   2.2302e-16  -1.0792e-06       -11.74  -2.4649e+06        17521       1.2523     -0.01014            0            0            0            0            0            0            0            0            0         1000        0.165            0  
          0           -1            0    -0.040165     0.014131     0.013816   0.00031528  -5.9806e-17   0.00036561   1.5997e-05   0.00034961  -4.0127e-17  -2.2199e-17  -2.2207e-19  -2.1977e-17      -2.8424     -0.56965            0      -242.15       85.192      -2.3256  -3.6056e-13      -242.14      -4.2266  -3.1614e-13      -242.14            0            0            0       188.66      -447.86          200      -19.383  -1.3814e-13      0.97102  -7.3309e-14      0.16886   3.1517e-16  -1.0835e-06      -7.8388  -4.3935e+06        17038       1.2525   -0.0067822            0            0            0            0            0            0            0            0            0         1000        0.165            0  
          0         -0.5            0    -0.020163     0.013887     0.013808   7.9447e-05  -5.7439e-17    0.0002277   8.0157e-06   0.00021968  -4.0516e-17  -2.1988e-17  -1.0647e-19  -2.1881e-17      -1.4519     -0.20617            0      -121.56       83.722     -0.58184  -3.4629e-13      -121.56      -1.0608  -3.6566e-13      -121.56            0            0            0       164.71      -1237.4          200      -34.556  -1.3882e-13      0.60475  -7.3778e-14      0.16981   6.4572e-16  -1.0968e-06      -3.9349  -1.2139e+07        16744       1.2526   -0.0034238            0            0            0            0            0            0            0            0            0         1000        0.165            0  
          0            0            0  -0.00015528     0.013799     0.013799   4.8279e-09  -6.0089e-17   8.9748e-05   4.6443e-08   8.9702e-05  -4.1456e-17  -2.2965e-17   2.5557e-19   -2.322e-17    -0.011253  -0.00014022            0     -0.93617       83.194   2.9106e-05  -3.6226e-13     -0.93617            0  -3.6247e-13     -0.93617            0            0            0       2.2504  -1.8194e+06          200      -89.355  -1.4138e-13      0.23836  -7.8319e-14      0.41948   7.5475e-14  -4.5759e-06     -0.02998  -1.7848e+10        16639       1.2225  -6.5139e-05            0            0            0            0            0            0            0            0            0         1000        0.165            0  
          0          0.5            0     0.019853     0.013884     0.013807   7.7013e-05  -6.2008e-17  -4.8215e-05  -7.9227e-06  -4.0293e-05   -3.873e-17  -2.4707e-17  -3.0425e-20  -2.4676e-17       1.4298      0.20146       7.0973       119.69       83.706     -0.58017  -3.7383e-13       119.69      -1.0445  -4.1935e-13       119.69            0            0            0       163.89       1266.3          200       34.968  -1.3135e-13     -0.12806   -8.541e-14       0.1659   -5.908e-16  -1.0424e-06       3.8748   1.2423e+07        16741       1.2527    0.0032935            0            0            0            0            0            0            0            0            0         1000        0.165            0  
          0            1            0     0.039855     0.014126     0.013815   0.00031041  -6.4103e-17  -0.00018616  -1.5903e-05  -0.00017026   -3.761e-17  -2.4132e-17   2.0673e-19  -2.4339e-17       2.8214      0.56325       5.0091       240.28       85.162      -2.3223  -3.8647e-13       240.27       -4.194  -3.5802e-13       240.27            0            0            0       188.51       452.94          200       19.516   -1.268e-13     -0.49443  -8.4525e-14       0.1669  -2.9888e-16  -1.0563e-06       7.7782   4.4434e+06        17032       1.2525    0.0066519            0            0            0            0            0            0            0            0            0         1000        0.165            0  
          0          1.5            0     0.059846     0.014524     0.013824   0.00070003  -6.2339e-17  -0.00032406  -2.3895e-05  -0.00030016  -3.4476e-17  -2.4631e-17   1.7942e-19  -2.4811e-17       4.1206        1.008       4.0877        360.8        87.56      -5.2257  -3.7583e-13       360.78      -9.4475  -2.3795e-13       360.78            0            0            0       194.36       253.09          200       13.641  -1.1532e-13     -0.86066  -8.7051e-14      0.16726  -2.0939e-16   -1.061e-06       11.679   2.4828e+06        17512       1.2523      0.01001            0            0            0            0            0            0            0            0            0         1000        0.165            0  
          0            2            0      0.07982     0.015077     0.013832    0.0012456  -6.5358e-17  -0.00046185  -3.1897e-05  -0.00042996  -3.2372e-17  -2.5452e-17  -3.6143e-20  -2.5416e-17       5.2941       1.4957       3.5395       481.22       90.897      -9.2897  -3.9403e-13       481.19      -16.803  -4.3057e-13       481.19            0            0            0       196.52       170.57          200       10.697  -1.0731e-13      -1.2266  -9.0603e-14      0.16746  -1.5786e-16  -1.0636e-06       15.576   1.6733e+06        18179       1.2521     0.013367            0            0            0            0            0            0            0            0            0         1000        0.165            0  
          0          2.5            0     0.099772     0.015787      0.01384    0.0019466  -7.8504e-17  -0.00059952  -3.9919e-05  -0.00055961  -4.7479e-17   -2.493e-17   6.0568e-20  -2.4991e-17       6.3199       1.9962       3.1659        601.5       95.176      -14.513  -4.7328e-13       601.44       -26.26   -3.244e-13       601.44            0            0            0       197.54        127.8          200       8.9914  -1.5805e-13      -1.5923  -9.2004e-14      0.16761  -3.2431e-17  -1.0653e-06       19.469   1.2537e+06        19035       1.2517     0.016723            0            0            0            0            0            0            0            0            0         1000        0.165            0  
          0            3            0       0.1197     0.016659     0.013856    0.0028026  -6.5765e-17  -0.00073708  -4.8011e-05  -0.00068907  -1.2952e-17  -2.9097e-17   1.5777e-19  -2.9255e-17       7.1851       2.4858       2.8904       721.62       100.43      -20.894  -3.9649e-13       721.52      -37.813   -1.143e-13       721.52            0            0            0       198.09       102.63          200       7.9234   -3.889e-14      -1.9576  -1.0141e-13      0.16774  -7.5662e-17  -1.0666e-06       23.355   1.0068e+06        20087       1.2513     0.020078            0            0            0            0            0            0            0            0            0         1000        0.165            0  
          0          3.5            0      0.13959     0.017692     0.013879    0.0038129    -6.45e-17  -0.00087446  -5.6145e-05  -0.00081831  -5.6984e-17  -3.1531e-17  -3.1786e-19  -3.1213e-17       7.8899       2.9478       2.6766       841.53       106.66       -28.43  -3.8886e-13       841.37       -51.46  -7.0159e-13       841.37            0            0            0       198.41       86.548          200       7.2234  -1.8748e-13      -2.3225   -1.192e-13      0.16786  -8.1058e-17  -1.0677e-06       27.234   8.4903e+05        21332       1.2508     0.023431            0            0            0            0            0            0            0            0            0         1000        0.165            0  
          0            4            0      0.15944      0.01888     0.013903    0.0049767   -6.031e-17   -0.0010116  -6.4319e-05  -0.00094729  -2.6131e-17  -2.7115e-17   9.3876e-20  -2.7209e-17        8.445        3.372       2.5044       961.21       113.82       -37.12   -3.636e-13       960.96      -67.197  -6.4141e-13       960.96            0            0            0       198.61       75.658          200       6.7532  -8.2428e-14      -2.6867  -9.8462e-14      0.16798  -2.6966e-17  -1.0687e-06       31.104   7.4221e+05        22764       1.2503     0.026783            0            0            0            0            0            0            0            0            0         1000        0.165            0  
          0          4.5            0      0.17924     0.020221     0.013928    0.0062933  -6.6332e-17   -0.0011485  -7.2522e-05    -0.001076  -2.8263e-17  -3.2774e-17   2.9698e-19  -3.3071e-17       8.8643       3.7529        2.362       1080.6       121.91      -46.961   -3.999e-13       1080.3      -85.019  -5.8314e-13       1080.3            0            0            0       198.74        67.98          200       6.4364  -8.7243e-14      -3.0503  -1.1898e-13      0.16811  -5.5077e-17  -1.0697e-06       34.965   6.6689e+05        24381       1.2496     0.030132            0            0            0            0            0            0            0            0            0         1000        0.165            0  
          0            5            0        0.199     0.021717     0.013955    0.0077614  -5.7846e-17   -0.0012851  -8.0829e-05   -0.0012043  -3.8411e-18  -3.2441e-17   2.9193e-19  -3.2733e-17       9.1635       4.0878       2.2417       1199.7       130.92      -57.949  -3.4874e-13       1199.2      -104.92  -7.0218e-13       1199.2            0            0            0       198.82       62.411          200        6.228  -3.3204e-15      -3.4132  -1.1135e-13      0.16824  -4.2275e-17  -1.0707e-06       38.815   6.1225e+05        26185       1.2489      0.03348            0            0            0            0            0            0            0            0            0         1000        0.165            0  
          0          5.5            0       0.2187     0.023367     0.013987    0.0093801  -6.0106e-17   -0.0014215  -8.9281e-05   -0.0013322    4.161e-19  -2.8778e-17    1.681e-19  -2.8946e-17       9.3593       4.3769       2.1383       1318.5       140.88      -70.082  -3.6237e-13       1317.8      -126.89  -5.8131e-13       1317.8            0            0            0       198.87       58.288          200       6.0987   1.0874e-14      -3.7754  -9.7557e-14      0.16838  -3.6326e-17  -1.0717e-06       42.653   5.7181e+05        28175       1.2481     0.036824            0            0            0            0            0            0            0            0            0         1000        0.165            0  
          0            6            0      0.23834      0.02518     0.014032     0.011148  -9.3171e-17   -0.0015577  -9.7879e-05   -0.0014598  -2.3543e-17  -2.9846e-17   1.7841e-19  -3.0025e-17       9.4656       4.6211       2.0483       1436.9        151.8      -83.356  -5.6171e-13       1436.1      -150.94  -3.3204e-14       1436.1            0            0            0       198.89       55.208          200       6.0307  -6.9147e-14       -4.137  -1.0962e-13      0.16852   -8.261e-18  -1.0728e-06       46.478   5.4159e+05        30361       1.2473     0.040166            0            0            0            0            0            0            0            0            0         1000        0.165            0  
          0          6.5            0      0.25791     0.027144      0.01408     0.013064  -8.3809e-17   -0.0016934  -0.00010655   -0.0015868  -4.7056e-17  -3.5333e-17   3.3041e-19  -3.5663e-17       9.5018       4.8255       1.9691       1554.9       163.64      -97.766  -5.0527e-13       1553.8      -177.04  -4.6817e-13       1553.8            0            0            0        198.9        52.87          200       6.0079  -1.4568e-13      -4.4975  -1.3787e-13      0.16868  -1.2999e-17  -1.0739e-06       50.289   5.1865e+05        32729       1.2463     0.043505            0            0            0            0            0            0            0            0            0         1000        0.165            0  
          0            7            0      0.27741     0.029256     0.014129     0.015127  -7.1244e-17   -0.0018287  -0.00011529   -0.0017134  -2.3953e-17  -2.8553e-17   1.5959e-19  -2.8713e-17       9.4824       4.9944       1.8986       1672.5       176.38      -113.31  -4.2952e-13       1671.1      -205.19  -6.3519e-13       1671.1            0            0            0        198.9       51.082          200       6.0201  -6.9147e-14      -4.8569   -1.066e-13      0.16885  -5.7499e-17   -1.075e-06       54.084   5.0111e+05        35275       1.2453      0.04684            0            0            0            0            0            0            0            0            0         1000        0.165            0  
          0          7.5            0      0.29684     0.031514     0.014181     0.017334  -6.4486e-17   -0.0019636  -0.00012415   -0.0018395   -3.565e-18  -4.1134e-17  -6.8871e-20  -4.1065e-17       9.4191       5.1318       1.8354       1789.6       189.99      -129.98  -3.8878e-13       1787.9      -235.38  -2.3691e-13       1787.9            0            0            0       198.88       49.714          200       6.0602   6.2257e-15      -5.2151  -1.4069e-13      0.16902  -1.2269e-17  -1.0762e-06       57.862   4.8769e+05        37999       1.2443     0.050172            0            0            0            0            0            0            0            0            0         1000        0.165            0  
          0            8            0      0.31618     0.033919     0.014234     0.019684  -7.3614e-17    -0.002098  -0.00013313   -0.0019649    2.754e-18  -4.4449e-17  -2.0989e-19  -4.4239e-17       9.3217       5.2416       1.7784       1906.2       204.49      -147.77   -4.438e-13       1904.2      -267.61  -2.3973e-13       1904.2            0            0            0       198.86       48.673          200       6.1231   3.0298e-14      -5.5722  -1.4884e-13      0.16921  -3.4751e-17  -1.0775e-06       61.623   4.7748e+05        40898       1.2431       0.0535            0            0            0            0            0            0            0            0            0         1000        0.165            0  
          0          8.5            0      0.33543     0.036467     0.014291     0.022176  -9.9512e-17    -0.002232   -0.0001422   -0.0020898  -4.8206e-17  -4.5548e-17   2.6321e-20  -4.5574e-17       9.1983       5.3273       1.7266       2022.3       219.85      -166.68  -5.9994e-13       2019.8      -301.86  -6.7835e-13       2019.8            0            0            0       198.83       47.889          200       6.2046  -1.3962e-13      -5.9279  -1.7794e-13      0.16941  -3.9796e-17  -1.0788e-06       65.365   4.6979e+05        43970       1.2419     0.056824            0            0            0            0            0            0            0            0            0         1000        0.165            0  
          0            9            0       0.3546     0.039158      0.01435     0.024808  -1.0138e-16   -0.0023653  -0.00015135    -0.002214  -1.7808e-17  -4.2306e-17  -4.4093e-20  -4.2262e-17       9.0556       5.3924       1.6793       2137.8       236.07       -186.7  -6.1121e-13       2134.9      -338.13   2.0869e-13       2134.9            0            0            0       198.79       47.312          200       6.3016  -3.7437e-14       -6.282    -1.52e-13      0.16961  -1.7823e-17  -1.0801e-06       69.086   4.6413e+05        47215       1.2406     0.060144            0            0            0            0            0            0            0            0            0         1000        0.165            0  
          0          9.5            0      0.37366     0.041987      0.01441     0.027577  -7.4724e-17   -0.0024981  -0.00016065   -0.0023375  -4.5235e-17  -4.4977e-17  -1.5093e-19  -4.4826e-17       8.8994         5.44       1.6359       2252.7       253.13      -207.83   -4.505e-13       2249.3       -376.4  -4.4327e-13       2249.3            0            0            0       198.75       46.898          200       6.4113  -1.2692e-13      -6.6348  -1.7675e-13      0.16983  -5.1735e-17  -1.0816e-06       72.787   4.6007e+05        50626       1.2393     0.063459            0            0            0            0            0            0            0            0            0         1000        0.165            0  
          0           10            0      0.39262     0.044954     0.014473     0.030482  -1.0673e-16   -0.0026303  -0.00017007   -0.0024602   1.6887e-17   -5.551e-17  -1.7854e-19  -5.5331e-17       8.7337       5.4725       1.5959         2367       271.02      -230.05  -6.4348e-13         2363      -416.65  -4.1007e-13         2363            0            0            0        198.7       46.619          200       6.5319   8.9484e-14      -6.9859  -1.7644e-13      0.17006   2.4198e-17  -1.0831e-06       76.465   4.5733e+05        54204       1.2379      0.06677            0            0            0            0            0            0            0            0            0         1000        0.165            0  
          0         10.5            0      0.41147     0.048057     0.014538     0.033519   -1.146e-16   -0.0027619  -0.00017963   -0.0025823  -1.8841e-17  -5.4749e-17  -1.0536e-19  -5.4644e-17       8.5621       5.4922       1.5589       2480.7       289.73      -253.37  -6.9092e-13         2476      -458.89  -5.1532e-13         2476            0            0            0       198.65       46.451          200       6.6616  -2.9219e-14      -7.3353  -1.9534e-13       0.1703   4.1426e-17  -1.0847e-06        80.12   4.5569e+05        57945       1.2364     0.070075            0            0            0            0            0            0            0            0            0         1000        0.165            0  
          0           11            0      0.43021     0.051292     0.014604     0.036688  -6.8765e-17   -0.0028928  -0.00018927   -0.0027035     3.52e-17  -4.9352e-17   1.9471e-19  -4.9546e-17       8.3875       5.5014       1.5246       2593.6       309.23      -277.77  -4.1457e-13       2588.2      -503.09  -5.6645e-13       2588.2            0            0            0       198.59       46.374          200        6.799   1.5008e-13      -7.6829  -1.4229e-13      0.17056  -9.2814e-19  -1.0863e-06        83.75   4.5493e+05        61846       1.2348     0.073375            0            0            0            0            0            0            0            0            0         1000        0.165            0  
          0         11.5            0      0.44883     0.054661     0.014677     0.039985   -9.462e-17   -0.0030233  -0.00019945   -0.0028239  -5.5905e-17  -4.0285e-17  -3.9562e-19   -3.989e-17       8.2111        5.501       1.4927       2705.9       329.54      -303.25  -5.7044e-13       2699.6      -549.25  -6.3519e-13       2699.6            0            0            0       198.53       46.377          200       6.9436  -1.5971e-13      -8.0296  -1.7267e-13      0.17082  -3.9758e-17   -1.088e-06       87.354   4.5496e+05        65908       1.2332     0.076669            0            0            0            0            0            0            0            0            0         1000        0.165            0  
          0           12            0      0.46733     0.058162     0.014755     0.043407  -1.1737e-16   -0.0031529  -0.00020954   -0.0029434   -1.367e-16  -2.1203e-17   6.9972e-20  -2.1273e-17       8.0349       5.4928       1.4628       2817.4       350.65       -329.8  -7.0761e-13       2810.3      -597.34  -5.2794e-13       2810.3            0            0            0       198.47       46.447          200       7.0943  -4.4095e-13      -8.3738  -1.6764e-13      0.17109  -5.1089e-17  -1.0898e-06       90.932   4.5564e+05        70129       1.2315     0.079957            0            0            0            0            0            0            0            0            0         1000        0.165            0  
          0         12.5            0       0.4857     0.061787     0.014834     0.046954  -9.0939e-17   -0.0032817  -0.00021978    -0.003062   1.6672e-17   -3.443e-17  -1.0002e-19   -3.433e-17       7.8608       5.4784       1.4349       2928.2        372.5      -357.41  -5.4825e-13         2920      -647.36    3.337e-14         2920            0            0            0        198.4       46.569          200       7.2498   8.0851e-14       -8.716  -1.0237e-13      0.17138   9.2699e-18  -1.0916e-06       94.482   4.5684e+05        74500       1.2298      0.08324            0            0            0            0            0            0            0            0            0         1000        0.165            0  
          0           13            0      0.50394     0.065533     0.014913      0.05062  -6.3848e-17   -0.0034096  -0.00023001   -0.0031796   1.6503e-18  -3.6662e-17  -9.7197e-20  -3.6565e-17       7.6898       5.4589       1.4087       3038.1       395.09      -386.07  -3.8493e-13       3028.9      -699.28  -1.9922e-15       3028.9            0            0            0       198.33       46.736          200       7.4093   3.3536e-14      -9.0556  -1.2062e-13      0.17168  -1.1885e-17  -1.0936e-06       98.003   4.5848e+05        79017        1.228     0.086516            0            0            0            0            0            0            0            0            0         1000        0.165            0  
          0         13.5            0      0.52204     0.069396     0.014992     0.054405  -9.7427e-17   -0.0035366  -0.00024036   -0.0032963   -3.603e-17  -3.7069e-17  -1.7278e-20  -3.7052e-17       7.5226       5.4352        1.384       3147.3       418.38      -415.78  -5.8737e-13       3136.9       -753.1  -1.1462e-12       3136.9            0            0            0       198.26       46.939          200       7.5721  -8.9982e-14      -9.3929  -1.5161e-13      0.17199  -5.0455e-17  -1.0956e-06       101.49   4.6047e+05        83675       1.2261     0.089785            0            0            0            0            0            0            0            0            0         1000        0.165            0  
          0           14            0         0.54     0.073374      0.01507     0.058304  -1.0328e-16   -0.0036627  -0.00025077   -0.0034119  -8.6006e-17  -4.6012e-17   3.2454e-19  -4.6336e-17       7.3595       5.4081       1.3608       3255.5       442.36      -446.53  -6.2267e-13       3243.9      -808.79  -1.2468e-12       3243.9            0            0            0       198.18       47.174          200       7.7378  -2.4637e-13      -9.7277  -2.2316e-13      0.17231   1.2519e-17  -1.0976e-06       104.95   4.6278e+05        88471       1.2242     0.093048            0            0            0            0            0            0            0            0            0         1000        0.165            0  
          0         14.5            0      0.55781     0.077462     0.015147     0.062315  -8.7074e-17   -0.0037876   -0.0002611   -0.0035265   7.8166e-17  -6.1783e-17   1.2779e-19  -6.1911e-17       7.2012       5.3783       1.3389       3362.9          467       -478.3  -5.2495e-13       3349.9      -866.34   4.7847e-13       3349.9            0            0            0        198.1       47.435          200       7.9059   3.1095e-13       -10.06   -1.372e-13      0.17264    4.838e-18  -1.0998e-06       108.38   4.6534e+05        93400       1.2222     0.096303            0            0            0            0            0            0            0            0            0         1000        0.165            0  
          0           15            0      0.57548     0.081657     0.015222     0.066435  -1.1422e-16   -0.0039116  -0.00027159     -0.00364  -1.2879e-17  -4.8628e-17   9.5605e-22  -4.8628e-17       7.0475       5.3463       1.3182       3469.4       492.29      -511.08  -6.8859e-13       3454.9      -925.73   8.3009e-15       3454.9            0            0            0       198.02        47.72          200        8.076   4.9806e-16      -10.389  -1.7154e-13      0.17299   2.6749e-17   -1.102e-06       111.78   4.6813e+05        98458       1.2202     0.099551            0            0            0            0            0            0            0            0            0         1000        0.165            0  
          0         15.5            0      0.59299     0.085957     0.015296      0.07066  -9.7252e-17   -0.0040346  -0.00028222   -0.0037524    6.526e-17  -6.3835e-17    1.327e-19  -6.3968e-17       6.8987       5.3124       1.2986         3575       518.21      -544.87  -5.8631e-13       3558.8      -986.95  -1.4148e-12       3558.8            0            0            0       197.93       48.024          200       8.2479   2.7277e-13      -10.716  -1.5038e-13      0.17335  -2.6215e-17  -1.1043e-06       115.14   4.7112e+05   1.0364e+05       1.2181      0.10279            0            0            0            0            0            0            0            0            0         1000        0.165            0  
          0           16            0      0.61034     0.090358      0.01537     0.074988  -1.3819e-16   -0.0041566  -0.00029299   -0.0038636  -6.3117e-17  -5.1743e-17  -1.1402e-19  -5.1629e-17       6.7546        5.277         1.28       3679.6       544.75      -579.66  -8.3314e-13       3661.7        -1050  -1.4928e-12       3661.7            0            0            0       197.84       48.346          200       8.4213  -1.5838e-13      -11.039  -2.2903e-13      0.17371  -3.2305e-17  -1.1066e-06       118.46   4.7428e+05   1.0895e+05       1.2159      0.10602            0            0            0            0            0            0            0            0            0         1000        0.165            0  
          0         16.5            0      0.62753     0.094859     0.015445     0.079415  -7.1461e-17   -0.0042774   -0.0003038   -0.0039736  -8.1059e-17  -2.3644e-17  -6.3532e-20   -2.358e-17       6.6153       5.2405       1.2624       3783.2       571.89      -615.44  -4.3082e-13       3763.4      -1114.8  -1.3723e-12       3763.4            0            0            0       197.75       48.683          200        8.596  -2.4222e-13       -11.36  -1.5587e-13      0.17409   5.5731e-18  -1.1091e-06       121.75   4.7758e+05   1.1438e+05       1.2137      0.10925            0            0            0            0            0            0            0            0            0         1000        0.165            0  
          0           17            0      0.64455     0.099456     0.015519     0.083937  -8.8163e-17   -0.0043971  -0.00031468   -0.0040824  -2.1487e-17   -3.388e-17   1.0271e-19  -3.3983e-17       6.4808        5.203       1.2456       3885.8        599.6      -652.19  -5.3152e-13         3864      -1181.3  -9.5627e-14         3864            0            0            0       197.66       49.034          200       8.7717  -3.6192e-14      -11.678  -1.3178e-13      0.17449   2.4139e-18  -1.1116e-06          125   4.8102e+05   1.1992e+05       1.2115      0.11247            0            0            0            0            0            0            0            0            0         1000        0.165            0  
          0         17.5            0       0.6614      0.10415     0.015594     0.088551  -1.1457e-16    -0.004516    -0.000326     -0.00419  -5.1475e-17   -3.283e-17   2.7244e-19  -3.3102e-17       6.3508       5.1648       1.2296       3987.4       627.87       -689.9  -6.9074e-13       3963.4      -1249.7  -5.4587e-13       3963.4            0            0            0       197.57       49.396          200       8.9484  -1.3348e-13      -11.994   -1.595e-13      0.17489   4.4446e-17  -1.1142e-06       128.22   4.8457e+05   1.2557e+05       1.2092      0.11567            0            0            0            0            0            0            0            0            0         1000        0.165            0  
          0           18            0      0.67808      0.10892      0.01567     0.093254  -1.3035e-16   -0.0046335  -0.00033726   -0.0042962   4.6312e-17  -6.0317e-17  -2.6516e-19  -6.0052e-17       6.2252       5.1262       1.2144         4088       656.68      -728.56  -7.8586e-13       4061.6      -1319.7  -5.8804e-13       4061.6            0            0            0       197.47       49.769          200       9.1258    2.135e-13      -12.306  -1.4684e-13      0.17531   6.1973e-17  -1.1168e-06       131.39   4.8823e+05   1.3134e+05       1.2068      0.11887            0            0            0            0            0            0            0            0            0         1000        0.165            0  
          0         18.5            0      0.69457      0.11379     0.015747     0.098042  -1.4434e-16   -0.0047498  -0.00034862   -0.0044012  -9.0501e-17  -9.5221e-17  -4.0406e-19  -9.4817e-17       6.1041       5.0872       1.1999       4187.4       686.01      -768.17  -8.7018e-13       4158.6      -1391.4  -1.4978e-12       4158.6            0            0            0       197.37        50.15          200       9.3038  -1.9009e-13      -12.615  -4.0593e-13      0.17574  -6.7399e-18  -1.1196e-06       134.52   4.9197e+05    1.372e+05       1.2045      0.12206            0            0            0            0            0            0            0            0            0         1000        0.165            0  
          0           19            0      0.71089      0.11873     0.015823      0.10291  -9.8979e-17   -0.0048647  -0.00035995   -0.0045047  -8.6777e-17   1.3125e-18   1.8727e-19   1.1252e-18       5.9872       5.0481        1.186       4285.8       715.82       -808.7  -5.9672e-13       4254.3      -1464.9    9.317e-13       4254.3            0            0            0       197.27       50.538          200       9.4821  -2.8107e-13       -12.92  -9.2078e-14      0.17618   9.5292e-18  -1.1224e-06       137.62   4.9578e+05   1.4316e+05        1.202      0.12524            0            0            0            0            0            0            0            0            0         1000        0.165            0  
          0         19.5            0      0.72702      0.12376     0.015899      0.10786  -1.2659e-16   -0.0049783  -0.00037138   -0.0046069  -1.3917e-16   1.0707e-17   5.1953e-20   1.0655e-17       5.8746        5.009       1.1728       4383.1        746.1      -850.15  -7.6318e-13       4348.7        -1540   4.2634e-13       4348.7            0            0            0       197.16       50.933          200       9.6605  -4.5954e-13      -13.222  -1.2398e-13      0.17663   7.2838e-17  -1.1253e-06       140.67   4.9965e+05   1.4922e+05       1.1995      0.12841            0            0            0            0            0            0            0            0            0         1000        0.165            0  
          0           20            0      0.74296      0.12885     0.015975      0.11288  -1.5431e-16   -0.0050906  -0.00038291   -0.0047077  -4.6805e-17  -3.9968e-17  -1.8686e-19  -3.9781e-17        5.766         4.97       1.1602       4479.2       776.82       -892.5  -9.3031e-13       4441.8      -1616.7  -1.6662e-12       4441.8            0            0            0       197.06       51.332          200       9.8389   -1.036e-13       -13.52  -1.8282e-13       0.1771   3.9659e-18  -1.1283e-06       143.67   5.0357e+05   1.5536e+05        1.197      0.13158            0            0            0            0            0            0            0            0            0         1000        0.165            0  
          0         20.5            0      0.75872      0.13402      0.01605      0.11797  -1.4928e-16   -0.0052016  -0.00039456    -0.004807   3.6722e-17  -6.9772e-17  -2.1254e-19   -6.956e-17       5.6613       4.9313        1.148       4574.1       807.96      -935.74  -8.9995e-13       4533.5        -1695  -1.0768e-12       4533.5            0            0            0       196.95       51.736          200       10.017   2.0038e-13      -13.815  -1.7897e-13      0.17757  -3.2666e-18  -1.1313e-06       146.64   5.0753e+05   1.6159e+05       1.1944      0.13473            0            0            0            0            0            0            0            0            0         1000        0.165            0  
          0           21            0      0.77427      0.13925     0.016125      0.12312  -1.4758e-16   -0.0053111  -0.00040623   -0.0049049  -5.6339e-17  -1.9124e-17   9.1383e-20  -1.9215e-17       5.5604       4.8928       1.1365       4667.9       839.49      -979.86  -8.8974e-13       4623.9      -1774.9  -2.4073e-13       4623.9            0            0            0       196.84       52.143          200       10.195  -1.5589e-13      -14.106  -1.2981e-13      0.17806  -1.6503e-17  -1.1344e-06       149.56   5.1152e+05    1.679e+05       1.1918      0.13787            0            0            0            0            0            0            0            0            0         1000        0.165            0  
          0         21.5            0      0.78963      0.14454     0.016198      0.12834    -9.51e-17   -0.0054191  -0.00041788   -0.0050012  -6.7499e-17  -1.9148e-17   -8.021e-21   -1.914e-17       5.4631       4.8546       1.1254       4760.5       871.39      -1024.8  -5.7334e-13       4712.8      -1856.4   1.4175e-12       4712.8            0            0            0       196.73       52.553          200       10.373  -1.9026e-13      -14.393  -1.4515e-13      0.17856  -6.8458e-17  -1.1377e-06       152.43   5.1554e+05   1.7428e+05       1.1892        0.141            0            0            0            0            0            0            0            0            0         1000        0.165            0  
          0           22            0      0.80478      0.14988     0.016271      0.13361  -1.0141e-16   -0.0055257  -0.00042968    -0.005096   5.6126e-17   -5.384e-17   8.9046e-20  -5.3929e-17       5.3693       4.8168       1.1147       4851.9       903.62      -1070.7  -6.1136e-13       4800.3      -1939.5  -3.2573e-13       4800.3            0            0            0       196.62       52.965          200        10.55   2.4637e-13      -14.676  -9.8459e-14      0.17908    4.414e-18  -1.1409e-06       155.26   5.1959e+05   1.8072e+05       1.1865      0.14412            0            0            0            0            0            0            0            0            0         1000        0.165            0  
          0         22.5            0      0.81973      0.15528     0.016343      0.13894  -8.7561e-17   -0.0056307  -0.00044145   -0.0051892   9.6467e-17  -8.3358e-17  -1.4048e-19  -8.3217e-17       5.2789       4.7795       1.1045         4942       936.18      -1117.3  -5.2789e-13       4886.4        -2024   6.5743e-14       4886.4            0            0            0       196.51       53.379          200       10.727   4.1256e-13      -14.955  -1.3671e-13       0.1796   1.8812e-17  -1.1443e-06       158.04   5.2365e+05   1.8724e+05       1.1838      0.14723            0            0            0            0            0            0            0            0            0         1000        0.165            0  
          0           23            0      0.83448      0.16073     0.016414      0.14432  -4.1077e-17   -0.0057342  -0.00045336   -0.0052809   1.2382e-16  -8.2075e-17  -8.9267e-21  -8.2067e-17       5.1917       4.7426       1.0947       5030.9       969.03      -1164.8  -2.4764e-13       4970.9        -2110  -1.0277e-12       4970.9            0            0            0       196.39       53.794          200       10.902   4.9806e-13       -15.23  -9.2566e-14      0.18014  -1.4784e-17  -1.1477e-06       160.77   5.2772e+05   1.9381e+05       1.1811      0.15032            0            0            0            0            0            0            0            0            0         1000        0.165            0  
          0         23.5            0      0.84901      0.16623     0.016485      0.14974  -1.1111e-16   -0.0058362  -0.00046528   -0.0053709   7.1346e-18  -2.1481e-17    1.998e-19  -2.1681e-17       5.1076       4.7062       1.0853       5118.5       1002.1      -1213.1  -6.6986e-13         5054      -2197.5  -8.9351e-13         5054            0            0            0       196.27        54.21          200       11.078   5.1798e-14        -15.5  -5.7287e-14      0.18069  -1.8877e-17  -1.1513e-06       163.45    5.318e+05   2.0043e+05       1.1783      0.15341            0            0            0            0            0            0            0            0            0         1000        0.165            0  
          0           24            0      0.86334      0.17176     0.016554       0.1552  -1.4143e-16   -0.0059366   -0.0004773   -0.0054593  -1.5462e-17  -6.1534e-17   2.4247e-19  -6.1776e-17       5.0265       4.6704       1.0762       5204.9       1035.5      -1262.2  -8.5267e-13       5135.5      -2286.5  -1.2488e-12       5135.5            0            0            0       196.16       54.626          200       11.252    3.752e-14      -15.767   -2.131e-13      0.18126  -1.0526e-17  -1.1549e-06       166.08   5.3588e+05    2.071e+05       1.1755      0.15649            0            0            0            0            0            0            0            0            0         1000        0.165            0  
          0         24.5            0      0.87744      0.17733     0.016622       0.1607  -4.7013e-17   -0.0060353  -0.00048932   -0.0055459  -7.1039e-17  -5.4938e-17  -2.4602e-19  -5.4692e-17       4.9482       4.6351       1.0676       5289.9       1069.1      -1312.1  -2.8343e-13       5215.4      -2376.8  -1.4291e-12       5215.4            0            0            0       196.04       55.042          200       11.425  -1.4311e-13      -16.029  -2.7094e-13      0.18183   3.0537e-17  -1.1585e-06       168.66   5.3996e+05   2.1381e+05       1.1727      0.15955            0            0            0            0            0            0            0            0            0         1000        0.165            0  
          0           25            0      0.89133      0.18293     0.016689      0.16624  -1.7029e-16   -0.0061323  -0.00050133   -0.0056309  -1.8605e-16   -2.967e-17  -1.9511e-19  -2.9475e-17       4.8727       4.6003       1.0592       5373.7       1102.8      -1362.7  -1.0266e-12       5293.7      -2468.5  -3.9678e-13       5293.8            0            0            0       195.92       55.458          200       11.598  -5.3259e-13      -16.287  -3.5986e-13      0.18242   4.0874e-17  -1.1623e-06       171.19   5.4404e+05   2.2056e+05       1.1698       0.1626            0            0            0            0            0            0            0            0            0         1000        0.165            0  
          0         25.5            0      0.90501      0.18855     0.016756       0.1718  -1.5593e-16   -0.0062276  -0.00051342   -0.0057142   4.8678e-17  -7.9673e-17   9.5035e-20  -7.9768e-17       4.7998       4.5661       1.0512       5456.1       1136.7      -1414.1  -9.4007e-13       5370.5      -2561.6  -1.2883e-12       5370.5            0            0            0        195.8       55.873          200       11.769   2.6696e-13       -16.54  -1.7363e-13      0.18302   3.3653e-17  -1.1661e-06       173.67   5.4811e+05   2.2735e+05        1.167      0.16564            0            0            0            0            0            0            0            0            0         1000        0.165            0  
          0           26            0      0.91846       0.1942     0.016821      0.17738  -1.0136e-16   -0.0063212   -0.0005255   -0.0057957    2.326e-17   -6.076e-17  -2.9107e-19  -6.0469e-17       4.7294       4.5325       1.0434       5537.2       1170.8      -1466.2   -6.111e-13       5445.6        -2656  -1.3836e-12       5445.6            0            0            0       195.67       56.287          200       11.939    1.617e-13      -16.788  -1.5187e-13      0.18364    6.776e-18    -1.17e-06       176.09   5.5218e+05   2.3416e+05       1.1641      0.16866            0            0            0            0            0            0            0            0            0         1000        0.165            0  
          0         26.5            0      0.93169      0.19987     0.016886      0.18298  -1.3601e-16    -0.006413  -0.00053762   -0.0058754  -1.5217e-16   1.6304e-17  -3.2998e-19   1.6634e-17       4.6615       4.4995        1.036       5616.9         1205        -1519     -8.2e-13         5519      -2751.7   9.1642e-14         5519            0            0            0       195.55         56.7          200       12.108  -4.8975e-13      -17.032  -1.8183e-13      0.18426   6.8572e-18   -1.174e-06       178.46   5.5623e+05   2.4099e+05       1.1612      0.17167            0            0            0            0            0            0            0            0            0         1000        0.165            0  
          0           27            0      0.94469      0.20555     0.016949       0.1886  -6.7039e-17   -0.0065029  -0.00054962   -0.0059533  -1.2632e-16   4.1211e-17   4.0928e-20    4.117e-17        4.596       4.4671       1.0289       5695.3       1239.2      -1572.5  -4.0416e-13       5590.8      -2848.6  -9.6258e-13       5590.8            0            0            0       195.43       57.112          200       12.275  -4.4759e-13      -17.271  -6.9956e-14       0.1849  -1.1835e-17  -1.1781e-06       180.78   5.6027e+05   2.4784e+05       1.1583      0.17467            0            0            0            0            0            0            0            0            0         1000        0.165            0  
          0         27.5            0      0.95747      0.21124     0.017011      0.19423  -1.2833e-16    -0.006591  -0.00056158   -0.0060294  -8.0818e-17   1.0107e-17  -1.6119e-19   1.0268e-17       4.5327       4.4352        1.022       5772.4       1273.5      -1626.7   -7.737e-13       5660.8      -2946.8  -6.6009e-13       5660.8            0            0            0        195.3       57.522          200       12.441  -2.6065e-13      -17.505  -9.6768e-14      0.18555   5.9104e-17  -1.1823e-06       183.04   5.6429e+05    2.547e+05       1.1553      0.17766            0            0            0            0            0            0            0            0            0         1000        0.165            0  
          0           28            0      0.97002      0.21693     0.017071      0.19986  -1.0203e-16   -0.0066773  -0.00057364   -0.0061036   2.2683e-16  -1.9368e-16   2.0529e-19  -1.9388e-16       4.4716        4.404       1.0153         5848       1307.8      -1681.6  -6.1511e-13       5729.2      -3046.3  -1.3238e-12       5729.2            0            0            0       195.18       57.929          200       12.606   9.9345e-13      -17.734  -2.2001e-13      0.18622  -1.6636e-17  -1.1865e-06       185.25   5.6829e+05   2.6156e+05       1.1524      0.18063            0            0            0            0            0            0            0            0            0         1000        0.165            0  
          0         28.5            0      0.98234      0.22262      0.01713      0.20549  -1.7479e-16   -0.0067617  -0.00058574    -0.006176   1.4377e-17  -1.5049e-16  -2.6733e-19  -1.5022e-16       4.4126       4.3734        1.009       5922.3       1342.1      -1737.1  -1.0538e-12       5795.8      -3146.8   -1.716e-12       5795.8            0            0            0       195.05       58.335          200       12.769   2.8754e-13      -17.958  -4.2804e-13      0.18689  -8.9144e-18  -1.1908e-06       187.39   5.7227e+05   2.6843e+05       1.1494      0.18359            0            0            0            0            0            0            0            0            0         1000        0.165            0  
          0           29            0      0.99442      0.22831     0.017189      0.21112  -8.0257e-17   -0.0068445  -0.00059809   -0.0062465  -1.5538e-16   2.3161e-17   -1.597e-19    2.332e-17       4.3556       4.3434       1.0028       5995.2       1376.4      -1793.3  -4.8385e-13       5860.6      -3248.6   2.0121e-13       5860.6            0            0            0       194.93       58.738          200       12.931  -5.0204e-13      -18.178  -1.8779e-13      0.18758   1.2572e-17  -1.1952e-06       189.49   5.7622e+05   2.7529e+05       1.1465      0.18654            0            0            0            0            0            0            0            0            0         1000        0.165            0  
          0         29.5            0       1.0063      0.23399     0.017247      0.21675  -1.7631e-16   -0.0069257  -0.00061067    -0.006315   5.9684e-17   -4.346e-17  -2.6796e-19  -4.3192e-17       4.3005        4.314      0.99687       6066.7       1410.7      -1850.1   -1.063e-12       5923.6      -3351.4  -3.1042e-12       5923.6            0            0            0        194.8       59.139          200        13.09   2.4969e-13      -18.394  -2.9074e-14      0.18828   4.6412e-17  -1.1997e-06       191.52   5.8015e+05   2.8214e+05       1.1435      0.18947            0            0            0            0            0            0            0            0            0         1000        0.165            0  
          0           30            0       1.0179      0.23966     0.017304      0.22236  -1.5381e-16   -0.0070048   -0.0006232   -0.0063816  -9.5472e-17  -3.4718e-17   -1.375e-20  -3.4704e-17       4.2473       4.2852      0.99117       6136.7       1444.9      -1907.4  -9.2726e-13       5984.8      -3455.3   7.0425e-13       5984.8            0            0            0       194.68       59.536          200       13.249   -2.228e-13      -18.604  -2.6499e-13        0.189   6.1465e-17  -1.2043e-06       193.49   5.8405e+05   2.8897e+05       1.1406      0.19238            0            0            0            0            0            0            0            0            0         1000        0.165            0  
