MK84_BigWing_ControlFins-fins-down
FINSDOWN-T5-a0.0°-200.0m/s-VLM2-x0.165m


 Ctrl        Alpha        Beta         CL           CD           CD_viscous   CD_induced   CY           Cm           Cm_viscous   Cm_pressure  Cl           Cn           Cn_viscous   Cn_pressure  CL/CD        CL^(3/2)/CD  1/sqrt(CL)   Lift_(N)     Drag_(N)     Fx_FF_(N)    Fy_FF_(N)    Fz_FF_(N)    Fx_sum_(N)   Fy_sum_(N)   Fz_sum_(N)   Extra_drag_(N)  Fuse_drag_(N)  Cf_Fuse      Vx_(m/s)     Vz_(m/s)     V_(m/s)      Gamma        L_(N.m)      M_(N.m)      N_(N.m)      CPx_(m)      CPy_(m)      CPz_(m)      BM_(N.m)     m.g.Vz_(W)   Drag_x_V_(W)  Efficiency   XCp.Cl       XNP_(m)      Phugoid_Freq._(Hz)  Phugoid_Damping  Short_Period_Freq._(Hz)  Short_Period_Damping_Ratio  Dutch_Roll_Freq._(Hz)  Dutch_Roll_Damping  Roll_Damping  Spiral_Damping  Mass_(kg)    CoG_x_(m)    CoG_z_(m)    
          0            0          -20   -0.0038152    -0.045699    0.0075977    -0.053297      0.28044     0.028291   -0.0021713     0.030462      0.15743   -0.0025633   0.00014175   -0.0027051     0.083485    0.0051566            0      -23.001       322.12      -321.32       1690.7      -23.001      -615.36       1690.7      -334.19            0            0            0       16.639        49475          200       85.228        536.9       75.137      -8.7419       2.0681      -12.774       -2.095      -117.16   4.8535e+08       -55102  -6.6849e-05   -0.0078902            0            0            0            0            0            0            0            0            0         1000        0.165            0  
          0            0        -19.5    -0.003638    -0.043196     0.007572    -0.050768      0.27456     0.026849   -0.0021698     0.029019      0.15413   -0.0025107    0.0001377   -0.0026484     0.084221    0.0050799            0      -21.933       309.68      -306.07       1655.3      -21.933      -586.16       1655.3      -318.36            0            0            0       16.785        50222          200       85.186       525.65       71.308      -8.5625       2.0663      -13.115      -2.0929      -114.66   4.9268e+08       -52084  -6.3812e-05   -0.0075174            0            0            0            0            0            0            0            0            0         1000        0.165            0  
          0            0          -19   -0.0034646    -0.040747     0.007546    -0.048293       0.2686     0.025438   -0.0021679     0.027606      0.15079   -0.0024573   0.00013364   -0.0025909     0.085028    0.0050048            0      -20.887       297.42      -291.15       1619.3      -20.887      -557.59       1619.4      -302.86            0            0            0       16.944        50975          200        85.14       514.25       67.562      -8.3803       2.0644      -13.473      -2.0907      -112.12   5.0007e+08       -49131   -6.084e-05   -0.0071525            0            0            0            0            0            0            0            0            0         1000        0.165            0  
          0            0        -18.5    -0.003295    -0.038353    0.0075197    -0.045872      0.26256     0.024059   -0.0021657     0.026225       0.1474    -0.002403   0.00012965   -0.0025326     0.085914    0.0049317            0      -19.865       285.34      -276.56       1582.9      -19.865      -529.64       1582.9       -287.7            0            0            0        17.12        51731          200        85.09       502.68       63.899      -8.1952       2.0624      -13.848      -2.0883      -109.55   5.0749e+08       -46244  -5.7934e-05   -0.0067957            0            0            0            0            0            0            0            0            0         1000        0.165            0  
          0            0          -18   -0.0031293    -0.036015    0.0074929    -0.043508      0.25644     0.022712   -0.0021631     0.024875      0.14396    -0.002348   0.00012562   -0.0024736     0.086891    0.0048607            0      -18.866       273.46       -262.3         1546      -18.866      -502.34         1546       -272.9            0            0            0       17.313        52487          200       85.034       490.96       60.321      -8.0075       2.0602      -14.241      -2.0857      -106.95   5.1489e+08       -43425  -5.5094e-05   -0.0064471            0            0            0            0            0            0            0            0            0         1000        0.165            0  
          0            0        -17.5   -0.0029676    -0.033733    0.0074655    -0.041199      0.25024     0.021398   -0.0021602     0.023558      0.14048   -0.0022922   0.00012162   -0.0024138     0.087973    0.0047924            0      -17.891       261.79      -248.38       1508.7      -17.891      -475.68       1508.7      -258.44            0            0            0       17.527        53235          200       84.972       479.09        56.83      -7.8173       2.0578      -14.654      -2.0829      -104.32   5.2224e+08       -40674  -5.2323e-05   -0.0061068            0            0            0            0            0            0            0            0            0         1000        0.165            0  
          0            0          -17   -0.0028098    -0.031509    0.0074379    -0.038947      0.24397     0.020116    -0.002157     0.022273      0.13696   -0.0022356   0.00011763   -0.0023533     0.089176     0.004727            0       -16.94       250.33       -234.8       1470.8       -16.94      -449.68       1470.8      -244.34            0            0            0       17.765        53972          200       84.904       467.08       53.425      -7.6244       2.0552      -15.089      -2.0798      -101.66   5.2946e+08       -37992  -4.9619e-05   -0.0057748            0            0            0            0            0            0            0            0            0         1000        0.165            0  
          0            0        -16.5   -0.0026561    -0.029342    0.0074102    -0.036752      0.23762     0.018867   -0.0021535      0.02102      0.13339   -0.0021784   0.00011366    -0.002292     0.090521    0.0046652            0      -16.013       239.09      -221.57       1432.5      -16.013      -424.34       1432.5       -230.6            0            0            0        18.03        54687          200       84.828       454.92       50.108      -7.4291       2.0524      -15.547      -2.0764      -98.976   5.3648e+08       -35379  -4.6985e-05   -0.0054513            0            0            0            0            0            0            0            0            0         1000        0.165            0  
          0            0          -16   -0.0025064    -0.027234    0.0073822    -0.034616      0.23119     0.017651   -0.0021496     0.019801      0.12979   -0.0021204   0.00010971   -0.0022301     0.092033    0.0046075            0      -15.111       228.09      -208.69       1393.8      -15.111      -399.67       1393.8      -217.22            0            0            0       18.329        55371          200       84.742       442.63        46.88      -7.2313       2.0493       -16.03      -2.0728      -96.261   5.4319e+08       -32837  -4.4421e-05   -0.0051364            0            0            0            0            0            0            0            0            0         1000        0.165            0  
          0            0        -15.5   -0.0023608    -0.025184    0.0073546    -0.032538       0.2247      0.01647   -0.0021457     0.018615      0.12614   -0.0020618    0.0001057   -0.0021675     0.093745    0.0045549            0      -14.233       217.33      -196.17       1354.7      -14.233      -375.69       1354.7      -204.22            0            0            0       18.667        56010          200       84.644        430.2       43.742      -7.0314        2.046       -16.54      -2.0688      -93.519   5.4946e+08       -30366  -4.1928e-05   -0.0048302            0            0            0            0            0            0            0            0            0         1000        0.165            0  
          0            0          -15   -0.0022195    -0.023193     0.007328    -0.030521      0.21814     0.015322   -0.0021417     0.017464      0.12246   -0.0020024   0.00010181   -0.0021042     0.095698    0.0045084            0      -13.381       206.83         -184       1315.1      -13.381      -352.39       1315.1      -191.58            0            0            0       19.052        56588          200       84.534       417.64       40.694      -6.8288       2.0423       -17.08      -2.0644       -90.75   5.5513e+08       -27965  -3.9507e-05   -0.0045327            0            0            0            0            0            0            0            0            0         1000        0.165            0  
          0            0        -14.5   -0.0020823    -0.021261    0.0073017    -0.028563      0.21151     0.014209   -0.0021376     0.016347      0.11874   -0.0019424   9.7858e-05   -0.0020402      0.09794    0.0044692            0      -12.554       196.59       -172.2       1275.2      -12.554      -329.78       1275.2      -179.32            0            0            0       19.495        57084          200       84.406       404.95       37.737      -6.6243       2.0382      -17.652      -2.0596      -87.957      5.6e+08       -25636  -3.7158e-05   -0.0042441            0            0            0            0            0            0            0            0            0         1000        0.165            0  
          0            0          -14   -0.0019494    -0.019389    0.0072767    -0.026666      0.20482      0.01313   -0.0021338     0.015264      0.11498   -0.0018817   9.3982e-05   -0.0019757      0.10054    0.0044391            0      -11.752       186.62      -160.76       1234.8      -11.752      -307.88       1234.8      -167.45            0            0            0       20.007        57472          200       84.259       392.14       34.872      -6.4174       2.0337      -18.259      -2.0542      -85.139    5.638e+08       -23378  -3.4883e-05   -0.0039645            0            0            0            0            0            0            0            0            0         1000        0.165            0  
          0            0        -13.5   -0.0018208    -0.017577     0.007253     -0.02483      0.19807     0.012086   -0.0021303     0.014216      0.11119   -0.0018203   9.0205e-05   -0.0019105      0.10359    0.0044202            0      -10.977       176.93      -149.69       1194.1      -10.977      -286.68       1194.1      -155.95            0            0            0       20.608        57717          200       84.086       379.21       32.099      -6.2081       2.0287      -18.905      -2.0483      -82.298    5.662e+08       -21193  -3.2681e-05   -0.0036939            0            0            0            0            0            0            0            0            0         1000        0.165            0  
          0            0          -13   -0.0016965    -0.015826    0.0072295    -0.023056      0.19125     0.011077   -0.0021267     0.013204      0.10737   -0.0017583   8.6478e-05   -0.0018448      0.10719    0.0044152            0      -10.228       167.53         -139         1153      -10.228       -266.2         1153      -144.84            0            0            0       21.317        57783          200       83.882       366.16       29.419      -5.9966       2.0232      -19.592      -2.0418      -79.435   5.6685e+08       -19082  -3.0555e-05   -0.0034324            0            0            0            0            0            0            0            0            0         1000        0.165            0  
          0            0        -12.5   -0.0015765    -0.014138    0.0072061    -0.021344      0.18438     0.010104    -0.002123     0.012227      0.10351   -0.0016957   8.2818e-05   -0.0017785      0.11151    0.0044277            0      -9.5047       158.41      -128.68       1111.6      -9.5047      -246.44       1111.6      -134.13            0            0            0       22.165        57619          200       83.637          353       26.835       -5.783       2.0171      -20.324      -2.0345       -76.55   5.6525e+08       -17047  -2.8504e-05     -0.00318            0            0            0            0            0            0            0            0            0         1000        0.165            0  
          0            0          -12    -0.001461    -0.012512    0.0071833    -0.019695      0.17745    0.0091667   -0.0021193     0.011286     0.099618   -0.0016325   7.9136e-05   -0.0017117      0.11677    0.0044635            0      -8.8083       149.59      -118.74       1069.8      -8.8083       -227.4       1069.8       -123.8            0            0            0       23.197        57158          200        83.34       339.74       24.346      -5.5676       2.0102      -21.107      -2.0264      -73.644   5.6072e+08       -15086  -2.6529e-05    -0.002937            0            0            0            0            0            0            0            0            0         1000        0.165            0  
          0            0        -11.5     -0.00135    -0.010948    0.0071615     -0.01811      0.17047    0.0082656   -0.0021156     0.010381     0.095698   -0.0015688   7.5495e-05   -0.0016443       0.1233    0.0045304            0      -8.1386       141.08      -109.18       1027.7      -8.1386      -209.09       1027.7      -113.88            0            0            0       24.476        56313          200       82.971       326.37       21.953      -5.3503       2.0025      -21.945      -2.0172      -70.718   5.5243e+08       -13201  -2.4632e-05   -0.0027033            0            0            0            0            0            0            0            0            0         1000        0.165            0  
          0            0          -11   -0.0012434   -0.0094478    0.0071403    -0.016588      0.16343    0.0074008    -0.002112    0.0095129     0.091748   -0.0015045   7.1925e-05   -0.0015765       0.1316    0.0046405            0      -7.4959       132.89      -100.01       985.31      -7.4959      -191.53       985.31      -104.35            0            0            0       26.096        54977          200       82.503        312.9       19.656      -5.1311       1.9938      -22.843      -2.0069      -67.773   5.3933e+08       -11392  -2.2812e-05    -0.002479            0            0            0            0            0            0            0            0            0         1000        0.165            0  
          0            0        -10.5   -0.0011413   -0.0080113    0.0071196    -0.015131      0.15635    0.0065729   -0.0021084    0.0086813     0.087771   -0.0014398   6.8367e-05   -0.0015081      0.14246    0.0048125            0      -6.8805          125      -91.221        942.6      -6.8805       -174.7        942.6      -95.226            0            0            0       28.206        53012          200       81.892       299.34       17.457      -4.9102       1.9839      -23.808      -1.9952       -64.81   5.2005e+08      -9659.8   -2.107e-05   -0.0022642            0            0            0            0            0            0            0            0            0         1000        0.165            0  
          0            0          -10   -0.0010437   -0.0066387    0.0070998    -0.013739      0.14922    0.0057818   -0.0021049    0.0078867     0.083767   -0.0013745   6.4855e-05   -0.0014393      0.15722    0.0050791            0      -6.2923       117.45      -82.827        899.6      -6.2923      -158.62        899.6      -86.508            0            0            0       31.062        50230          200       81.065       285.68       15.356      -4.6875       1.9727      -24.845      -1.9819      -61.829   4.9275e+08      -8004.7  -1.9408e-05    -0.002059            0            0            0            0            0            0            0            0            0         1000        0.165            0  
          0            0         -9.5  -0.00095073   -0.0053309    0.0070804    -0.012411      0.14204     0.005028   -0.0021012    0.0071292     0.079738   -0.0013087   6.1379e-05   -0.0013701      0.17834     0.005499            0      -5.7317       110.22      -74.825       856.33      -5.7317       -143.3       856.33      -78.199            0            0            0       35.115        46394          200       79.888       271.94       13.354      -4.4633       1.9599      -25.963      -1.9666      -58.833   4.5513e+08      -6427.8  -1.7826e-05   -0.0018633            0            0            0            0            0            0            0            0            0         1000        0.165            0  
          0            0           -9  -0.00086234   -0.0040885    0.0070612     -0.01115      0.13482    0.0043118   -0.0020974    0.0064093     0.075684   -0.0012425   5.7928e-05   -0.0013004      0.21092    0.0061937            0      -5.1989       103.33      -67.219       812.79      -5.1989      -128.73        812.8        -70.3            0            0            0       41.275        41191          200        78.09       258.11       11.452      -4.2375       1.9451      -27.169      -1.9491       -55.82   4.0408e+08      -4929.8  -1.6325e-05   -0.0016773            0            0            0            0            0            0            0            0            0         1000        0.165            0  
          0            0         -8.5  -0.00077858   -0.0029117    0.0070424   -0.0099541      0.12756    0.0036334   -0.0020936     0.005727     0.071608   -0.0011759   5.4483e-05   -0.0012304      0.26739    0.0074611            0      -4.6939       96.772      -60.011       769.01      -4.6939      -114.93       769.01      -62.814            0            0            0       51.663        34194          200        75.03       244.21       9.6499      -4.0103        1.928      -28.471      -1.9288      -52.794   3.3544e+08      -3510.9  -1.4906e-05   -0.0015011            0            0            0            0            0            0            0            0            0         1000        0.165            0  
          0            0           -8  -0.00069946   -0.0018006    0.0070243   -0.0088249      0.12026    0.0029927   -0.0020899    0.0050825     0.067509   -0.0011089   5.1094e-05     -0.00116      0.38845     0.010274            0      -4.2169       90.562      -53.204          725      -4.2169      -101.89          725      -55.743            0            0            0       72.419        24833          200       68.771       230.23       7.9482      -3.7817       1.9081      -29.878      -1.9052      -49.754   2.4361e+08      -2171.1   -1.357e-05   -0.0013347            0            0            0            0            0            0            0            0            0         1000        0.165            0  
          0            0         -7.5  -0.00062502  -0.00075574    0.0070066   -0.0077624      0.11292    0.0023901   -0.0020861    0.0044762      0.06339   -0.0010415   4.7712e-05   -0.0010892      0.82703     0.020676            0      -3.7681       84.701      -46.798       680.76      -3.7681      -89.624       680.76      -49.091            0            0            0       127.46        12339          200       50.408       216.18       6.3479      -3.5519       1.8848      -31.396      -1.8775      -46.701   1.2105e+08      -911.24  -1.2319e-05    -0.001178            0            0            0            0            0            0            0            0            0         1000        0.165            0  
          0            0           -7  -0.00055528   0.00022395    0.0069908   -0.0067669      0.10555    0.0018254   -0.0020827    0.0039081     0.059251  -0.00097374   4.4345e-05   -0.0010181      -2.4795    -0.058427            0      -3.3476       79.202      -40.796       636.32      -3.3476       -78.13       636.32      -42.858            0            0            0       185.48      -4366.5          200      -21.965       202.07       4.8481      -3.3209       1.8572      -33.032      -1.8448      -43.636  -4.2836e+07       270.03  -1.1153e-05   -0.0010313            0            0            0            0            0            0            0            0            0         1000        0.165            0  
          0            0         -6.5  -0.00049025    0.0011396    0.0069783   -0.0058387     0.098142    0.0012981   -0.0020803    0.0033784     0.055095  -0.00090563   4.1034e-05  -0.00094667     -0.43019   -0.0095252            0      -2.9556       74.077        -35.2       591.68      -2.9556      -67.413       591.68      -37.046            0            0            0       79.036       -26784          200      -66.723        187.9       3.4476      -3.0886       1.8245      -34.789       -1.806      -40.561  -2.6275e+08       1374.1  -1.0076e-05  -0.00089447            0            0            0            0            0            0            0            0            0         1000        0.165            0  
          0            0           -6  -0.00042996    0.0019889     0.006967   -0.0049782     0.090708   0.00080897   -0.0020783    0.0028873     0.050922  -0.00083718   3.7784e-05  -0.00087496     -0.21618   -0.0044826            0      -2.5921       69.318      -30.012       546.86      -2.5921      -57.478       546.86      -31.658            0            0            0        42.26       -56914          200      -77.801       173.66       2.1486      -2.8551       1.7853      -36.663      -1.7595      -37.476  -5.5833e+08       2398.1  -9.0896e-06  -0.00076761            0            0            0            0            0            0            0            0            0         1000        0.165            0  
          0            0         -5.5  -0.00037442    0.0027716    0.0069571   -0.0041855     0.083247   0.00035825   -0.0020766    0.0024349     0.046733  -0.00076844    3.455e-05  -0.00080299     -0.13509    -0.002614            0      -2.2573       64.928      -25.233       501.88      -2.2573      -48.325       501.88      -26.695            0            0            0       26.775       -97598          200      -82.306       159.38      0.95149      -2.6207       1.7381      -38.638      -1.7034      -34.382  -9.5743e+08       3341.9  -8.1986e-06  -0.00065077            0            0            0            0            0            0            0            0            0         1000        0.165            0  
          0            0           -5  -0.00032366    0.0034869    0.0069478   -0.0034609      0.07576  -5.3734e-05   -0.0020751    0.0020214      0.04253  -0.00069941   3.1357e-05  -0.00073077     -0.09282   -0.0016699            0      -1.9513       60.909      -20.865       456.74      -1.9513       -39.96       456.74      -22.159            0            0            0       18.485  -1.5278e+05          200      -84.697       145.04     -0.14271      -2.3853       1.6807      -40.678      -1.6353       -31.28  -1.4988e+09       4204.4  -7.4088e-06  -0.00054396            0            0            0            0            0            0            0            0            0         1000        0.165            0  
          0            0         -4.5  -0.00027768    0.0041343     0.006939   -0.0028047      0.06825  -0.00042662   -0.0020735    0.0016469     0.038314  -0.00063015   2.8175e-05  -0.00065833    -0.067165   -0.0011192            0      -1.6741        57.26      -16.909       411.46      -1.6741      -32.383       411.46       -18.05            0            0            0       13.403  -2.2794e+05          200      -86.157       130.67      -1.1331      -2.1491       1.6106      -42.713      -1.5521      -28.171  -2.2361e+09         4985  -6.7294e-06  -0.00044723            0            0            0            0            0            0            0            0            0         1000        0.165            0  
          0            0           -4  -0.00023651    0.0047134    0.0069304    -0.002217     0.060719   -0.0007603   -0.0020718    0.0013115     0.034086  -0.00056069      2.5e-05  -0.00058569    -0.050178  -0.00077169            0      -1.4259       53.984      -13.366       366.06      -1.4259      -25.598       366.06       -14.37            0            0            0       10.023   -3.306e+05          200      -87.127       116.25      -2.0193      -1.9122       1.5247      -44.615      -1.4502      -25.056  -3.2432e+09       5683.2  -6.1758e-06   -0.0003606            0            0            0            0            0            0            0            0            0         1000        0.165            0  
          0            0         -3.5  -0.00020015    0.0052248    0.0069229    -0.001698      0.05317   -0.0010549   -0.0020703    0.0010154     0.029848  -0.00049104   2.1831e-05  -0.00051287    -0.038308  -0.00054195            0      -1.2067       51.088      -10.237       320.55      -1.2067      -19.606       320.55      -11.121            0            0            0       7.6559  -4.7075e+05          200      -87.806       101.79      -2.8018      -1.6746       1.4194      -46.165      -1.3253      -21.936   -4.618e+09       6299.9  -5.7747e-06   -0.0002841            0            0            0            0            0            0            0            0            0         1000        0.165            0  
          0            0           -3  -0.00016862    0.0056704    0.0069184    -0.001248     0.045604   -0.0013112   -0.0020697    0.0007585     0.025601  -0.00042121   1.8685e-05  -0.00043989    -0.029736  -0.00038613            0      -1.0166       48.585      -7.5237       274.94      -1.0166      -14.409       274.94      -8.3031            0            0            0       5.9446  -6.6071e+05          200      -88.297        87.31      -3.4823      -1.4365       1.2914      -47.001      -1.1734      -18.811  -6.4816e+09       6837.1  -5.5766e-06  -0.00021776            0            0            0            0            0            0            0            0            0         1000        0.165            0  
          0            0         -2.5  -0.00014192    0.0060482    0.0069151  -0.00086688     0.038025   -0.0015284   -0.0020694   0.00054103     0.021346  -0.00035122   1.5558e-05  -0.00036678    -0.023465  -0.00027953            0      -0.8556       46.468      -5.2262       229.24      -0.8556      -10.009       229.24      -5.9171            0            0            0       4.6916  -9.1268e+05          200      -88.656       72.799      -4.0592      -1.1978       1.1386      -46.562     -0.99197      -15.684  -8.9534e+09       7292.7   -5.687e-06  -0.00016158            0            0            0            0            0            0            0            0            0         1000        0.165            0  
          0            0           -2  -0.00012006    0.0063571     0.006912  -0.00055493     0.030434   -0.0017061   -0.0020691     0.000363     0.017085  -0.00028112   1.2442e-05  -0.00029356    -0.018887  -0.00020695            0     -0.72383       44.731      -3.3455       183.48     -0.72383      -6.4072       183.48      -3.9639            0            0            0       3.7766  -1.2328e+06          200      -88.918       58.266      -4.5312     -0.95872      0.96281       -44.05     -0.78341      -12.554  -1.2094e+10       7665.1  -6.3584e-06   -0.0001156            0            0            0            0            0            0            0            0            0         1000        0.165            0  
          0            0         -1.5  -0.00010306    0.0065967    0.0069089   -0.0003122     0.022833   -0.0018441   -0.0020686   0.00022448     0.012818  -0.00021092   9.3291e-06  -0.00022025    -0.015623   -0.0001586            0     -0.62131       43.374      -1.8822       137.66     -0.62131      -3.6047       137.66      -2.4442            0            0            0       3.1241  -1.6086e+06          200      -89.105       43.715      -4.8978     -0.71931      0.77451      -38.503     -0.55995      -9.4228  -1.5781e+10         7954   -8.327e-06  -7.9819e-05            0            0            0            0            0            0            0            0            0         1000        0.165            0  
          0            0           -1  -9.0907e-05    0.0067671    0.0069058  -0.00013877     0.015226   -0.0019424    -0.002068   0.00012551    0.0085476  -0.00014065   6.2191e-06  -0.00014687    -0.013434  -0.00012808            0     -0.54806       42.399     -0.83663       91.795     -0.54806      -1.6023       91.795      -1.3583            0            0            0       2.6865  -1.9918e+06          200       -89.23       29.151      -5.1589     -0.47967      0.59681      -29.107     -0.34908      -6.2913   -1.954e+10       8159.4  -1.4577e-05  -5.4254e-05            0            0            0            0            0            0            0            0            0         1000        0.165            0  
          0            0         -0.5  -8.3615e-05     0.006868    0.0069027  -3.4694e-05    0.0076142    -0.002001   -0.0020671   6.6113e-05    0.0042744  -7.0333e-05   3.1126e-06  -7.3446e-05    -0.012175  -0.00011133            0      -0.5041       41.807     -0.20916       45.904      -0.5041      -0.4006       45.904     -0.70668            0            0            0       2.4347  -2.2917e+06          200      -89.302       14.578      -5.3146     -0.23986      0.46537      -15.825     -0.19311      -3.1604  -2.2481e+10       8281.2  -4.9327e-05  -3.8912e-05            0            0            0            0            0            0            0            0            0         1000        0.165            0  
          0            0            0  -8.1184e-05    0.0068997    0.0068997   2.4127e-09  -2.7673e-17   -0.0020199   -0.0020662   4.6313e-05  -1.9476e-17  -1.1342e-17   4.5638e-20  -1.1387e-17    -0.011766  -0.00010602            0     -0.48944       41.597   1.4546e-05  -1.6683e-13     -0.48944            0  -1.6698e-13     -0.48944            0            0            0       2.3531  -2.4064e+06          200      -89.326  -6.6421e-14      -5.3646   -3.868e-14      0.41631   7.2924e-14     -0.13488    -0.031066  -2.3607e+10       8319.3      0.66865  -3.3798e-05            0            0            0            0            0            0            0            0            0         1000        0.165            0  
          0            0          0.5  -8.3615e-05     0.006868    0.0069027  -3.4694e-05   -0.0076142    -0.002001   -0.0020671   6.6113e-05   -0.0042744   7.0333e-05  -3.1126e-06   7.3446e-05    -0.012175  -0.00011133            0      -0.5041       41.807     -0.20916      -45.904      -0.5041      -0.4006      -45.904     -0.70668            0            0            0       2.4347  -2.2917e+06          200      -89.302      -14.578      -5.3146      0.23986      0.46537       15.825     -0.19311       3.0958  -2.2481e+10       8281.2  -4.9327e-05  -3.8912e-05            0            0            0            0            0            0            0            0            0         1000        0.165            0  
          0            0            1  -9.0907e-05    0.0067671    0.0069058  -0.00013877    -0.015226   -0.0019424    -0.002068   0.00012551   -0.0085476   0.00014065  -6.2191e-06   0.00014687    -0.013434  -0.00012808            0     -0.54806       42.399     -0.83663      -91.795     -0.54806      -1.6023      -91.795      -1.3583            0            0            0       2.6865  -1.9918e+06          200       -89.23      -29.151      -5.1589      0.47967      0.59681       29.107     -0.34908       6.2192   -1.954e+10       8159.4  -1.4577e-05  -5.4254e-05            0            0            0            0            0            0            0            0            0         1000        0.165            0  
          0            0          1.5  -0.00010306    0.0065967    0.0069089   -0.0003122    -0.022833   -0.0018441   -0.0020686   0.00022448    -0.012818   0.00021092  -9.3291e-06   0.00022025    -0.015623   -0.0001586            0     -0.62131       43.374      -1.8822      -137.66     -0.62131      -3.6047      -137.66      -2.4442            0            0            0       3.1241  -1.6086e+06          200      -89.105      -43.715      -4.8978      0.71931      0.77451       38.503     -0.55995       9.3382  -1.5781e+10         7954   -8.327e-06  -7.9819e-05            0            0            0            0            0            0            0            0            0         1000        0.165            0  
          0            0            2  -0.00012006    0.0063571     0.006912  -0.00055493    -0.030434   -0.0017061   -0.0020691     0.000363    -0.017085   0.00028112  -1.2442e-05   0.00029356    -0.018887  -0.00020695            0     -0.72383       44.731      -3.3455      -183.48     -0.72383      -6.4072      -183.48      -3.9639            0            0            0       3.7766  -1.2328e+06          200      -88.918      -58.266      -4.5312      0.95872      0.96281        44.05     -0.78341       12.452  -1.2094e+10       7665.1  -6.3584e-06   -0.0001156            0            0            0            0            0            0            0            0            0         1000        0.165            0  
          0            0          2.5  -0.00014192    0.0060482    0.0069151  -0.00086688    -0.038025   -0.0015284   -0.0020694   0.00054103    -0.021346   0.00035122  -1.5558e-05   0.00036678    -0.023465  -0.00027953            0      -0.8556       46.468      -5.2262      -229.24      -0.8556      -10.009      -229.24      -5.9171            0            0            0       4.6916  -9.1268e+05          200      -88.656      -72.799      -4.0592       1.1978       1.1386       46.562     -0.99197       15.559  -8.9534e+09       7292.7   -5.687e-06  -0.00016158            0            0            0            0            0            0            0            0            0         1000        0.165            0  
          0            0            3  -0.00016862    0.0056704    0.0069184    -0.001248    -0.045604   -0.0013112   -0.0020697    0.0007585    -0.025601   0.00042121  -1.8685e-05   0.00043989    -0.029736  -0.00038613            0      -1.0166       48.585      -7.5237      -274.94      -1.0166      -14.409      -274.94      -8.3031            0            0            0       5.9446  -6.6071e+05          200      -88.297       -87.31      -3.4823       1.4365       1.2914       47.001      -1.1734       18.659  -6.4816e+09       6837.1  -5.5766e-06  -0.00021776            0            0            0            0            0            0            0            0            0         1000        0.165            0  
          0            0          3.5  -0.00020015    0.0052248    0.0069229    -0.001698     -0.05317   -0.0010549   -0.0020703    0.0010154    -0.029848   0.00049104  -2.1831e-05   0.00051287    -0.038308  -0.00054195            0      -1.2067       51.088      -10.237      -320.55      -1.2067      -19.606      -320.55      -11.121            0            0            0       7.6559  -4.7075e+05          200      -87.806      -101.79      -2.8018       1.6746       1.4194       46.165      -1.3253       21.751   -4.618e+09       6299.9  -5.7747e-06   -0.0002841            0            0            0            0            0            0            0            0            0         1000        0.165            0  
          0            0            4  -0.00023651    0.0047134    0.0069304    -0.002217    -0.060719   -0.0007603   -0.0020718    0.0013115    -0.034086   0.00056069     -2.5e-05   0.00058569    -0.050178  -0.00077169            0      -1.4259       53.984      -13.366      -366.06      -1.4259      -25.598      -366.06       -14.37            0            0            0       10.023   -3.306e+05          200      -87.127      -116.25      -2.0193       1.9122       1.5247       44.615      -1.4502       24.834  -3.2432e+09       5683.2  -6.1758e-06   -0.0003606            0            0            0            0            0            0            0            0            0         1000        0.165            0  
          0            0          4.5  -0.00027768    0.0041343     0.006939   -0.0028047     -0.06825  -0.00042662   -0.0020735    0.0016469    -0.038314   0.00063015  -2.8175e-05   0.00065833    -0.067165   -0.0011192            0      -1.6741        57.26      -16.909      -411.46      -1.6741      -32.383      -411.46       -18.05            0            0            0       13.403  -2.2794e+05          200      -86.157      -130.67      -1.1331       2.1491       1.6106       42.713      -1.5521       27.907  -2.2361e+09         4985  -6.7294e-06  -0.00044723            0            0            0            0            0            0            0            0            0         1000        0.165            0  
          0            0            5  -0.00032366    0.0034869    0.0069478   -0.0034609     -0.07576  -5.3734e-05   -0.0020751    0.0020214     -0.04253   0.00069941  -3.1357e-05   0.00073077     -0.09282   -0.0016699            0      -1.9513       60.909      -20.865      -456.74      -1.9513       -39.96      -456.74      -22.159            0            0            0       18.485  -1.5278e+05          200      -84.697      -145.04     -0.14271       2.3853       1.6807       40.678      -1.6353       30.968  -1.4988e+09       4204.4  -7.4088e-06  -0.00054396            0            0            0            0            0            0            0            0            0         1000        0.165            0  
          0            0          5.5  -0.00037442    0.0027716    0.0069571   -0.0041855    -0.083247   0.00035825   -0.0020766    0.0024349    -0.046733   0.00076844   -3.455e-05   0.00080299     -0.13509    -0.002614            0      -2.2573       64.928      -25.233      -501.88      -2.2573      -48.325      -501.88      -26.695            0            0            0       26.775       -97598          200      -82.306      -159.38      0.95149       2.6207       1.7381       38.638      -1.7034       34.018  -9.5743e+08       3341.9  -8.1986e-06  -0.00065077            0            0            0            0            0            0            0            0            0         1000        0.165            0  
          0            0            6  -0.00042996    0.0019889     0.006967   -0.0049782    -0.090708   0.00080897   -0.0020783    0.0028873    -0.050922   0.00083718  -3.7784e-05   0.00087496     -0.21618   -0.0044826            0      -2.5921       69.318      -30.012      -546.86      -2.5921      -57.478      -546.86      -31.658            0            0            0        42.26       -56914          200      -77.801      -173.66       2.1486       2.8551       1.7853       36.663      -1.7595       37.055  -5.5833e+08       2398.1  -9.0896e-06  -0.00076761            0            0            0            0            0            0            0            0            0         1000        0.165            0  
          0            0          6.5  -0.00049025    0.0011396    0.0069783   -0.0058387    -0.098142    0.0012981   -0.0020803    0.0033784    -0.055095   0.00090563  -4.1034e-05   0.00094667     -0.43019   -0.0095252            0      -2.9556       74.077        -35.2      -591.68      -2.9556      -67.413      -591.68      -37.046            0            0            0       79.036       -26784          200      -66.723       -187.9       3.4476       3.0886       1.8245       34.789       -1.806       40.078  -2.6275e+08       1374.1  -1.0076e-05  -0.00089447            0            0            0            0            0            0            0            0            0         1000        0.165            0  
          0            0            7  -0.00055528   0.00022395    0.0069908   -0.0067669     -0.10555    0.0018254   -0.0020827    0.0039081    -0.059251   0.00097374  -4.4345e-05    0.0010181      -2.4795    -0.058427            0      -3.3476       79.202      -40.796      -636.32      -3.3476       -78.13      -636.32      -42.858            0            0            0       185.48      -4366.5          200      -21.965      -202.07       4.8481       3.3209       1.8572       33.032      -1.8448       43.086  -4.2836e+07       270.03  -1.1153e-05   -0.0010313            0            0            0            0            0            0            0            0            0         1000        0.165            0  
          0            0          7.5  -0.00062502  -0.00075574    0.0070066   -0.0077624     -0.11292    0.0023901   -0.0020861    0.0044762     -0.06339    0.0010415  -4.7712e-05    0.0010892      0.82703     0.020676            0      -3.7681       84.701      -46.798      -680.76      -3.7681      -89.624      -680.76      -49.091            0            0            0       127.46        12339          200       50.408      -216.18       6.3479       3.5519       1.8848       31.396      -1.8775       46.079   1.2105e+08      -911.24  -1.2319e-05    -0.001178            0            0            0            0            0            0            0            0            0         1000        0.165            0  
          0            0            8  -0.00069946   -0.0018006    0.0070243   -0.0088249     -0.12026    0.0029927   -0.0020899    0.0050825    -0.067509    0.0011089  -5.1094e-05      0.00116      0.38845     0.010274            0      -4.2169       90.562      -53.204         -725      -4.2169      -101.89         -725      -55.743            0            0            0       72.419        24833          200       68.771      -230.23       7.9482       3.7817       1.9081       29.878      -1.9052       49.055   2.4361e+08      -2171.1   -1.357e-05   -0.0013347            0            0            0            0            0            0            0            0            0         1000        0.165            0  
          0            0          8.5  -0.00077858   -0.0029117    0.0070424   -0.0099541     -0.12756    0.0036334   -0.0020936     0.005727    -0.071608    0.0011759  -5.4483e-05    0.0012304      0.26739    0.0074611            0      -4.6939       96.772      -60.011      -769.01      -4.6939      -114.93      -769.01      -62.814            0            0            0       51.663        34194          200        75.03      -244.21       9.6499       4.0103        1.928       28.471      -1.9288       52.014   3.3544e+08      -3510.9  -1.4906e-05   -0.0015011            0            0            0            0            0            0            0            0            0         1000        0.165            0  
          0            0            9  -0.00086234   -0.0040885    0.0070612     -0.01115     -0.13482    0.0043118   -0.0020974    0.0064093    -0.075684    0.0012425  -5.7928e-05    0.0013004      0.21092    0.0061937            0      -5.1989       103.33      -67.219      -812.79      -5.1989      -128.73       -812.8        -70.3            0            0            0       41.275        41191          200        78.09      -258.11       11.452       4.2375       1.9451       27.169      -1.9491       54.954   4.0408e+08      -4929.8  -1.6325e-05   -0.0016773            0            0            0            0            0            0            0            0            0         1000        0.165            0  
          0            0          9.5  -0.00095073   -0.0053309    0.0070804    -0.012411     -0.14204     0.005028   -0.0021012    0.0071292    -0.079738    0.0013087  -6.1379e-05    0.0013701      0.17834     0.005499            0      -5.7317       110.22      -74.825      -856.33      -5.7317       -143.3      -856.33      -78.199            0            0            0       35.115        46394          200       79.888      -271.94       13.354       4.4633       1.9599       25.963      -1.9666       57.875   4.5513e+08      -6427.8  -1.7826e-05   -0.0018633            0            0            0            0            0            0            0            0            0         1000        0.165            0  
          0            0           10   -0.0010437   -0.0066387    0.0070998    -0.013739     -0.14922    0.0057818   -0.0021049    0.0078867    -0.083767    0.0013745  -6.4855e-05    0.0014393      0.15722    0.0050791            0      -6.2923       117.45      -82.827       -899.6      -6.2923      -158.62       -899.6      -86.508            0            0            0       31.062        50230          200       81.065      -285.68       15.356       4.6875       1.9727       24.845      -1.9819       60.776   4.9275e+08      -8004.7  -1.9408e-05    -0.002059            0            0            0            0            0            0            0            0            0         1000        0.165            0  
          0            0         10.5   -0.0011413   -0.0080113    0.0071196    -0.015131     -0.15635    0.0065729   -0.0021084    0.0086813    -0.087771    0.0014398  -6.8367e-05    0.0015081      0.14246    0.0048125            0      -6.8805          125      -91.221       -942.6      -6.8805       -174.7       -942.6      -95.226            0            0            0       28.206        53012          200       81.892      -299.34       17.457       4.9102       1.9839       23.808      -1.9952       63.656   5.2005e+08      -9659.8   -2.107e-05   -0.0022642            0            0            0            0            0            0            0            0            0         1000        0.165            0  
          0            0           11   -0.0012434   -0.0094478    0.0071403    -0.016588     -0.16343    0.0074008    -0.002112    0.0095129    -0.091748    0.0015045  -7.1925e-05    0.0015765       0.1316    0.0046405            0      -7.4959       132.89      -100.01      -985.31      -7.4959      -191.53      -985.31      -104.35            0            0            0       26.096        54977          200       82.503       -312.9       19.656       5.1311       1.9938       22.843      -2.0069       66.514   5.3933e+08       -11392  -2.2812e-05    -0.002479            0            0            0            0            0            0            0            0            0         1000        0.165            0  
          0            0         11.5     -0.00135    -0.010948    0.0071615     -0.01811     -0.17047    0.0082656   -0.0021156     0.010381    -0.095698    0.0015688  -7.5495e-05    0.0016443       0.1233    0.0045304            0      -8.1386       141.08      -109.18      -1027.7      -8.1386      -209.09      -1027.7      -113.88            0            0            0       24.476        56313          200       82.971      -326.37       21.953       5.3503       2.0025       21.945      -2.0172       69.349   5.5243e+08       -13201  -2.4632e-05   -0.0027033            0            0            0            0            0            0            0            0            0         1000        0.165            0  
          0            0           12    -0.001461    -0.012512    0.0071833    -0.019695     -0.17745    0.0091667   -0.0021193     0.011286    -0.099618    0.0016325  -7.9136e-05    0.0017117      0.11677    0.0044635            0      -8.8083       149.59      -118.74      -1069.8      -8.8083       -227.4      -1069.8       -123.8            0            0            0       23.197        57158          200        83.34      -339.74       24.346       5.5676       2.0102       21.107      -2.0264       72.161   5.6072e+08       -15086  -2.6529e-05    -0.002937            0            0            0            0            0            0            0            0            0         1000        0.165            0  
          0            0         12.5   -0.0015765    -0.014138    0.0072061    -0.021344     -0.18438     0.010104    -0.002123     0.012227     -0.10351    0.0016957  -8.2818e-05    0.0017785      0.11151    0.0044277            0      -9.5047       158.41      -128.68      -1111.6      -9.5047      -246.44      -1111.6      -134.13            0            0            0       22.165        57619          200       83.637         -353       26.835        5.783       2.0171       20.324      -2.0345       74.948   5.6525e+08       -17047  -2.8504e-05     -0.00318            0            0            0            0            0            0            0            0            0         1000        0.165            0  
          0            0           13   -0.0016965    -0.015826    0.0072295    -0.023056     -0.19125     0.011077   -0.0021267     0.013204     -0.10737    0.0017583  -8.6478e-05    0.0018448      0.10719    0.0044152            0      -10.228       167.53         -139        -1153      -10.228       -266.2        -1153      -144.84            0            0            0       21.317        57783          200       83.882      -366.16       29.419       5.9966       2.0232       19.592      -2.0418       77.709   5.6685e+08       -19082  -3.0555e-05   -0.0034324            0            0            0            0            0            0            0            0            0         1000        0.165            0  
          0            0         13.5   -0.0018208    -0.017577     0.007253     -0.02483     -0.19807     0.012086   -0.0021303     0.014216     -0.11119    0.0018203  -9.0205e-05    0.0019105      0.10359    0.0044202            0      -10.977       176.93      -149.69      -1194.1      -10.977      -286.68      -1194.1      -155.95            0            0            0       20.608        57717          200       84.086      -379.21       32.099       6.2081       2.0287       18.905      -2.0483       80.445    5.662e+08       -21193  -3.2681e-05   -0.0036939            0            0            0            0            0            0            0            0            0         1000        0.165            0  
          0            0           14   -0.0019494    -0.019389    0.0072767    -0.026666     -0.20482      0.01313   -0.0021338     0.015264     -0.11498    0.0018817  -9.3982e-05    0.0019757      0.10054    0.0044391            0      -11.752       186.62      -160.76      -1234.8      -11.752      -307.88      -1234.8      -167.45            0            0            0       20.007        57472          200       84.259      -392.14       34.872       6.4174       2.0337       18.259      -2.0542       83.154    5.638e+08       -23378  -3.4883e-05   -0.0039645            0            0            0            0            0            0            0            0            0         1000        0.165            0  
          0            0         14.5   -0.0020823    -0.021261    0.0073017    -0.028563     -0.21151     0.014209   -0.0021376     0.016347     -0.11874    0.0019424  -9.7858e-05    0.0020402      0.09794    0.0044692            0      -12.554       196.59       -172.2      -1275.2      -12.554      -329.78      -1275.2      -179.32            0            0            0       19.495        57084          200       84.406      -404.95       37.737       6.6243       2.0382       17.652      -2.0596       85.834      5.6e+08       -25636  -3.7158e-05   -0.0042441            0            0            0            0            0            0            0            0            0         1000        0.165            0  
          0            0           15   -0.0022195    -0.023193     0.007328    -0.030521     -0.21814     0.015322   -0.0021417     0.017464     -0.12246    0.0020024  -0.00010181    0.0021042     0.095698    0.0045084            0      -13.381       206.83         -184      -1315.1      -13.381      -352.39      -1315.1      -191.58            0            0            0       19.052        56588          200       84.534      -417.64       40.694       6.8288       2.0423        17.08      -2.0644       88.486   5.5513e+08       -27965  -3.9507e-05   -0.0045327            0            0            0            0            0            0            0            0            0         1000        0.165            0  
          0            0         15.5   -0.0023608    -0.025184    0.0073546    -0.032538      -0.2247      0.01647   -0.0021457     0.018615     -0.12614    0.0020618   -0.0001057    0.0021675     0.093745    0.0045549            0      -14.233       217.33      -196.17      -1354.7      -14.233      -375.69      -1354.7      -204.22            0            0            0       18.667        56010          200       84.644       -430.2       43.742       7.0314        2.046        16.54      -2.0688       91.109   5.4946e+08       -30366  -4.1928e-05   -0.0048302            0            0            0            0            0            0            0            0            0         1000        0.165            0  
          0            0           16   -0.0025064    -0.027234    0.0073822    -0.034616     -0.23119     0.017651   -0.0021496     0.019801     -0.12979    0.0021204  -0.00010971    0.0022301     0.092033    0.0046075            0      -15.111       228.09      -208.69      -1393.8      -15.111      -399.67      -1393.8      -217.22            0            0            0       18.329        55371          200       84.742      -442.63        46.88       7.2313       2.0493        16.03      -2.0728       93.701   5.4319e+08       -32837  -4.4421e-05   -0.0051364            0            0            0            0            0            0            0            0            0         1000        0.165            0  
          0            0         16.5   -0.0026561    -0.029342    0.0074102    -0.036752     -0.23762     0.018867   -0.0021535      0.02102     -0.13339    0.0021784  -0.00011366     0.002292     0.090521    0.0046652            0      -16.013       239.09      -221.57      -1432.5      -16.013      -424.34      -1432.5       -230.6            0            0            0        18.03        54687          200       84.828      -454.92       50.108       7.4291       2.0524       15.547      -2.0764       96.262   5.3648e+08       -35379  -4.6985e-05   -0.0054513            0            0            0            0            0            0            0            0            0         1000        0.165            0  
          0            0           17   -0.0028098    -0.031509    0.0074379    -0.038947     -0.24397     0.020116    -0.002157     0.022273     -0.13696    0.0022356  -0.00011763    0.0023533     0.089176     0.004727            0       -16.94       250.33       -234.8      -1470.8       -16.94      -449.68      -1470.8      -244.34            0            0            0       17.765        53972          200       84.904      -467.08       53.425       7.6244       2.0552       15.089      -2.0798       98.792   5.2946e+08       -37992  -4.9619e-05   -0.0057748            0            0            0            0            0            0            0            0            0         1000        0.165            0  
          0            0         17.5   -0.0029676    -0.033733    0.0074655    -0.041199     -0.25024     0.021398   -0.0021602     0.023558     -0.14048    0.0022922  -0.00012162    0.0024138     0.087973    0.0047924            0      -17.891       261.79      -248.38      -1508.7      -17.891      -475.68      -1508.7      -258.44            0            0            0       17.527        53235          200       84.972      -479.09        56.83       7.8173       2.0578       14.654      -2.0829       101.29   5.2224e+08       -40674  -5.2323e-05   -0.0061068            0            0            0            0            0            0            0            0            0         1000        0.165            0  
          0            0           18   -0.0031293    -0.036015    0.0074929    -0.043508     -0.25644     0.022712   -0.0021631     0.024875     -0.14396     0.002348  -0.00012562    0.0024736     0.086891    0.0048607            0      -18.866       273.46       -262.3        -1546      -18.866      -502.34        -1546       -272.9            0            0            0       17.313        52487          200       85.034      -490.96       60.321       8.0075       2.0602       14.241      -2.0857       103.75   5.1489e+08       -43425  -5.5094e-05   -0.0064471            0            0            0            0            0            0            0            0            0         1000        0.165            0  
          0            0         18.5    -0.003295    -0.038353    0.0075197    -0.045872     -0.26256     0.024059   -0.0021657     0.026225      -0.1474     0.002403  -0.00012965    0.0025326     0.085914    0.0049317            0      -19.865       285.34      -276.56      -1582.9      -19.865      -529.64      -1582.9       -287.7            0            0            0        17.12        51731          200        85.09      -502.68       63.899       8.1952       2.0624       13.848      -2.0883       106.18   5.0749e+08       -46244  -5.7934e-05   -0.0067957            0            0            0            0            0            0            0            0            0         1000        0.165            0  
          0            0           19   -0.0034646    -0.040747     0.007546    -0.048293      -0.2686     0.025438   -0.0021679     0.027606     -0.15079    0.0024573  -0.00013364    0.0025909     0.085028    0.0050048            0      -20.887       297.42      -291.15      -1619.3      -20.887      -557.59      -1619.4      -302.86            0            0            0       16.944        50975          200        85.14      -514.25       67.562       8.3803       2.0644       13.473      -2.0907       108.58   5.0007e+08       -49131   -6.084e-05   -0.0071525            0            0            0            0            0            0            0            0            0         1000        0.165            0  
          0            0         19.5    -0.003638    -0.043196     0.007572    -0.050768     -0.27456     0.026849   -0.0021698     0.029019     -0.15413    0.0025107   -0.0001377    0.0026484     0.084221    0.0050799            0      -21.933       309.68      -306.07      -1655.3      -21.933      -586.16      -1655.3      -318.36            0            0            0       16.785        50222          200       85.186      -525.65       71.308       8.5625       2.0663       13.115      -2.0929       110.93   4.9268e+08       -52084  -6.3812e-05   -0.0075174            0            0            0            0            0            0            0            0            0         1000        0.165            0  
          0            0           20   -0.0038152    -0.045699    0.0075977    -0.053297     -0.28044     0.028291   -0.0021713     0.030462     -0.15743    0.0025633  -0.00014175    0.0027051     0.083485    0.0051566            0      -23.001       322.12      -321.32      -1690.7      -23.001      -615.36      -1690.7      -334.19            0            0            0       16.639        49475          200       85.228       -536.9       75.137       8.7419       2.0681       12.774       -2.095       113.26   4.8535e+08       -55102  -6.6849e-05   -0.0078902            0            0            0            0            0            0            0            0            0         1000        0.165            0  
