Cessna208_v2
T1-90.1 m/s-LLT-x4.15m
Freestream speed = 90.078 m/s


 Ctrl        Alpha        Beta         CL           CD           CD_viscous   CD_induced   CY           Cm           Cm_viscous   Cm_pressure  Cl           Cn           Cn_viscous   Cn_pressure  CL/CD        CL^(3/2)/CD  1/sqrt(CL)   Lift_(N)     Drag_(N)     Fx_FF_(N)    Fy_FF_(N)    Fz_FF_(N)    Fx_sum_(N)   Fy_sum_(N)   Fz_sum_(N)   Extra_drag_(N)  Fuse_drag_(N)  Cf_Fuse      Vx_(m/s)     Vz_(m/s)     V_(m/s)      Gamma        L_(N.m)      M_(N.m)      N_(N.m)      CPx_(m)      CPy_(m)      CPz_(m)      BM_(N.m)     m.g.Vz_(W)   Drag_x_V_(W)  Efficiency   XCp.Cl       XNP_(m)      Phugoid_Freq._(Hz)  Phugoid_Damping  Short_Period_Freq._(Hz)  Short_Period_Damping_Ratio  Dutch_Roll_Freq._(Hz)  Dutch_Roll_Damping  Roll_Damping  Spiral_Damping  Mass_(kg)    CoG_x_(m)    CoG_z_(m)    
          0        -23.5            0      -1.6863      0.12463     0.024712     0.099921            0     0.028736     0.014772     0.013963    5.222e-18   2.0488e-18   3.3915e-19   1.7096e-18       -13.53       -17.57            0  -1.6164e+05        11946       -55670            0  -1.5205e+05            0            0            0            0            0            0       89.833      -3.1244       90.078       -4.227   8.3155e-12       4628.8  -2.1979e-13      0.47498            0            0  -2.8503e+05  -1.1123e+05   1.0761e+06      0.94068     -0.80097            0            0            0            0            0            0            0            0            0         3629         4.15            0  
          0          -23            0      -1.6684      0.12023     0.022566     0.097662            0     0.028069     0.013489      0.01458   4.4233e-18   1.6235e-18   1.8627e-19   1.4373e-18      -13.877      -17.924            0  -1.5992e+05        11524       -53869            0  -1.5087e+05            0            0            0            0            0            0       89.845      -3.0627       90.078      -4.1217   7.0427e-12       4521.4  -3.0848e-13      0.47815            0            0  -2.8224e+05  -1.0903e+05   1.0381e+06      0.94208     -0.79773            0            0            0            0            0            0            0            0            0         3629         4.15            0  
          0        -22.5            0      -1.6472      0.11589      0.02081     0.095079            0     0.027589     0.012439      0.01515   7.6055e-18   2.7062e-18   6.2049e-20   2.6441e-18      -14.214      -18.243            0  -1.5789e+05        11108       -52003            0  -1.4936e+05            0            0            0            0            0            0       89.856      -3.0092       90.078      -4.0243   1.2219e-11       4444.1  -6.0876e-13      0.48133            0            0  -2.7886e+05  -1.0713e+05   1.0006e+06       0.9433     -0.79286            0            0            0            0            0            0            0            0            0         3629         4.15            0  
          0          -22            0      -1.6236      0.11163     0.019349     0.092281            0     0.027302     0.011566     0.015737   6.3242e-18   1.9451e-18   1.6336e-19   1.7818e-18      -14.545      -18.533            0  -1.5563e+05        10700       -50098            0  -1.4761e+05            0            0            0            0            0            0       89.866      -2.9621       90.078      -3.9331   9.9276e-12         4398  -8.2216e-13      0.48457            0            0  -2.7503e+05  -1.0545e+05   9.6384e+05      0.94422     -0.78675            0            0            0            0            0            0            0            0            0         3629         4.15            0  
          0        -21.5            0      -1.5984      0.10747     0.018122     0.089351            0     0.027253     0.010832     0.016421    2.774e-18   6.0092e-19   2.7592e-20   5.7333e-19      -14.872      -18.803            0  -1.5321e+05        10302       -48183            0  -1.4569e+05            0            0            0            0            0            0       89.875      -2.9196       90.078      -3.8467   4.2426e-12       4390.1  -6.8947e-13      0.48795            0            0  -2.7093e+05  -1.0394e+05   9.2794e+05       0.9451     -0.77992            0            0            0            0            0            0            0            0            0         3629         4.15            0  
          0          -21            0      -1.5713      0.10337     0.017076      0.08629            0     0.027295     0.010207     0.017088   5.2338e-18   1.9594e-18     1.71e-20   1.9423e-18      -15.201      -19.055            0  -1.5061e+05         9908       -46253            0  -1.4357e+05            0            0            0            0            0            0       89.884       -2.881       90.078      -3.7638   8.4852e-12       4396.8  -6.6938e-14      0.49135            0            0  -2.6649e+05  -1.0256e+05   8.9249e+05      0.94572     -0.77205            0            0            0            0            0            0            0            0            0         3629         4.15            0  
          0        -20.5            0      -1.5429     0.099331     0.016174     0.083157            0     0.027472    0.0096671     0.017805   -4.087e-18  -1.6318e-18   2.9412e-20  -1.6612e-18      -15.533      -19.294            0  -1.4789e+05       9521.2       -44327            0  -1.4132e+05            0            0            0            0            0            0       89.892      -2.8453       90.078      -3.6836  -6.7033e-12       4425.2  -1.4183e-13      0.49484            0            0  -2.6181e+05  -1.0129e+05   8.5765e+05      0.94622     -0.76349            0            0            0            0            0            0            0            0            0         3629         4.15            0  
          0          -20            0      -1.5143      0.09543     0.015372     0.080058            0     0.027994    0.0091883     0.018806   5.9115e-18   2.2219e-18   2.0491e-20   2.2014e-18      -15.868      -19.526            0  -1.4515e+05       9147.2       -42432            0  -1.3902e+05            0            0            0            0            0            0         89.9      -2.8114       90.078       -3.606   9.5882e-12       4509.4   1.0423e-13      0.49866            0            0  -2.5707e+05  -1.0009e+05   8.2397e+05      0.94671     -0.75511            0            0            0            0            0            0            0            0            0         3629         4.15            0  
          0        -19.5            0      -1.4843     0.091585     0.014675      0.07691            0     0.028541    0.0087721     0.019769   4.9625e-18   1.8747e-18   1.6444e-21   1.8731e-18      -16.207      -19.745            0  -1.4228e+05       8778.8       -40543            0  -1.3658e+05            0            0            0            0            0            0       89.907      -2.7802       90.078      -3.5308   8.0609e-12       4597.5   1.6852e-13       0.5025            0            0  -2.5214e+05       -98978   7.9077e+05      0.94686     -0.74586            0            0            0            0            0            0            0            0            0         3629         4.15            0  
          0          -19            0      -1.4515     0.087613     0.014058     0.073555            0     0.028525    0.0084035     0.020121   1.0033e-18   1.6412e-19   -8.247e-21   1.7237e-19      -16.567       -19.96            0  -1.3913e+05         8398       -38631            0  -1.3385e+05            0            0            0            0            0            0       89.914      -2.7503       90.078      -3.4542   1.5273e-12       4594.9  -2.6206e-13      0.50577            0            0  -2.4687e+05       -97912   7.5647e+05      0.94679     -0.73414            0            0            0            0            0            0            0            0            0         3629         4.15            0  
          0        -18.5            0      -1.4164     0.083582     0.013501     0.070081            0     0.028091    0.0080697     0.020021   2.5573e-18   6.2181e-19  -3.7222e-21   6.2553e-19      -16.946      -20.167            0  -1.3576e+05       8011.6       -36708            0  -1.3088e+05            0            0            0            0            0            0       89.922       -2.722       90.078      -3.3772    3.988e-12         4525   -3.377e-13       0.5086            0            0  -2.4125e+05       -96906   7.2167e+05      0.94616     -0.72037            0            0            0            0            0            0            0            0            0         3629         4.15            0  
          0          -18            0      -1.3796     0.079496     0.012968     0.066529            0     0.027375    0.0077504     0.019625    2.541e-18   6.5083e-19  -1.9079e-20   6.6991e-19      -17.354      -20.383            0  -1.3224e+05         7620       -34799            0  -1.2774e+05            0            0            0            0            0            0       89.929      -2.6932       90.078      -3.2979    3.988e-12       4409.7   -2.556e-13      0.51114            0            0  -2.3522e+05       -95879   6.8639e+05       0.9456     -0.70516            0            0            0            0            0            0            0            0            0         3629         4.15            0  
          0        -17.5            0      -1.3417     0.075386     0.012453     0.062933            0     0.026441    0.0074423     0.018999   2.1647e-18   5.8739e-19   2.7451e-20   5.5994e-19      -17.797      -20.614            0   -1.286e+05         7226       -32918            0  -1.2446e+05            0            0            0            0            0            0       89.936       -2.663       90.078       -3.216   3.3941e-12       4259.2  -1.3396e-13      0.51343            0            0  -2.2892e+05       -94804   6.5091e+05      0.94542     -0.68885            0            0            0            0            0            0            0            0            0         3629         4.15            0  
          0          -17            0      -1.3021     0.071283     0.011972      0.05931            0     0.025194    0.0071542      0.01804    3.814e-18   1.2395e-18   -3.253e-20    1.272e-18      -18.267      -20.845            0  -1.2481e+05       6832.7       -31056            0  -1.2102e+05            0            0            0            0            0            0       89.943      -2.6335       90.078      -3.1334   6.1093e-12       4058.3   1.0231e-13      0.51531            0            0  -2.2237e+05       -93755   6.1547e+05      0.94495     -0.67101            0            0            0            0            0            0            0            0            0         3629         4.15            0  
          0        -16.5            0      -1.2602     0.067119     0.011517     0.055602            0     0.023374     0.006882     0.016492   1.0041e-19   8.2145e-20   2.8016e-20   5.4129e-20      -18.776      -21.078            0   -1.208e+05       6433.6       -29198            0  -1.1733e+05            0            0            0            0            0            0       89.951      -2.6045       90.078      -3.0487    1.697e-13       3765.1   7.9957e-14      0.51646            0            0  -2.1538e+05       -92721   5.7952e+05       0.9441     -0.65084            0            0            0            0            0            0            0            0            0         3629         4.15            0  
          0          -16            0      -1.2177     0.063064     0.011097     0.051967            0      0.02153    0.0066307     0.014899   3.6596e-18   1.0088e-18            0   1.0088e-18      -19.308      -21.306            0  -1.1672e+05       6044.9       -27383            0  -1.1357e+05            0            0            0            0            0            0       89.957      -2.5765       90.078      -2.9648   5.7699e-12       3468.1  -5.9238e-14      0.51744            0            0  -2.0828e+05       -91726   5.4451e+05      0.94306     -0.63006            0            0            0            0            0            0            0            0            0         3629         4.15            0  
          0        -15.5            0      -1.1745     0.059085      0.01068     0.048405            0     0.019662    0.0063824     0.013279   3.7321e-18   1.1585e-18  -5.8835e-21   1.1644e-18      -19.879      -21.544            0  -1.1258e+05       5663.4       -25615            0  -1.0973e+05            0            0            0            0            0            0       89.964      -2.5482       90.078      -2.8798   5.9396e-12       3167.2   1.8028e-13      0.51826            0            0  -2.0102e+05       -90715   5.1015e+05      0.94201     -0.60871            0            0            0            0            0            0            0            0            0         3629         4.15            0  
          0          -15            0      -1.1317     0.055265     0.010295     0.044969            0     0.017987    0.0061532     0.011833   2.0308e-18   6.3784e-19   2.1063e-20   6.1678e-19      -20.477      -21.784            0  -1.0847e+05       5297.3       -23912            0  -1.0589e+05            0            0            0            0            0            0       89.971      -2.5201       90.078      -2.7958   3.2244e-12       2897.3   1.3977e-13       0.5192            0            0  -1.9382e+05       -89716   4.7717e+05      0.94133     -0.58756            0            0            0            0            0            0            0            0            0         3629         4.15            0  
          0        -14.5            0      -1.0889     0.051644    0.0099475     0.041697            0     0.016523     0.005946     0.010577     3.09e-18     8.53e-19  -1.8578e-20   8.7158e-19      -21.085      -22.003            0  -1.0438e+05       4950.3       -22265            0  -1.0205e+05            0            0            0            0            0            0       89.977      -2.4949       90.078      -2.7153    4.879e-12       2661.5    7.746e-14      0.52026            0            0   -1.867e+05       -88821   4.4591e+05      0.93999     -0.56652            0            0            0            0            0            0            0            0            0         3629         4.15            0  
          0          -14            0      -1.0463     0.048194    0.0096323     0.038562            0     0.015228    0.0057583    0.0094694   2.3675e-18   5.3784e-19  -4.2316e-21   5.4207e-19       -21.71      -22.207            0  -1.0029e+05       4619.6       -20676            0       -98207            0            0            0            0            0            0       89.983       -2.472       90.078      -2.6373    3.691e-12       2452.9  -7.7714e-14       0.5214            0            0  -1.7963e+05       -88005   4.1612e+05      0.93837     -0.54555            0            0            0            0            0            0            0            0            0         3629         4.15            0  
          0        -13.5            0      -1.0034     0.044873    0.0093457     0.035527            0     0.013959    0.0055877    0.0083713   2.6388e-18    7.363e-19   1.0602e-20    7.257e-19      -22.361      -22.398            0       -96177       4301.2       -19141            0       -94315            0            0            0            0            0            0       89.988      -2.4509       90.078      -2.5607   4.1577e-12       2248.6   1.5282e-13      0.52245            0            0  -1.7253e+05       -87254   3.8744e+05      0.93668     -0.52422            0            0            0            0            0            0            0            0            0         3629         4.15            0  
          0          -13            0     -0.96009     0.041671    0.0090725     0.032598            0      0.01269    0.0054251    0.0072646    3.138e-18    6.735e-19  -2.9745e-21   6.7648e-19       -23.04      -22.575            0       -92027       3994.3       -17657            0       -90372            0            0            0            0            0            0       89.993      -2.4317       90.078      -2.4853    4.879e-12       2044.1  -7.5725e-14      0.52336            0            0  -1.6538e+05       -86569    3.598e+05      0.93464     -0.50247            0            0            0            0            0            0            0            0            0         3629         4.15            0  
          0        -12.5            0      -0.9165     0.038591    0.0088106      0.02978            0     0.011436    0.0052689    0.0061671   3.8711e-18   8.8386e-19   3.3636e-20   8.5022e-19      -23.749      -22.736            0       -87850         3699       -16227            0       -86385            0            0            0            0            0            0       89.998      -2.4145       90.078      -2.4111   6.0245e-12       1842.1   4.0522e-14      0.52413            0            0  -1.5816e+05       -85957    3.332e+05      0.93231     -0.48036            0            0            0            0            0            0            0            0            0         3629         4.15            0  
          0          -12            0     -0.87266     0.035643    0.0085656     0.027077            0     0.010206    0.0051226    0.0050835    3.923e-18   1.0284e-18   1.9196e-20   1.0092e-18      -24.484      -22.872            0       -83648       3416.5       -14853            0       -82359            0            0            0            0            0            0       90.003      -2.4002       90.078      -2.3389   6.1517e-12         1644   2.9048e-13      0.52475            0            0   -1.509e+05       -85448   3.0775e+05      0.92963     -0.45793            0            0            0            0            0            0            0            0            0         3629         4.15            0  
          0        -11.5            0     -0.82849     0.032831    0.0083435     0.024488            0    0.0089865    0.0049902    0.0039963   3.0821e-18   7.0927e-19   3.8462e-20   6.7081e-19      -25.235      -22.969            0       -79413         3147       -13532            0       -78287            0            0            0            0            0            0       90.007        -2.39       90.078      -2.2693   4.7941e-12       1447.6   1.2482e-13      0.52517            0            0  -1.4359e+05       -85086   2.8347e+05       0.9265      -0.4351            0            0            0            0            0            0            0            0            0         3629         4.15            0  
          0          -11            0     -0.78402     0.030173    0.0081587     0.022014            0    0.0077988    0.0048803    0.0029185   3.7143e-18   8.2275e-19   3.7245e-20    7.855e-19      -25.984      -23.008            0       -75151       2892.2       -12268            0       -74173            0            0            0            0            0            0       90.011       -2.386       90.078      -2.2039   5.7699e-12       1256.3   1.5245e-13       0.5254            0            0  -1.3623e+05       -84943   2.6052e+05      0.92293     -0.41192            0            0            0            0            0            0            0            0            0         3629         4.15            0  
          0        -10.5            0     -0.73932     0.027662     0.007999     0.019663            0    0.0066451    0.0047855    0.0018595   5.4111e-18   1.1615e-18   3.1732e-20   1.1297e-18      -26.727      -22.981            0       -70866       2651.5       -11061            0       -70023            0            0            0            0            0            0       90.015      -2.3888       90.078      -2.1427   8.4003e-12       1070.4   2.3862e-13       0.5254            0            0  -1.2883e+05       -85041   2.3884e+05      0.91884     -0.38844            0            0            0            0            0            0            0            0            0         3629         4.15            0  
          0          -10            0     -0.69449     0.025303    0.0078637      0.01744            0    0.0055557    0.0047055   0.00085021   2.2726e-18   4.6978e-19   1.7609e-20   4.5217e-19      -27.446      -22.873            0       -66569       2425.4      -9913.4            0       -65848            0            0            0            0            0            0       90.018      -2.4001       90.078      -2.0866   3.5213e-12       894.93   1.0419e-13      0.52522            0            0  -1.2141e+05       -85444   2.1848e+05      0.91414     -0.36476            0            0            0            0            0            0            0            0            0         3629         4.15            0  
          0         -9.5            0     -0.64947     0.023092    0.0077467     0.015345            0    0.0045077    0.0046361  -0.00012836   3.5796e-18   6.2493e-19    3.183e-20    5.931e-19      -28.126      -22.667            0       -62254       2213.4      -8824.2            0       -61643            0            0            0            0            0            0       90.021      -2.4219       90.078      -2.0362   5.5154e-12       726.12   4.0169e-14      0.52478            0            0  -1.1396e+05       -86220   1.9938e+05      0.90861     -0.34083            0            0            0            0            0            0            0            0            0         3629         4.15            0  
          0           -9            0     -0.60428     0.021023    0.0076413     0.013382            0    0.0035057    0.0045732   -0.0010675   3.0502e-18   5.5744e-19   1.1199e-20   5.4624e-19      -28.743      -22.344            0       -57922       2015.2      -7794.2            0       -57410            0            0            0            0            0            0       90.024      -2.4569       90.078      -1.9926   4.7093e-12       564.71   1.1202e-13      0.52404            0            0   -1.065e+05       -87466   1.8152e+05      0.90194     -0.31667            0            0            0            0            0            0            0            0            0         3629         4.15            0  
          0         -8.5            0     -0.55901     0.019076    0.0075219     0.011554            0    0.0025606    0.0045016    -0.001941   1.5134e-18   2.9848e-19   3.8819e-20   2.5967e-19      -29.304       -21.91            0       -53583       1828.5      -6824.7            0       -53158            0            0            0            0            0            0       90.026      -2.5055       90.078      -1.9544   2.3334e-12       412.48   1.1001e-13      0.52302            0            0       -99017       -89198   1.6471e+05      0.89397     -0.29237            0            0            0            0            0            0            0            0            0         3629         4.15            0  
          0           -8            0     -0.51366      0.01725    0.0073902    0.0098597            0    0.0016647    0.0044227    -0.002758   7.6604e-19   2.1482e-19   5.0097e-20   1.6472e-19      -29.778      -21.342            0       -49236       1653.5      -5916.4            0       -48888            0            0            0            0            0            0       90.027      -2.5723       90.078      -1.9234   1.1879e-12       268.15   1.6279e-13      0.52163            0            0       -91504       -91574   1.4894e+05      0.88452     -0.26794            0            0            0            0            0            0            0            0            0         3629         4.15            0  
          0         -7.5            0     -0.46806     0.015569    0.0072779    0.0082914            0   0.00078208    0.0043555   -0.0035734   3.7686e-18   5.9021e-19    2.724e-20   5.6297e-19      -30.063      -20.568            0       -44865       1492.4      -5068.1            0       -44585            0            0            0            0            0            0       90.028      -2.6691       90.078      -1.9052   5.7911e-12       125.98   1.4247e-13      0.51955            0            0       -83943       -95020   1.3443e+05      0.87337     -0.24318            0            0            0            0            0            0            0            0            0         3629         4.15            0  
          0           -7            0     -0.42215     0.014049    0.0071885    0.0068605            0  -6.0995e-05    0.0043022   -0.0043632  -2.6991e-20   3.5381e-20   4.4585e-20  -9.2036e-21      -30.048      -19.523            0       -40464       1346.6      -4278.6            0       -40243            0            0            0            0            0            0       90.028      -2.8119       90.078      -1.9061  -4.2426e-14      -9.8254   5.9393e-14      0.51665            0            0       -76335   -1.001e+05    1.213e+05       0.8586      -0.2181            0            0            0            0            0            0            0            0            0         3629         4.15            0  
          0         -6.5            0     -0.37615     0.012684    0.0071125    0.0055711            0  -0.00083539    0.0042569   -0.0050923   1.3964e-18   2.3568e-19   4.0298e-20   1.9538e-19      -29.656      -18.189            0       -36055       1215.8        -3551            0       -35884            0            0            0            0            0            0       90.027      -3.0182       90.078      -1.9313   2.1425e-12      -134.57   1.1644e-13      0.51284            0            0       -68717  -1.0745e+05   1.0951e+05      0.83946     -0.19291            0            0            0            0            0            0            0            0            0         3629         4.15            0  
          0           -6            0     -0.33014      0.01147    0.0070431    0.0044269            0   -0.0015166    0.0042153   -0.0057319   1.2349e-18   1.5833e-19    2.559e-20   1.3274e-19      -28.783      -16.538            0       -31645       1099.4      -2885.8            0       -31516            0            0            0            0            0            0       90.024      -3.3194       90.078      -1.9898   1.8879e-12       -244.3   4.3554e-14       0.5078            0            0       -61088  -1.1817e+05        99035       0.8138     -0.16764            0            0            0            0            0            0            0            0            0         3629         4.15            0  
          0         -5.5            0     -0.28412     0.010406     0.006986    0.0034203            0   -0.0021349    0.0041811    -0.006316   1.1097e-18   1.3955e-19   1.6062e-20   1.2349e-19      -27.302      -14.553            0       -27234       997.48      -2283.9            0       -27140            0            0            0            0            0            0       90.018      -3.7722       90.078      -2.0976    1.697e-12       -343.9   4.9703e-14      0.50083            0            0       -53458  -1.3429e+05        89851       0.7801     -0.14229            0            0            0            0            0            0            0            0            0         3629         4.15            0  
          0           -5            0     -0.23801    0.0095085    0.0069502    0.0025583            0    -0.002668    0.0041599   -0.0068279   7.3602e-19   1.0062e-19   2.6936e-20   7.3685e-20      -25.032      -12.212            0       -22814       911.42      -1744.1            0       -22749            0            0            0            0            0            0       90.006      -4.4952       90.078      -2.2877   1.1243e-12      -429.77   5.5169e-14      0.49066            0            0       -45810  -1.6003e+05        82099      0.73193     -0.11678            0            0            0            0            0            0            0            0            0         3629         4.15            0  
          0         -4.5            0     -0.19184    0.0087628    0.0069214    0.0018414            0   -0.0031177    0.0041429   -0.0072607   1.2933e-18   1.4776e-19   3.9129e-20   1.0863e-19      -21.893      -9.5891            0       -18389       839.95      -1266.8            0       -18346            0            0            0            0            0            0       89.984      -5.7249       90.078      -2.6153   1.9728e-12      -502.22   7.0028e-14      0.47486            0            0       -38149  -2.0381e+05        75661      0.66064    -0.091099            0            0            0            0            0            0            0            0            0         3629         4.15            0  
          0           -4            0     -0.14572    0.0081639    0.0068969     0.001267            0   -0.0034954    0.0041284   -0.0076239   7.0898e-19    9.468e-20   3.0453e-20   6.4227e-20      -17.849      -6.8136            0       -13968       782.54      -853.19            0       -13942            0            0            0            0            0            0       89.937      -8.0569       90.078      -3.2066   1.0819e-12      -563.06   6.8617e-14      0.44491            0            0       -30501  -2.8683e+05        70490      0.55396    -0.064832            0            0            0            0            0            0            0            0            0         3629         4.15            0  
          0         -3.5            0    -0.099558    0.0077204    0.0068824   0.00083801            0   -0.0037876    0.0041194    -0.007907   3.3373e-19   6.1705e-20   3.1777e-20   2.9929e-20      -12.896      -4.0689            0        -9543       740.02      -502.41            0      -9530.1            0            0            0            0            0            0       89.808      -13.492       90.078      -4.4342   5.0911e-13      -610.12   6.2831e-14      0.40801            0            0       -22846  -4.8031e+05        66660      0.39095     -0.04062            0            0            0            0            0            0            0            0            0         3629         4.15            0  
          0           -3            0    -0.053559    0.0074058     0.006854   0.00055183            0   -0.0039767    0.0041018   -0.0080785   2.3663e-19   6.1998e-20   4.3987e-20   1.8011e-20       -7.232      -1.6737            0      -5133.8       709.87      -215.86            0      -5129.5            0            0            0            0            0            0       89.229        -32.8       90.078      -7.8726   3.6062e-13      -640.57   7.5469e-14      0.35044            0            0       -15198  -1.1677e+06        63944      0.17182    -0.018769            0            0            0            0            0            0            0            0            0         3629         4.15            0  
          0         -2.5            0   -0.0083691    0.0071282    0.0067269   0.00040124            0   -0.0039942    0.0040227   -0.0080169   3.8318e-19   4.3007e-20   2.0913e-20   2.2094e-20      -1.1741     -0.10741            0      -802.21       683.26       3.4322            0      -803.12            0            0            0            0            0            0       68.576       -511.1       90.078      -40.422   5.8336e-13       -643.4   3.9965e-14       -1.112            0            0      -7608.3  -1.8195e+07        61547    0.0057699    0.0093061            0            0            0            0            0            0            0            0            0         3629         4.15            0  
          0           -2            0     0.037078    0.0070169     0.006622   0.00039497            0    -0.003974    0.0039579   -0.0079319   3.3106e-19   5.2662e-20   3.5739e-20   1.6923e-20        5.284       1.0175       5.1933         3554        672.6       161.87            0       3550.5            0            0            0            0            0            0       88.507       53.954       90.078       10.716   5.0381e-13      -640.15   6.2503e-14      0.92347            0            0      -1951.4   1.9208e+06        60586      0.11505      0.03424            0            0            0            0            0            0            0            0            0         3629         4.15            0  
          0         -1.5            0     0.082204    0.0069891    0.0064598   0.00052935            0    -0.003856     0.003859    -0.007715   1.2719e-19   2.3091e-20   1.5695e-20   7.3967e-21       11.762       3.3722       3.4878       7879.5       669.93       256.98            0       7875.5            0            0            0            0            0            0       89.754       16.279       90.078       4.8597   1.9357e-13      -621.13   3.0043e-14      0.71055            0            0       7515.8   5.7954e+05        60346      0.42195      0.05841            0            0            0            0            0            0            0            0            0         3629         4.15            0  
          0           -1            0      0.12688    0.0070663    0.0062577   0.00080863            0   -0.0036314    0.0037378   -0.0073692  -1.4938e-19    9.302e-21   1.0029e-20  -7.2706e-22       17.956       6.3962       2.8073        12162       677.33       289.76            0        12159            0            0            0            0            0            0       89.939       8.5826       90.078       3.1875  -2.2704e-13      -584.96   1.8105e-14      0.66281            0            0        14908   3.0554e+05        61012       0.6581     0.084101            0            0            0            0            0            0            0            0            0         3629         4.15            0  
          0         -0.5            0      0.17193    0.0072897    0.0060594    0.0012303            0   -0.0033716    0.0036204    -0.006992   3.1746e-19   2.9707e-20   2.4857e-20   4.8494e-21       23.585       9.7794       2.4117        16480       698.74       261.73            0        16478            0            0            0            0            0            0       89.997       5.6135       90.078       2.4279   4.8259e-13      -543.11   4.0946e-14      0.63498            0            0        22301   1.9984e+05        62941      0.79415      0.10917            0            0            0            0            0            0            0            0            0         3629         4.15            0  
          0            0            0      0.21804    0.0077725    0.0059743    0.0017982            0   -0.0031607    0.0035697   -0.0067303  -8.0244e-20   5.4349e-21   7.4139e-21   -1.979e-21       28.053       13.099       2.1416        20900       745.02       172.36            0        20900            0            0            0            0            0            0       90.021       4.1908       90.078       2.0416  -1.2197e-13      -509.13   8.2612e-15      0.61644            0            0        29914    1.492e+05        67110       0.8739      0.13441            0            0            0            0            0            0            0            0            0         3629         4.15            0  
          0          0.5            0      0.26404    0.0084122    0.0059042     0.002508            0   -0.0028574    0.0035276    -0.006385  -2.8263e-19   1.5526e-20   1.7444e-20   -1.918e-21       31.388       16.129       1.9461        25309       806.33       19.526            0        25310            0            0            0            0            0            0       90.032       3.4037       90.078       1.8248  -4.2956e-13      -460.27   1.9852e-14      0.60438            0            0        37551   1.2117e+05        72633      0.91883      0.15958            0            0            0            0            0            0            0            0            0         3629         4.15            0  
          0            1            0      0.31004    0.0091871    0.0058283    0.0033588            0   -0.0024669    0.0034838   -0.0059507  -6.9788e-20   4.4477e-20   4.4477e-20   1.2366e-25       33.747       18.791       1.7959        29718       880.61      -196.75            0        29719            0            0            0            0            0            0       90.038       2.9214       90.078       1.6973  -1.0606e-13      -397.38   6.5765e-14      0.59616            0            0        45168     1.04e+05        79324      0.94595      0.18483            0            0            0            0            0            0            0            0            0         3629         4.15            0  
          0          1.5            0      0.35616     0.010131    0.0057688    0.0043622            0    -0.002021    0.0034502   -0.0054711  -6.2989e-20   1.8895e-20   2.5286e-20  -6.3912e-21       35.155        20.98       1.6756        34139       971.09      -475.66            0        34138            0            0            0            0            0            0       90.042       2.6166       90.078       1.6294  -9.5458e-14      -325.55   2.6231e-14      0.59064            0            0        52785        93152        87473      0.96115      0.21036            0            0            0            0            0            0            0            0            0         3629         4.15            0  
          0            2            0      0.40257     0.011247    0.0057314    0.0055158            0   -0.0015313    0.0034294   -0.0049607   3.2759e-19   3.2991e-21   1.9613e-20  -1.6314e-20       35.793        22.71       1.5761        38588       1078.1      -818.31            0        38583            0            0            0            0            0            0       90.043       2.4172       90.078       1.6003    4.985e-13      -246.67   2.2426e-14       0.5865            0            0        60446        86055        97111      0.97118      0.23611            0            0            0            0            0            0            0            0            0         3629         4.15            0  
          0          2.5            0       0.4492     0.012539    0.0057186    0.0068203            0  -0.00098273    0.0034228   -0.0044056  -2.2036e-18   1.1139e-19   3.2242e-20   7.9146e-20       35.825       24.011        1.492        43058       1201.9        -1225            0        43045            0            0            0            0            0            0       90.043       2.2863       90.078       1.5989  -3.3516e-12       -158.3   2.3138e-14      0.58311            0            0        68150        81394   1.0826e+05      0.97792      0.26193            0            0            0            0            0            0            0            0            0         3629         4.15            0  
          0            3            0      0.49584      0.01401    0.0057405    0.0082698            0  -0.00033784    0.0034371    -0.003775  -6.2719e-19   8.1543e-20   4.9649e-20   3.1894e-20       35.391       24.921       1.4201        47528       1342.9      -1695.8            0        47504            0            0            0            0            0            0       90.042       2.2028       90.078       1.6185  -9.5458e-13       -54.42    7.409e-14      0.58039            0            0        75873        78422   1.2097e+05      0.98266      0.28778            0            0            0            0            0            0            0            0            0         3629         4.15            0  
          0          3.5            0       0.5423     0.015642    0.0057823    0.0098596            0     0.000428    0.0034636   -0.0030356  -1.6855e-18   1.7046e-19   6.8342e-20   1.0212e-19       34.669       25.531       1.3579        51981       1499.3      -2230.1            0        51942            0            0            0            0            0            0       90.041       2.1502       90.078       1.6522  -2.5668e-12       68.944   1.0259e-13      0.57795            0            0        83585        76548   1.3506e+05       0.9859      0.31342            0            0            0            0            0            0            0            0            0         3629         4.15            0  
          0            4            0      0.58864     0.017427    0.0058348     0.011592            0    0.0012995    0.0034963   -0.0021968  -1.5321e-18   1.4392e-19    4.655e-20   9.7365e-20       33.778       25.915       1.3034        56423       1670.4      -2827.4            0        56363            0            0            0            0            0            0       90.039       2.1183       90.078       1.6957  -2.3334e-12       209.33   5.6121e-14      0.57575            0            0        91277        75412   1.5047e+05      0.98801      0.33891            0            0            0            0            0            0            0            0            0         3629         4.15            0  
          0          4.5            0      0.63506     0.019364    0.0058898     0.013474            0     0.002234    0.0035299   -0.0012959  -1.5751e-18   1.4845e-19   6.2606e-20   8.5848e-20       32.796       26.136       1.2549        60873       1856.1      -3488.5            0        60786            0            0            0            0            0            0       90.036       2.1004       90.078       1.7465  -2.3971e-12       359.86   3.7701e-14      0.57384            0            0        98978        74777   1.6719e+05      0.98936      0.36442            0            0            0            0            0            0            0            0            0         3629         4.15            0  
          0            5            0      0.68148     0.021446    0.0059431     0.015503            0     0.003247    0.0035622  -0.00031519  -1.0981e-18   1.5668e-19   5.8651e-20   9.8029e-20       31.777       26.232       1.2114        65322       2055.7      -4212.9            0        65203            0            0            0            0            0            0       90.033       2.0927       90.078       1.8025  -1.6758e-12       523.03   9.2454e-14      0.57211            0            0   1.0667e+05        74501   1.8517e+05      0.99019      0.38988            0            0            0            0            0            0            0            0            0         3629         4.15            0  
          0          5.5            0      0.72772     0.023682    0.0060138     0.017668            0    0.0043776    0.0036049   0.00077269  -2.3348e-18   2.5919e-19   4.5147e-20   2.1405e-19       30.729       26.213       1.1722        69754         2270      -4999.8            0        69595            0            0            0            0            0            0        90.03       2.0942       90.078       1.8639  -3.5638e-12       705.16   5.2652e-14      0.57042            0            0   1.1434e+05        74555   2.0448e+05      0.99071       0.4151            0            0            0            0            0            0            0            0            0         3629         4.15            0  
          0            6            0      0.77366     0.026074    0.0061165     0.019958            0    0.0056568     0.003667    0.0019898  -1.9974e-18   2.6289e-19   4.1204e-20   2.2169e-19       29.672       26.099       1.1369        74158       2499.3      -5849.1            0        73952            0            0            0            0            0            0       90.027       2.1034       90.078       1.9303  -3.0547e-12       911.22   8.0747e-14      0.56871            0            0   1.2198e+05        74882   2.2513e+05      0.99132      0.43999            0            0            0            0            0            0            0            0            0         3629         4.15            0  
          0          6.5            0      0.81919     0.028622    0.0062402     0.022382            0    0.0070875    0.0037421    0.0033455  -2.2161e-18      3.2e-19   4.5931e-20   2.7407e-19       28.621       25.905       1.1049        78522       2743.5      -6757.4            0        78260            0            0            0            0            0            0       90.023       2.1191       90.078        2.001  -3.3941e-12       1141.7   1.0285e-13      0.56698            0            0   1.2956e+05        75443   2.4713e+05      0.99106      0.46446            0            0            0            0            0            0            0            0            0         3629         4.15            0  
          0            7            0      0.86489     0.031302    0.0063524      0.02495            0    0.0085671    0.0038098    0.0047572  -4.7618e-19   5.9429e-20   4.4152e-20   1.5277e-20        27.63       25.696       1.0753        82902       3000.4      -7729.6            0        82576            0            0            0            0            0            0       90.019       2.1364       90.078       2.0727  -7.2124e-13         1380   2.4548e-15      0.56536            0            0   1.3715e+05        76056   2.7027e+05        0.991      0.48898            0            0            0            0            0            0            0            0            0         3629         4.15            0  
          0          7.5            0      0.91066     0.034121    0.0064568     0.027664            0     0.010106    0.0038727    0.0062334  -1.9719e-18   2.4565e-19   4.1076e-20   2.0457e-19        26.69       25.469       1.0479        87290       3270.6      -8764.7            0        86889            0            0            0            0            0            0       90.015       2.1554       90.078       2.1457  -3.0122e-12       1627.9  -1.9957e-14      0.56385            0            0   1.4475e+05        76733   2.9461e+05      0.99088      0.51347            0            0            0            0            0            0            0            0            0         3629         4.15            0  
          0            8            0      0.95629     0.037076    0.0065729     0.030503            0     0.011756    0.0039424    0.0078141  -1.8272e-18   2.6581e-19   3.0663e-20   2.3515e-19       25.793       25.223       1.0226        91664       3553.8      -9861.8            0        91178            0            0            0            0            0            0        90.01       2.1764       90.078       2.2203  -2.8001e-12       1893.8   1.4485e-14      0.56231            0            0   1.5232e+05        77482   3.2012e+05      0.99097      0.53773            0            0            0            0            0            0            0            0            0         3629         4.15            0  
          0          8.5            0       1.0013     0.040184     0.006735     0.033449            0     0.013611      0.00404    0.0095712  -3.3637e-18   5.3202e-19   1.7253e-21   5.3029e-19       24.917       24.932      0.99937        95973       3851.7       -11015            0        95393            0            0            0            0            0            0       90.006       2.2018       90.078       2.2982   -5.176e-12       2192.5   4.4118e-14      0.56063            0            0    1.598e+05        78385   3.4696e+05      0.99066      0.56133            0            0            0            0            0            0            0            0            0         3629         4.15            0  
          0            9            0       1.0455     0.043424    0.0069394     0.036485            0     0.015682    0.0041635     0.011519  -1.8627e-19    1.121e-19   3.9198e-20   7.2904e-20       24.076       24.618        0.978   1.0021e+05       4162.3       -12223            0        99528            0            0            0            0            0            0           90       2.2299       90.078       2.3784  -2.9698e-13       2526.2   1.2549e-13      0.55878            0            0   1.6718e+05        79386   3.7494e+05      0.99027       0.5842            0            0            0            0            0            0            0            0            0         3629         4.15            0  
          0          9.5            0       1.0895     0.046783    0.0071361     0.039647            0     0.017867    0.0042824     0.013585  -3.9884e-18     7.16e-19   2.8819e-20   6.8718e-19       23.289       24.309      0.95804   1.0443e+05       4484.3       -13488            0   1.0363e+05            0            0            0            0            0            0       89.995       2.2583       90.078       2.4587  -6.1517e-12       2878.2   7.4033e-14       0.5569            0            0   1.7451e+05        80397   4.0394e+05      0.98963      0.60674            0            0            0            0            0            0            0            0            0         3629         4.15            0  
          0           10            0       1.1334      0.05024    0.0073252     0.042915            0     0.020154    0.0043963     0.015758  -2.6676e-18   5.1356e-19   5.1109e-20   4.6246e-19        22.56       24.018      0.93931   1.0864e+05       4815.6       -14814            0    1.077e+05            0            0            0            0            0            0        89.99       2.2857       90.078       2.5381  -4.1153e-12       3246.5   6.7038e-14      0.55499            0            0   1.8182e+05        81371   4.3378e+05      0.98943      0.62903            0            0            0            0            0            0            0            0            0         3629         4.15            0  
          0         10.5            0       1.1769     0.053822    0.0075307     0.046292            0     0.022585      0.00452     0.018065  -3.5466e-18   6.3924e-19   1.7581e-20   6.2166e-19       21.866       23.721       0.9218   1.1281e+05         5159       -16194            0   1.1173e+05            0            0            0            0            0            0       89.984       2.3143       90.078       2.6185  -5.4729e-12       3638.1  -2.6135e-14      0.55302            0            0   1.8907e+05        82390   4.6472e+05      0.98893      0.65083            0            0            0            0            0            0            0            0            0         3629         4.15            0  
          0           11            0       1.2198     0.057544    0.0077899     0.049754            0     0.025173     0.004676     0.020497  -1.6359e-18   8.7146e-20   1.9264e-20   6.7882e-20       21.197        23.41      0.90545   1.1692e+05       5515.8       -17627            0   1.1568e+05            0            0            0            0            0            0       89.978        2.345       90.078        2.701  -2.4607e-12       4054.9  -3.4337e-13        0.551            0            0   1.9625e+05        83482   4.9685e+05       0.9884      0.67208            0            0            0            0            0            0            0            0            0         3629         4.15            0  
          0         11.5            0        1.263     0.061463    0.0080957     0.053368            0     0.027706    0.0048605     0.022845  -2.0499e-18   5.9327e-19    2.906e-20   5.6421e-19       20.548       23.093      0.88982   1.2106e+05       5891.4       -19123            0   1.1965e+05            0            0            0            0            0            0       89.972       2.3772       90.078       2.7861  -3.2244e-12       4462.9   2.6426e-13      0.54922            0            0   2.0355e+05        84630   5.3069e+05      0.98793      0.69365            0            0            0            0            0            0            0            0            0         3629         4.15            0  
          0           12            0       1.3067     0.065605    0.0084684     0.057137            0     0.030151    0.0050852     0.025066  -3.9275e-19   1.0358e-20  -2.1329e-20   3.1687e-20       19.918       22.768      0.87481   1.2525e+05       6288.5       -20684            0   1.2365e+05            0            0            0            0            0            0       89.965       2.4111       90.078       2.8742  -5.9396e-13       4856.9  -1.1015e-13      0.54774            0            0   2.1096e+05        85836   5.6645e+05      0.98778      0.71573            0            0            0            0            0            0            0            0            0         3629         4.15            0  
          0         12.5            0       1.3518     0.069992     0.008826     0.061166            0     0.032345    0.0053005     0.027044  -2.5253e-18    3.694e-19   2.5121e-20   3.4428e-19       19.313       22.455      0.86009   1.2957e+05         6709       -22321            0   1.2777e+05            0            0            0            0            0            0       89.957       2.4447       90.078        2.964  -3.8607e-12       5210.2  -2.8077e-13      0.54674            0            0   2.1855e+05        87033   6.0433e+05      0.98748      0.73908            0            0            0            0            0            0            0            0            0         3629         4.15            0  
          0           13            0        1.397     0.074508    0.0091796     0.065329            0     0.034566    0.0055134     0.029052  -3.6583e-18    8.082e-19   2.7621e-20   7.8058e-19        18.75       22.161      0.84606   1.3391e+05       7141.9       -24021            0   1.3188e+05            0            0            0            0            0            0        89.95       2.4771       90.078       3.0529  -5.6851e-12         5568  -5.1691e-14      0.54576            0            0   2.2616e+05        88187   6.4332e+05      0.98745      0.76244            0            0            0            0            0            0            0            0            0         3629         4.15            0  
          0         13.5            0       1.4402     0.079143    0.0096439     0.069499            0     0.037175    0.0057931     0.031382  -1.3679e-18   2.7183e-19  -8.4812e-21   2.8031e-19       18.197       21.838      0.83327   1.3805e+05       7586.2       -25749            0   1.3579e+05            0            0            0            0            0            0       89.942       2.5137       90.078       3.1454  -2.1213e-12       5988.3  -8.4343e-14      0.54439            0            0   2.3343e+05        89491   6.8335e+05      0.98648      0.78403            0            0            0            0            0            0            0            0            0         3629         4.15            0  
          0           14            0        1.481     0.083686     0.010142     0.073544            0     0.040292    0.0060934     0.034199  -5.2059e-18   1.0096e-18  -3.1314e-20   1.0409e-18       17.697       21.537      0.82171   1.4196e+05       8021.6       -27503            0   1.3945e+05            0            0            0            0            0            0       89.935       2.5489       90.078       3.2341  -8.0609e-12       6490.4  -4.2818e-13      0.54236            0            0   2.4031e+05        90742   7.2257e+05      0.98582      0.80325            0            0            0            0            0            0            0            0            0         3629         4.15            0  
          0         14.5            0       1.5174     0.088028     0.010713     0.077315            0     0.044251    0.0064371     0.037814  -5.8778e-18   1.3603e-18   9.2888e-21    1.351e-18       17.238       21.234      0.81179   1.4545e+05       8437.8       -29243            0   1.4267e+05            0            0            0            0            0            0       89.927       2.5852       90.078       3.3201   -9.164e-12       7128.2  -2.3421e-13       0.5393            0            0   2.4647e+05        92036   7.6006e+05       0.9844      0.81836            0            0            0            0            0            0            0            0            0         3629         4.15            0  
          0           15            0        1.552      0.09221     0.011258     0.080952            0      0.04857     0.006765     0.041805  -1.7099e-18   2.8041e-19  -2.4433e-20   3.0484e-19       16.831       20.968       0.8027   1.4876e+05       8838.7       -31008            0    1.457e+05            0            0            0            0            0            0       89.919       2.6181       90.078       3.4002  -2.6304e-12       7823.9  -2.6355e-13      0.53578            0            0   2.5249e+05        93206   7.9617e+05      0.98348      0.83153            0            0            0            0            0            0            0            0            0         3629         4.15            0  
          0         15.5            0       1.5843     0.096327     0.011895     0.084432            0     0.053222     0.007149     0.046073  -4.3176e-18   1.3254e-18  -2.5635e-20   1.3511e-18       16.447       20.701      0.79448   1.5186e+05       9233.3       -32784            0    1.485e+05            0            0            0            0            0            0       89.912       2.6518       90.078       3.4794   -6.873e-12       8573.2   1.8467e-13      0.53192            0            0   2.5825e+05        94406   8.3172e+05       0.9826      0.84272            0            0            0            0            0            0            0            0            0         3629         4.15            0  
          0           16            0       1.6171      0.10057     0.012487     0.088085            0     0.057713    0.0075048     0.050208   -3.739e-18   9.0748e-19   -2.683e-20   9.3431e-19       16.079       20.447      0.78637   1.5501e+05       9640.1       -34609            0   1.5133e+05            0            0            0            0            0            0       89.904       2.6848       90.078       3.5587  -5.8548e-12       9296.6  -2.4383e-13      0.52838            0            0   2.6398e+05        95578   8.6836e+05       0.9813      0.85446            0            0            0            0            0            0            0            0            0         3629         4.15            0  
          0         16.5            0       1.6454      0.10465     0.013315     0.091332            0     0.062726    0.0080063     0.054719  -3.8533e-18   9.4672e-19   4.1815e-22    9.463e-19       15.724        20.17      0.77957   1.5772e+05        10031       -36401            0   1.5371e+05            0            0            0            0            0            0       89.896       2.7217       90.078        3.639  -6.0245e-12        10104  -2.8368e-13      0.52423            0            0   2.6912e+05        96895   9.0355e+05      0.97986      0.86259            0            0            0            0            0            0            0            0            0         3629         4.15            0  
          0           17            0       1.6737       0.1088      0.01415     0.094651            0     0.067611    0.0085117     0.059099  -3.0666e-18    1.051e-18    7.507e-21   1.0435e-18       15.383       19.901      0.77298   1.6043e+05        10429       -38228            0   1.5607e+05            0            0            0            0            0            0       89.888       2.7585       90.078       3.7194  -4.9214e-12        10891   1.6595e-13      0.52031            0            0   2.7413e+05        98204   9.3941e+05      0.97821      0.87081            0            0            0            0            0            0            0            0            0         3629         4.15            0  
          0         17.5            0       1.7012      0.11295     0.015063     0.097886            0     0.072414    0.0090637     0.063351  -2.6994e-18   7.3035e-19   9.9822e-21   7.2037e-19       15.062       19.645       0.7667   1.6306e+05        10827       -40086            0   1.5834e+05            0            0            0            0            0            0        89.88       2.7944       90.078       3.7985  -4.2426e-12        11665  -1.7365e-13      0.51648            0            0   2.7898e+05        99484   9.7523e+05      0.97725      0.87863            0            0            0            0            0            0            0            0            0         3629         4.15            0  
          0           18            0       1.7272       0.1172     0.016124      0.10107            0     0.077163    0.0097071     0.067456  -2.3507e-18    1.224e-18  -3.1522e-20   1.2555e-18       14.737       19.368      0.76091   1.6555e+05        11234       -41945            0   1.6044e+05            0            0            0            0            0            0       89.871       2.8344       90.078       3.8819   -3.988e-12        12430   6.6047e-13      0.51278            0            0   2.8368e+05   1.0091e+05   1.0119e+06      0.97555      0.88566            0            0            0            0            0            0            0            0            0         3629         4.15            0  
          0         18.5            0         1.75      0.12136     0.017441      0.10392            0     0.082006     0.010505     0.071501  -2.9215e-18   9.3801e-19  -6.6172e-21   9.4463e-19        14.42       19.075      0.75594   1.6774e+05        11633       -43778            0   1.6223e+05            0            0            0            0            0            0       89.862       2.8779       90.078       3.9671  -4.6668e-12        13210  -5.7997e-14      0.50893            0            0   2.8784e+05   1.0245e+05   1.0479e+06      0.97405       0.8906            0            0            0            0            0            0            0            0            0         3629         4.15            0  
          0           19            0       1.7704      0.12568     0.019042      0.10664            0     0.086726     0.011475      0.07525  -4.0915e-18   1.4154e-18  -7.5873e-20   1.4913e-18       14.086       18.743      0.75157    1.697e+05        12047       -45583            0   1.6378e+05            0            0            0            0            0            0       89.852       2.9289       90.078       4.0606  -6.6184e-12        13970   -3.499e-15      0.50526            0            0   2.9163e+05   1.0427e+05   1.0852e+06      0.97149      0.89451            0            0            0            0            0            0            0            0            0         3629         4.15            0  
          0         19.5            0       1.7878      0.13003     0.021034        0.109            0     0.091314     0.012681     0.078633  -3.3353e-18   8.6736e-19  -8.2219e-20   9.4958e-19       13.749       18.384      0.74789   1.7137e+05        12464       -47355            0   1.6503e+05            0            0            0            0            0            0       89.841       2.9862       90.078         4.16  -5.2608e-12        14709  -4.6431e-13      0.50167            0            0   2.9488e+05   1.0631e+05   1.1227e+06      0.96926      0.89689            0            0            0            0            0            0            0            0            0         3629         4.15            0  
          0           20            0       1.8008      0.13446     0.023562       0.1109            0     0.095672     0.014215     0.081457   5.8647e-20   8.3268e-20  -7.7864e-20   1.6113e-19       13.392       17.972       0.7452   1.7261e+05        12888       -49047            0   1.6583e+05            0            0            0            0            0            0       89.828       3.0546       90.078       4.2703            0        15411   1.3469e-13      0.49824            0            0   2.9763e+05   1.0875e+05    1.161e+06       0.9665       0.8972            0            0            0            0            0            0            0            0            0         3629         4.15            0  
          0         20.5            0       1.8081      0.13923     0.026905      0.11233            0     0.099634     0.016243     0.083391  -1.1986e-18   6.7525e-20   8.5375e-20   -1.785e-20       12.986       17.461      0.74369   1.7331e+05        13346       -50609            0    1.661e+05            0            0            0            0            0            0       89.812       3.1439       90.078       4.4035   -1.697e-12        16049  -5.2491e-13      0.49523            0            0   2.9955e+05   1.1192e+05   1.2022e+06      0.96195      0.89541            0            0            0            0            0            0            0            0            0         3629         4.15            0  
