Cessna208_HTP_VTP_v1
HTPVTP_T1-90.1 m/s-VLM1-x0.3885m_FL100
Freestream speed = 90.078 m/s


 Ctrl        Alpha        Beta         CL           CD           CD_viscous   CD_induced   CY           Cm           Cm_viscous   Cm_pressure  Cl           Cn           Cn_viscous   Cn_pressure  CL/CD        CL^(3/2)/CD  1/sqrt(CL)   Lift_(N)     Drag_(N)     Fx_FF_(N)    Fy_FF_(N)    Fz_FF_(N)    Fx_sum_(N)   Fy_sum_(N)   Fz_sum_(N)   Extra_drag_(N)  Fuse_drag_(N)  Cf_Fuse      Vx_(m/s)     Vz_(m/s)     V_(m/s)      Gamma        L_(N.m)      M_(N.m)      N_(N.m)      CPx_(m)      CPy_(m)      CPz_(m)      BM_(N.m)     m.g.Vz_(W)   Drag_x_V_(W)  Efficiency   XCp.Cl       XNP_(m)      Phugoid_Freq._(Hz)  Phugoid_Damping  Short_Period_Freq._(Hz)  Short_Period_Damping_Ratio  Dutch_Roll_Freq._(Hz)  Dutch_Roll_Damping  Roll_Damping  Spiral_Damping  Mass_(kg)    CoG_x_(m)    CoG_z_(m)    
          0        -11.5            0     -0.97496     0.089901     0.040348     0.049553   1.9146e-05   0.00021205    0.0028802   -0.0026682  -3.7623e-06   2.4169e-06   1.0169e-07   2.3153e-06      -10.845      -10.708            0       -23644       2180.3      -3536.3      0.46433       -23409      -4754.1      0.47824       -23367            0            0            0       89.697      -10.192       90.078      -5.2683     -0.48994       5.5685      0.47374       0.3918  -3.6427e-06     0.014801       -15723  -3.6284e+05   1.9639e+05       1.0281     -0.38199            0            0            0            0            0            0            0            0            0         3629       0.3885            0  
          0          -11            0     -0.93877     0.090814     0.044875     0.045939   1.9237e-05   0.00056077    0.0030193   -0.0024585  -3.7534e-06   2.4905e-06   1.3659e-07   2.3539e-06      -10.337      -10.016            0       -22767       2202.4      -3250.5      0.46653       -22561      -4377.9      0.48003       -22522            0            0            0       89.659      -10.897       90.078      -5.5254     -0.49148       14.726      0.48018       0.3915   -3.804e-06      0.01479       -15155  -3.8792e+05   1.9839e+05       1.0282     -0.36753            0            0            0            0            0            0            0            0            0         3629       0.3885            0  
          0        -10.5            0     -0.90243      0.11434     0.071891     0.042447   1.9325e-05    0.0013066    0.0035637   -0.0022572  -3.7435e-06   2.6233e-06   2.3098e-07   2.3923e-06      -7.8926      -7.4977            0       -21885       2772.9      -2976.1      0.46867       -21707      -4016.4      0.48174       -21671            0            0            0       89.364      -14.556       90.078      -7.2209     -0.49293       34.311      0.49547      0.39122  -3.9785e-06     0.014779       -14582  -5.1821e+05   2.4978e+05       1.0283     -0.35305            0            0            0            0            0            0            0            0            0         3629       0.3885            0  
          0          -10            0     -0.86593      0.10574     0.066663      0.03908    1.941e-05    0.0012753    0.0033394   -0.0020641  -3.7326e-06   2.6812e-06   2.5067e-07   2.4305e-06      -8.1891      -7.6204            0       -21000       2564.4      -2713.3      0.47074       -20846      -3669.9      0.48336       -20813            0            0            0       89.414      -14.322       90.078      -6.9621      -0.4943       33.491      0.49958      0.39095   -4.168e-06     0.014769       -14005  -5.0986e+05     2.31e+05       1.0284     -0.33854            0            0            0            0            0            0            0            0            0         3629       0.3885            0  
          0         -9.5            0     -0.82929     0.088139       0.0523     0.035839   1.9493e-05    0.0010696    0.0029491   -0.0018795  -3.7207e-06    2.779e-06   3.1058e-07   2.4684e-06       -9.409      -8.5683            0       -20112       2137.5      -2462.2      0.47273       -19979      -3338.3      0.48489       -19949            0            0            0       89.574      -12.737       90.078      -6.0667     -0.49558        28.09      0.50966       0.3907  -4.3747e-06     0.014759       -13423  -4.5346e+05   1.9254e+05       1.0285       -0.324            0            0            0            0            0            0            0            0            0         3629       0.3885            0  
          0           -9            0     -0.79252     0.064776     0.032049     0.032726   1.9572e-05   0.00077508    0.0024783   -0.0017033  -3.7078e-06   2.8981e-06   3.9204e-07    2.506e-06      -12.235      -10.892            0       -19220       1570.9      -2222.8      0.47466       -19107      -3021.9      0.48633       -19080            0            0            0       89.779       -10.02       90.078      -4.6726     -0.49678       20.354      0.52294      0.39046   -4.601e-06      0.01475       -12838  -3.5672e+05   1.4151e+05       1.0286     -0.30944            0            0            0            0            0            0            0            0            0         3629       0.3885            0  
          0         -8.5            0     -0.75561     0.045023     0.015278     0.029745   1.9649e-05   0.00059362    0.0021292   -0.0015356   -3.694e-06     2.82e-06   2.7665e-07   2.5433e-06      -16.783      -14.588            0       -18325       1091.9      -1995.1      0.47653       -18230      -2720.8      0.48768       -18205            0            0            0       89.919      -7.4811       90.078        -3.41     -0.49789       15.589      0.50663      0.39023  -4.8497e-06     0.014742       -12250  -2.6633e+05        98356       1.0288     -0.29486            0            0            0            0            0            0            0            0            0         3629       0.3885            0  
          0           -8            0     -0.71858     0.036326     0.009429     0.026897   1.9723e-05   0.00065068    0.0020271   -0.0013764  -3.6791e-06    2.585e-06    4.724e-09   2.5803e-06      -19.781      -16.768            0       -17427       880.98      -1779.4      0.47832       -17348      -2434.9      0.48894       -17325            0            0            0       89.963      -6.5086       90.078       -2.894     -0.49891       17.087      0.46666      0.39001  -5.1245e-06     0.014733       -11658  -2.3171e+05        79357       1.0289     -0.28025            0            0            0            0            0            0            0            0            0         3629       0.3885            0  
          0         -7.5            0     -0.68142     0.033306    0.0091213     0.024184   1.9794e-05   0.00080113     0.002027   -0.0012259  -3.6633e-06   2.6204e-06   3.4783e-09   2.6169e-06       -20.46      -16.889            0       -16526       807.72      -1575.5      0.48004       -16461      -2164.4      0.49011       -16441            0            0            0       89.971       -6.462       90.078      -2.7982     -0.49985       21.038       0.4673      0.38981  -5.4297e-06     0.014726       -11063  -2.3005e+05        72758       1.0291     -0.26562            0            0            0            0            0            0            0            0            0         3629       0.3885            0  
          0           -7            0     -0.64416     0.030519    0.0089109     0.021608   1.9862e-05   0.00094441    0.0020285    -0.001084  -3.6465e-06   2.6566e-06   3.4394e-09   2.6531e-06      -21.107       -16.94            0       -15622       740.14      -1383.7      0.48168       -15569      -1909.5      0.49119       -15551            0            0            0       89.977      -6.4425       90.078      -2.7125     -0.50069       24.801      0.46806      0.38962  -5.7706e-06     0.014719       -10464  -2.2936e+05        66670       1.0292     -0.25098            0            0            0            0            0            0            0            0            0         3629       0.3885            0  
          0         -6.5            0     -0.60679     0.027888    0.0087174     0.019171   1.9927e-05    0.0010791    0.0020299  -0.00095086  -3.6287e-06   2.6921e-06   3.0945e-09    2.689e-06      -21.758      -16.949            0       -14716       676.33      -1203.9      0.48326       -14674        -1670      0.49218       -14658            0            0            0       89.983      -6.4392       90.078      -2.6315     -0.50146       28.337      0.46873      0.38944   -6.154e-06     0.014712      -9862.8  -2.2924e+05        60923       1.0294     -0.23631            0            0            0            0            0            0            0            0            0         3629       0.3885            0  
          0           -6            0     -0.56932     0.025391    0.0085176     0.016873   1.9989e-05    0.0012048    0.0020312  -0.00082641    -3.61e-06   2.7279e-06   3.4937e-09   2.7244e-06      -22.422      -16.918            0       -13807       615.77      -1036.3      0.48476       -13774      -1446.2      0.49308       -13760            0            0            0       89.989      -6.4508       90.078      -2.5536     -0.50213       31.638      0.46945      0.38927  -6.5884e-06     0.014706      -9258.8  -2.2965e+05        55467       1.0296     -0.22162            0            0            0            0            0            0            0            0            0         3629       0.3885            0  
          0         -5.5            0     -0.53176     0.023023    0.0083059     0.014717   2.0048e-05    0.0013214    0.0020321  -0.00071073  -3.5903e-06   2.7627e-06   3.3568e-09   2.7593e-06      -23.097      -16.842            0       -12896       558.36      -880.76       0.4862       -12871      -1238.1      0.49388       -12859            0            0            0       89.994      -6.4799       90.078      -2.4792     -0.50272         34.7      0.47003      0.38912  -7.0847e-06       0.0147      -8652.3  -2.3069e+05        50296       1.0298     -0.20692            0            0            0            0            0            0            0            0            0         3629       0.3885            0  
          0           -5            0     -0.49411     0.020835    0.0081304     0.012705   2.0104e-05    0.0014295    0.0020334  -0.00060387  -3.5696e-06   2.7966e-06   2.6944e-09   2.7939e-06      -23.715       -16.67            0       -11983       505.29      -737.45      0.48755       -11964      -1045.8       0.4946       -11954            0            0            0       89.998      -6.5469       90.078      -2.4146     -0.50321        37.54      0.47048      0.38898  -7.6572e-06     0.014695      -8043.4  -2.3307e+05        45516         1.03      -0.1922            0            0            0            0            0            0            0            0            0         3629       0.3885            0  
          0         -4.5            0     -0.45639     0.018802     0.007965     0.010837   2.0157e-05    0.0015289    0.0020347  -0.00050584  -3.5481e-06   2.8308e-06   2.8889e-09   2.8279e-06      -24.274      -16.398            0       -11068       455.97       -606.4      0.48884       -11055       -869.3      0.49522       -11046            0            0            0       90.002      -6.6554       90.078      -2.3591     -0.50362       40.149      0.47099      0.38886   -8.325e-06      0.01469      -7432.3  -2.3693e+05        41073       1.0302     -0.17747            0            0            0            0            0            0            0            0            0         3629       0.3885            0  
          0           -4            0     -0.41859     0.016912     0.007798     0.009114   2.0207e-05    0.0016191    0.0020358  -0.00041669  -3.5255e-06   2.8641e-06   2.7142e-09   2.8614e-06      -24.751      -16.013            0       -10151       410.14      -487.64      0.49005       -10142      -708.67      0.49575       -10134            0            0            0       90.005      -6.8154       90.078      -2.3136     -0.50395        42.52       0.4714      0.38875   -9.114e-06     0.014686      -6819.3  -2.4263e+05        36945       1.0304     -0.16272            0            0            0            0            0            0            0            0            0         3629       0.3885            0  
          0         -3.5            0     -0.38072     0.015193    0.0076547     0.007538   2.0254e-05    0.0017007    0.0020371  -0.00033643  -3.5021e-06   2.8968e-06   2.4081e-09   2.8944e-06      -25.059      -15.462            0      -9233.1       368.45       -381.2      0.49118      -9227.1      -563.96      0.49619      -9220.7            0            0            0       90.006      -7.0583       90.078      -2.2852     -0.50418       44.661      0.47172      0.38864  -1.0061e-05     0.014682      -6204.5  -2.5128e+05        33189       1.0306     -0.14796            0            0            0            0            0            0            0            0            0         3629       0.3885            0  
          0           -3            0      -0.3428     0.013632    0.0075228    0.0061097   2.0297e-05    0.0017734    0.0020385  -0.00026509  -3.4778e-06    2.929e-06   2.1284e-09   2.9269e-06      -25.146      -14.722            0      -8313.4       330.61      -287.12      0.49225      -8309.7      -435.23      0.49653      -8304.6            0            0            0       90.007      -7.4131       90.078      -2.2774     -0.50432       46.571        0.472      0.38855  -1.1217e-05     0.014679        -5588  -2.6391e+05        29781       1.0309     -0.13319            0            0            0            0            0            0            0            0            0         3629       0.3885            0  
          0         -2.5            0     -0.30482      0.01223       0.0074    0.0048298   2.0338e-05    0.0018372    0.0020399   -0.0002027  -3.4526e-06   2.9609e-06   2.0974e-09   2.9588e-06      -24.924      -13.761            0      -7392.4       296.59      -205.43      0.49323      -7390.4       -322.5      0.49678      -7386.4            0            0            0       90.006      -7.9311       90.078      -2.2976     -0.50438       48.246      0.47225      0.38848  -1.2663e-05     0.014676      -4970.2  -2.8235e+05        26717       1.0311     -0.11841            0            0            0            0            0            0            0            0            0         3629       0.3885            0  
          0           -2            0      -0.2668     0.010976    0.0072768    0.0036992   2.0376e-05    0.0018919    0.0020411  -0.00014927  -3.4264e-06   2.9924e-06   2.2086e-09   2.9902e-06      -24.307      -12.555            0      -6470.2       266.18      -136.15      0.49414      -6469.4      -225.81      0.49694      -6466.3            0            0            0       90.002      -8.6926       90.078      -2.3558     -0.50435       49.681      0.47247      0.38841  -1.4522e-05     0.014674      -4351.1  -3.0946e+05        23977       1.0313     -0.10363            0            0            0            0            0            0            0            0            0         3629       0.3885            0  
          0         -1.5            0     -0.22873    0.0098446    0.0071263    0.0027183    2.041e-05    0.0019371    0.0020419  -0.00010482  -3.3994e-06   3.0235e-06   2.5845e-09   3.0209e-06      -23.234      -11.112            0      -5547.2       238.75      -79.307      0.49498        -5547      -145.19      0.49701      -5544.7            0            0            0       89.995      -9.8216       90.078      -2.4645     -0.50423        50.87      0.47267      0.38835     -1.7e-05     0.014672        -3731  -3.4965e+05        21506       1.0316    -0.088828            0            0            0            0            0            0            0            0            0         3629       0.3885            0  
          0           -1            0     -0.19064    0.0088895    0.0070017    0.0018878   2.0441e-05    0.0019736     0.002043  -6.9364e-05  -3.3716e-06   3.0527e-06   1.6914e-09    3.051e-06      -21.445      -9.3636            0      -4623.3       215.59      -34.913      0.49574      -4623.4      -80.675      0.49698      -4621.9            0            0            0        89.98      -11.656       90.078      -2.6698     -0.50402       51.828      0.47261       0.3883  -2.0469e-05      0.01467        -3110  -4.1494e+05        19420       1.0319    -0.074025            0            0            0            0            0            0            0            0            0         3629       0.3885            0  
          0         -0.5            0     -0.15252    0.0081095    0.0069014     0.001208    2.047e-05    0.0020014    0.0020443   -4.291e-05  -3.3429e-06   3.0825e-06    1.915e-09   3.0805e-06      -18.808      -7.3452            0      -3698.9       196.67      -2.9829      0.49642        -3699      -32.272      0.49686        -3698            0            0            0       89.951      -14.858       90.078      -3.0435     -0.50372       52.557      0.47267      0.38824  -2.5674e-05     0.014668      -2488.3  -5.2897e+05        17715       1.0321    -0.059215            0            0            0            0            0            0            0            0            0         3629       0.3885            0  
          0            0            0     -0.11438    0.0074605    0.0067813   0.00067925   2.0495e-05    0.0020198    0.0020452  -2.5468e-05  -3.3133e-06   3.1113e-06   1.8898e-09   3.1094e-06      -15.332      -5.1853            0        -2774       180.93       16.473      0.49703        -2774            0      0.49665      -2773.4            0            0            0       89.887      -21.047       90.078      -3.7318     -0.50333       53.041      0.47264      0.38818   -3.435e-05     0.014667      -1866.2   -7.493e+05        16298       1.0324    -0.044401            0            0            0            0            0            0            0            0            0         3629       0.3885            0  
          0          0.5            0    -0.076235    0.0070078    0.0067062   0.00030164   2.0517e-05    0.0020296    0.0020466  -1.7042e-05  -3.2829e-06   3.1387e-06   1.1131e-09   3.1376e-06      -10.879      -3.0037            0      -1848.8       169.95       23.449      0.49756      -1848.7       16.131      0.49634      -1848.5            0            0            0         89.7      -36.335       90.078      -5.2521     -0.50286       53.298      0.47243      0.38806  -5.1708e-05     0.014664      -1243.8  -1.2935e+06        15309       1.0327    -0.029584            0            0            0            0            0            0            0            0            0         3629       0.3885            0  
          0            1            0    -0.038082    0.0067374    0.0066621   7.5248e-05   2.0535e-05    0.0020306    0.0020483  -1.7636e-05  -3.2518e-06   3.1653e-06   2.7798e-10   3.1651e-06      -5.6524       -1.103            0      -923.56       163.39       17.943      0.49801      -923.39       16.117      0.49594      -923.33            0            0            0       88.701      -98.942       90.078      -10.033      -0.5023       53.326      0.47216       0.3877  -0.00010384     0.014655      -621.33  -3.5224e+06        14718        1.033    -0.014765            0            0            0            0            0            0            0            0            0         3629       0.3885            0  
          0          1.5            0   6.8322e-05    0.0066444    0.0066444   4.4299e-10   2.0551e-05    0.0020229    0.0020501   -2.725e-05  -3.2198e-06   3.1916e-06  -2.7884e-10   3.1919e-06     0.010283   8.4994e-05       120.98       1.6569       161.14    -0.043363      0.49839       1.6564    -0.043374      0.49545       1.6564            0            0            0       0.9262   1.2841e+06       90.078       89.411     -0.50165       53.122      0.47187      0.81985     0.058062     0.026005        1.167   4.5713e+10        14515      0.56477   5.6014e-05            0            0            0            0            0            0            0            0            0         3629       0.3885            0  
          0            2            0      0.03821    0.0067379    0.0066622   7.5716e-05   2.0563e-05    0.0020064    0.0020523  -4.5879e-05   -3.187e-06   3.2177e-06  -2.7968e-10   3.2179e-06       5.6709       1.1085       5.1158       926.65       163.41      -30.505      0.49869       926.15      -32.344      0.49487       926.22            0            0            0       88.709       98.455       90.078       10.001     -0.50091       52.691      0.47161      0.38934   0.00010413     0.014699       623.28   3.5051e+06        14719       1.0335     0.014877            0            0            0            0            0            0            0            0            0         3629       0.3885            0  
          0          2.5            0     0.076335    0.0070115    0.0067094    0.0003021   2.0572e-05    0.0019812    0.0020548   -7.352e-05  -3.1535e-06   3.2421e-06  -1.2228e-09   3.2433e-06       10.887        3.008       3.6194       1851.3       170.04      -73.431      0.49892       1849.8      -80.776      0.49419       1850.1            0            0            0         89.7       36.283       90.078        5.248     -0.50008       52.029      0.47114      0.38902   5.2278e-05     0.014691       1244.9   1.2917e+06        15317       1.0338     0.029696            0            0            0            0            0            0            0            0            0         3629       0.3885            0  
          0            3            0      0.11444    0.0074653    0.0067866   0.00067873   2.0578e-05    0.0019473    0.0020574  -0.00011016  -3.1192e-06    3.266e-06  -1.8281e-09   3.2679e-06       15.329       5.1857       2.9561       2775.3       181.05      -128.81      0.49906       2772.4      -145.32      0.49343       2772.9            0            0            0       89.887       21.046       90.078       3.7324     -0.49917       51.136      0.47067      0.38897   3.4971e-05     0.014691       1865.9   7.4925e+05        16308       1.0342     0.044513            0            0            0            0            0            0            0            0            0         3629       0.3885            0  
          0          3.5            0      0.15251    0.0081071     0.006902    0.0012051   2.0581e-05    0.0019046    0.0020604   -0.0001558  -3.0841e-06   3.2898e-06  -1.8656e-09   3.2917e-06       18.812       7.3465       2.5606       3698.6       196.61      -196.63      0.49913       3693.5      -225.97      0.49257       3694.5            0            0            0       89.951       14.856       90.078       3.0429     -0.49817       50.017      0.47023        0.389   2.6314e-05     0.014693         2486   5.2887e+05        17710       1.0345     0.059327            0            0            0            0            0            0            0            0            0         3629       0.3885            0  
          0            4            0      0.19055    0.0088826    0.0070021    0.0018805   2.0581e-05    0.0018526     0.002063  -0.00021041  -3.0484e-06    3.313e-06  -1.7437e-09   3.3148e-06       21.452        9.364       2.2909       4621.1       215.42      -276.86      0.49912         4613      -322.68      0.49162       4614.6            0            0            0        89.98       11.655       90.078        2.669     -0.49708       48.652      0.46976      0.38907   2.1118e-05     0.014696       3105.1   4.1492e+05        19404       1.0348     0.074137            0            0            0            0            0            0            0            0            0         3629       0.3885            0  
          0          4.5            0      0.22854    0.0098312    0.0071269    0.0027043   2.0577e-05    0.0017919    0.0020658  -0.00027398  -3.0119e-06   3.3343e-06  -2.6812e-09    3.337e-06       23.246       11.113       2.0918       5542.5       238.42      -369.48      0.49904       5530.5      -435.44      0.49057       5532.8            0            0            0       89.995       9.8206       90.078       2.4632     -0.49591       47.055      0.46906      0.38917   1.7653e-05       0.0147         3723   3.4962e+05        21477       1.0352      0.08894            0            0            0            0            0            0            0            0            0         3629       0.3885            0  
          0            5            0      0.26648     0.010953    0.0072773    0.0036756   2.0571e-05    0.0017223    0.0020688  -0.00034649  -2.9748e-06   3.3562e-06  -2.3042e-09   3.3585e-06        24.33        12.56       1.9372       6462.7       265.62      -474.46      0.49888       6445.8      -564.21      0.48944       6448.9            0            0            0       90.002       8.6895       90.078       2.3536     -0.49465       45.228      0.46851      0.38928   1.5178e-05     0.014704       4339.4   3.0935e+05        23927       1.0355      0.10374            0            0            0            0            0            0            0            0            0         3629       0.3885            0  
          0          5.5            0      0.30437     0.012194    0.0074004    0.0047933   2.0561e-05    0.0016432    0.0020711  -0.00042792   -2.937e-06   3.3769e-06  -2.2012e-09   3.3791e-06       24.961       13.771       1.8126       7381.5       295.72      -591.77      0.49864       7358.6      -708.95      0.48822       7362.7            0            0            0       90.006       7.9252       90.078       2.2942     -0.49331       43.151      0.46787      0.38942   1.3321e-05     0.014709       4954.2   2.8214e+05        26638       1.0359      0.11853            0            0            0            0            0            0            0            0            0         3629       0.3885            0  
          0            6            0      0.34219      0.01358    0.0075232    0.0060564   2.0548e-05     0.001555    0.0020733  -0.00051825  -2.8985e-06   3.3967e-06  -2.2481e-09   3.3989e-06       25.199       14.741       1.7095       8298.7       329.33      -721.38      0.49832       8268.6      -869.61       0.4869       8273.7            0            0            0       90.007       7.4039       90.078       2.2726     -0.49188       40.836      0.46714      0.38957   1.1877e-05     0.014715       5567.3   2.6358e+05        29665       1.0363      0.13331            0            0            0            0            0            0            0            0            0         3629       0.3885            0  
          0          6.5            0      0.37994     0.015119    0.0076553    0.0074637   2.0532e-05    0.0014579    0.0020754  -0.00061744  -2.8594e-06   3.4153e-06  -2.5588e-09   3.4179e-06        25.13        15.49       1.6223       9214.3       366.66      -863.24      0.49793       9175.6      -1046.1       0.4855       9181.9            0            0            0       90.007       7.0456       90.078       2.2787     -0.49036       38.286      0.46632      0.38973   1.0721e-05     0.014722       6178.3   2.5083e+05        33028       1.0367      0.14808            0            0            0            0            0            0            0            0            0         3629       0.3885            0  
          0            7            0      0.41762     0.016812    0.0077986    0.0090139   2.0512e-05    0.0013519    0.0020774  -0.00072547  -2.8197e-06    3.433e-06  -2.9026e-09   3.4359e-06        24.84       16.052       1.5474        10128       407.73      -1017.3      0.49746        10079      -1238.5      0.48401        10087            0            0            0       90.005       6.7989       90.078       2.3054     -0.48876       35.502      0.46543      0.38991   9.7751e-06     0.014728       6787.2   2.4204e+05        36728        1.037      0.16283            0            0            0            0            0            0            0            0            0         3629       0.3885            0  
          0          7.5            0      0.45521     0.018671    0.0079657     0.010706    2.049e-05    0.0012372    0.0020795   -0.0008423  -2.7794e-06   3.4501e-06  -3.1073e-09   3.4532e-06        24.38       16.449       1.4822        11040       452.81      -1183.6      0.49691        10979      -1446.6      0.48243        10988            0            0            0       90.002       6.6348       90.078       2.3488     -0.48708        32.49      0.46451      0.39011   8.9869e-06     0.014736       7393.7    2.362e+05        40788       1.0375      0.17758            0            0            0            0            0            0            0            0            0         3629       0.3885            0  
          0            8            0      0.49271     0.020668    0.0081311     0.012537   2.0464e-05    0.0011135    0.0020814   -0.0009679  -2.7385e-06   3.4666e-06  -2.9171e-09   3.4695e-06       23.839       16.734       1.4246        11949       501.24      -1361.9      0.49629        11875      -1670.4      0.48075        11886            0            0            0       89.999       6.5221       90.078        2.402     -0.48532       29.242       0.4636      0.39032   8.3198e-06     0.014744       7997.8   2.3219e+05        45150       1.0379      0.19231            0            0            0            0            0            0            0            0            0         3629       0.3885            0  
          0          8.5            0      0.53012     0.022814    0.0083067     0.014507   2.0435e-05   0.00098103    0.0020833   -0.0011022  -2.6971e-06   3.4813e-06   -3.662e-09    3.485e-06       23.237       16.919       1.3735        12856       553.27      -1552.3      0.49559        12767      -1909.9        0.479        12779            0            0            0       89.995       6.4507       90.078       2.4642     -0.48347       25.763      0.46248      0.39054   7.7478e-06     0.014752         8599   2.2965e+05        49837       1.0383      0.20703            0            0            0            0            0            0            0            0            0         3629       0.3885            0  
          0            9            0      0.56742     0.025132    0.0085185     0.016613   2.0403e-05   0.00084013    0.0020854   -0.0012453  -2.6551e-06   3.4957e-06  -3.8315e-09   3.4995e-06       22.578       17.007       1.3275        13761       609.49      -1754.7      0.49482        13655      -2164.9      0.47715        13669            0            0            0        89.99       6.4171       90.078        2.536     -0.48154       22.062       0.4614      0.39077   7.2521e-06     0.014761       9197.4   2.2845e+05        54902       1.0387      0.22173            0            0            0            0            0            0            0            0            0         3629       0.3885            0  
          0          9.5            0      0.60461     0.027573    0.0087182     0.018854   2.0368e-05   0.00069023    0.0020871   -0.0013969  -2.6126e-06   3.5098e-06  -3.4133e-09   3.5132e-06       21.928       17.051       1.2861        14663       668.68      -1969.1      0.49396        14537      -2435.4      0.47522        14553            0            0            0       89.984       6.4008       90.078       2.6111     -0.47953       18.126      0.46036      0.39102   6.8182e-06     0.014771       9792.7   2.2787e+05        60233       1.0392      0.23642            0            0            0            0            0            0            0            0            0         3629       0.3885            0  
          0           10            0      0.64169      0.03014    0.0089118     0.021228    2.033e-05   0.00053145    0.0020886   -0.0015572  -2.5696e-06   3.5221e-06  -3.8283e-09   3.5259e-06        21.29       17.055       1.2484        15562       730.95      -2195.3      0.49304        15415      -2721.3       0.4732        15433            0            0            0       89.979       6.3993       90.078       2.6892     -0.47743       13.956      0.45913      0.39129   6.4353e-06     0.014781        10385   2.2782e+05        65842       1.0397      0.25109            0            0            0            0            0            0            0            0            0         3629       0.3885            0  
          0         10.5            0      0.67865     0.032855    0.0091227     0.023733   2.0289e-05   0.00036416    0.0020902    -0.001726  -2.5261e-06   3.5338e-06  -3.9042e-09   3.5377e-06       20.656       17.016       1.2139        16458        796.8      -2433.4      0.49204        16288      -3022.5       0.4711        16308            0            0            0       89.973       6.4138       90.078       2.7717     -0.47526       9.5632       0.4579      0.39157   6.0948e-06     0.014791        10973   2.2834e+05        71774       1.0401      0.26573            0            0            0            0            0            0            0            0            0         3629       0.3885            0  
          0           11            0      0.71547     0.035797    0.0094314     0.026366   2.0244e-05   0.00018926    0.0020926   -0.0019033  -2.4822e-06   3.5432e-06  -5.3325e-09   3.5486e-06       19.987       16.906       1.1822        17351       868.14      -2683.1      0.49096        17155      -3338.9      0.46891        17177            0            0            0       89.965       6.4556       90.078       2.8643     -0.47301       4.9701      0.45642      0.39186   5.7901e-06     0.014802        11558   2.2982e+05        78200       1.0406      0.28036            0            0            0            0            0            0            0            0            0         3629       0.3885            0  
          0         11.5            0      0.75216     0.038943    0.0098183     0.029125   2.0197e-05   6.8628e-06    0.0020959   -0.0020891  -2.4378e-06     3.55e-06  -8.4671e-09   3.5585e-06       19.314       16.751        1.153        18241       944.44      -2944.6      0.48981        18016      -3670.5      0.46663        18041            0            0            0       89.958       6.5154       90.078       2.9638     -0.47067      0.18022      0.45463      0.39216   5.5158e-06     0.014814        12139   2.3195e+05        85074       1.0411      0.29497            0            0            0            0            0            0            0            0            0         3629       0.3885            0  
          0           12            0      0.78872     0.042321     0.010313     0.032008   2.0146e-05  -0.00018325       0.0021   -0.0022832   -2.393e-06   3.5561e-06   -1.139e-08   3.5674e-06       18.637       16.551        1.126        19128       1026.4      -3217.6      0.48858        18871        -4017      0.46427        18899            0            0            0       89.949        6.594       90.078       3.0714     -0.46826      -4.8122      0.45282      0.39248   5.2675e-06     0.014826        12717   2.3475e+05        92452       1.0417      0.30955            0            0            0            0            0            0            0            0            0         3629       0.3885            0  
          0         12.5            0      0.82512     0.045956     0.010943     0.035013   2.0093e-05   -0.0003808    0.0021049   -0.0024857  -2.3479e-06   3.5626e-06   -1.283e-08   3.5755e-06       17.954       16.309       1.1009        20011       1114.5      -3502.1      0.48728        19720      -4378.5      0.46183        19750            0            0            0       89.939       6.6918       90.078       3.1879     -0.46578          -10      0.45118      0.39281   5.0418e-06     0.014838        13290   2.3823e+05   1.0039e+05       1.0422      0.32411            0            0            0            0            0            0            0            0            0         3629       0.3885            0  
          0           13            0      0.86137     0.050705     0.012568     0.038137   2.0036e-05  -0.00057535    0.0021211   -0.0026964  -2.3023e-06   3.5378e-06  -4.4688e-08   3.5825e-06       16.988       15.767       1.0775        20890       1229.7        -3798      0.48591        20562      -4754.8      0.45931        20595            0            0            0       89.922       6.9221       90.078       3.3688     -0.46321      -15.109      0.44498      0.39315   4.8356e-06     0.014851        13858   2.4643e+05   1.1077e+05       1.0428      0.33865            0            0            0            0            0            0            0            0            0         3629       0.3885            0  
          0         13.5            0      0.89746      0.05624     0.014863     0.041377   1.9976e-05  -0.00076939     0.002146   -0.0029154  -2.2564e-06   3.5392e-06  -4.9329e-08   3.5886e-06       15.958       15.118       1.0556        21765       1363.9      -4105.2      0.48446        21398      -5145.8      0.45671        21434            0            0            0       89.902       7.2193       90.078       3.5858     -0.46057      -20.205      0.44278      0.39351   4.6466e-06     0.014865        14422   2.5701e+05   1.2286e+05       1.0433      0.35316            0            0            0            0            0            0            0            0            0         3629       0.3885            0  
          0           14            0      0.93339     0.062105     0.017374      0.04473   1.9914e-05  -0.00096869    0.0021738   -0.0031425  -2.2102e-06   3.5428e-06  -5.0926e-08   3.5937e-06       15.029        14.52       1.0351        22636       1506.1      -4423.7      0.48294        22226      -5551.4      0.45402        22265            0            0            0       89.879       7.5163       90.078       3.8066     -0.45785      -25.439      0.44097      0.39388   4.4726e-06     0.014879        14982   2.6758e+05   1.3567e+05       1.0439      0.36764            0            0            0            0            0            0            0            0            0         3629       0.3885            0  
          0         14.5            0      0.96915     0.068328     0.020133     0.048195   1.9848e-05   -0.0011743    0.0022033   -0.0033776  -2.1637e-06   3.5423e-06  -5.5461e-08   3.5978e-06       14.184       13.963       1.0158        23504       1657.1      -4753.3      0.48135        23048      -5971.4      0.45126        23090            0            0            0       89.855        7.816       90.078       4.0328     -0.45506      -30.837      0.43869      0.39426   4.3119e-06     0.014893        15537   2.7825e+05   1.4926e+05       1.0446       0.3821            0            0            0            0            0            0            0            0            0         3629       0.3885            0  
