Cessna208_HTP_VTP_v1
HTPVTP_T1-90.1 m/s-TriUniform-ThinSurf-x0.3825m_FL100
Freestream speed = 90.078 m/s


 Ctrl        Alpha        Beta         CL           CD           CD_viscous   CD_induced   CY           Cm           Cm_viscous   Cm_pressure  Cl           Cn           Cn_viscous   Cn_pressure  CL/CD        CL^(3/2)/CD  1/sqrt(CL)   Lift_(N)     Drag_(N)     Fx_FF_(N)    Fy_FF_(N)    Fz_FF_(N)    Fx_sum_(N)   Fy_sum_(N)   Fz_sum_(N)   Extra_drag_(N)  Fuse_drag_(N)  Cf_Fuse      Vx_(m/s)     Vz_(m/s)     V_(m/s)      Gamma        L_(N.m)      M_(N.m)      N_(N.m)      CPx_(m)      CPy_(m)      CPz_(m)      BM_(N.m)     m.g.Vz_(W)   Drag_x_V_(W)  Efficiency   XCp.Cl       XNP_(m)      Phugoid_Freq._(Hz)  Phugoid_Damping  Short_Period_Freq._(Hz)  Short_Period_Damping_Ratio  Dutch_Roll_Freq._(Hz)  Dutch_Roll_Damping  Roll_Damping  Spiral_Damping  Mass_(kg)    CoG_x_(m)    CoG_z_(m)    
          0          -11            0     -0.95288     0.084364     0.035319     0.049045   9.2643e-05    0.0011221    0.0027903   -0.0016683   9.2614e-06  -4.4393e-05    3.213e-06  -4.7606e-05      -11.295      -11.026            0       -23109         2046      -3241.8       2.2467       -22911      -2673.1       6.5033       -23248            0            0            0       89.727      -9.8986       90.078      -5.0595    0.0011457       29.466      -6.8884      0.37844  -0.00015226    0.0037404       -15658  -3.5239e+05    1.843e+05      0.99228     -0.36061            0            0            0            0            0            0            0            0            0         3629       0.3825            0  
          0        -10.5            0     -0.91502     0.090411     0.045174     0.045236   8.7694e-05    0.0012406    0.0030979   -0.0018573   9.0598e-06  -3.9708e-05   4.5116e-06   -4.422e-05      -10.121      -9.6811            0       -22191       2192.6      -2965.3       2.1267       -22019      -2444.4       5.8971       -22346            0            0            0       89.641      -11.273       90.078      -5.6429      0.12908       32.579      -6.1819      0.37881  -0.00014933    0.0033126       -15056  -4.0133e+05   1.9751e+05      0.99202     -0.34662            0            0            0            0            0            0            0            0            0         3629       0.3825            0  
          0          -10            0     -0.87699      0.12022      0.07865     0.041566   8.2718e-05    0.0017265    0.0037648   -0.0020383   8.8497e-06  -3.3803e-05   7.1297e-06  -4.0932e-05      -7.2952      -6.8318            0       -21269       2915.4      -2700.5        2.006       -21120      -2225.8       5.3173       -21437            0            0            0       89.243      -15.975       90.078      -7.8053      0.24418       45.339      -5.2904      0.37914  -0.00014618     0.002828       -14449  -5.6872e+05   2.6262e+05      0.99175      -0.3325            0            0            0            0            0            0            0            0            0         3629       0.3825            0  
          0         -9.5            0      -0.8388      0.10392     0.065881     0.038036   7.7716e-05    0.0011759    0.0033873   -0.0022114   8.6283e-06  -3.0612e-05   7.1321e-06  -3.7744e-05      -8.0718      -7.3927            0       -20342       2520.2      -2447.7       1.8848       -20216      -2017.3       4.7642       -20520            0            0            0       89.395      -14.763       90.078      -7.0622      0.34643        30.88      -4.8028      0.37941  -0.00014279    0.0022787       -13838  -5.2557e+05   2.2701e+05      0.99144     -0.31825            0            0            0            0            0            0            0            0            0         3629       0.3825            0  
          0           -9            0     -0.80046     0.082831      0.04818     0.034651   7.2691e-05   0.00053137    0.0029078   -0.0023764   8.3931e-06  -2.1633e-05   1.3021e-05  -3.4654e-05      -9.6638      -8.6461            0       -19413       2008.8      -2206.8       1.7629       -19305        -1819        4.238       -19598            0            0            0         89.6      -12.623       90.078      -5.9079      0.43579       13.954      -3.4453      0.37963  -0.00013911    0.0016551       -13223  -4.4938e+05   1.8095e+05       0.9911     -0.30388            0            0            0            0            0            0            0            0            0         3629       0.3825            0  
          0         -8.5            0     -0.76198      0.05721     0.025799     0.031411   6.7644e-05  -0.00015239     0.002381   -0.0025334   8.1414e-06  -2.1746e-05   9.9177e-06  -3.1664e-05      -13.319      -11.626            0       -18479       1387.4        -1978       1.6405       -18389        -1631       3.7387       -18668            0            0            0       89.825      -9.3871       90.078      -4.2938      0.51222       -4.002        -3.45      0.37979  -0.00013508   0.00094584       -12604  -3.3419e+05   1.2498e+05      0.99072     -0.28939            0            0            0            0            0            0            0            0            0         3629       0.3825            0  
          0           -8            0     -0.72336      0.03832         0.01      0.02832   6.2575e-05  -0.00063521     0.002047   -0.0026822   7.8706e-06  -2.5377e-05    3.394e-06  -2.8771e-05      -18.877      -16.055            0       -17543       929.34      -1761.3       1.5176       -17468      -1453.2       3.2666       -17733            0            0            0       89.952      -6.7979       90.078      -3.0325      0.57571      -16.681       -3.984      0.37989  -0.00013064    0.0001369       -11982  -2.4201e+05        83713      0.99028      -0.2748            0            0            0            0            0            0            0            0            0         3629       0.3825            0  
          0         -7.5            0     -0.68461     0.034589    0.0092088      0.02538   5.7488e-05  -0.00078649    0.0020364   -0.0028229    7.578e-06  -2.5884e-05   9.3314e-08  -2.5978e-05      -19.793      -16.377            0       -16603       838.84      -1556.9       1.3942       -16541      -1285.8       2.8217       -16792            0            0            0       89.963      -6.6642       90.078      -2.8923      0.62625      -20.654      -4.0487      0.37992  -0.00012572  -0.00078891       -11356  -2.3725e+05        75561      0.98978      -0.2601            0            0            0            0            0            0            0            0            0         3629       0.3825            0  
          0           -7            0     -0.64573     0.031524    0.0089309     0.022593   5.2383e-05  -0.00091943    0.0020359   -0.0029553   7.2611e-06  -2.3211e-05   7.0381e-08  -2.3282e-05      -20.484       -16.46            0       -15660        764.5      -1364.6       1.2704       -15610      -1128.8       2.4043       -15846            0            0            0       89.971      -6.6304       90.078      -2.7949       0.6638      -24.145      -3.6342      0.37987  -0.00012021    -0.001853       -10727  -2.3604e+05        68865      0.98919      -0.2453            0            0            0            0            0            0            0            0            0         3629       0.3825            0  
          0         -6.5            0     -0.60674     0.028684    0.0087229     0.019961   4.7261e-05   -0.0010429    0.0020366   -0.0030795   6.9172e-06  -2.0628e-05   5.5062e-08  -2.0683e-05      -21.153      -16.477            0       -14714       695.62      -1184.7       1.1462       -14675       -982.2       2.0144       -14894            0            0            0       89.978      -6.6238       90.078      -2.7067      0.68837      -27.388      -3.2325      0.37974    -0.000114   -0.0030822       -10095  -2.3581e+05        62660       0.9885      -0.2304            0            0            0            0            0            0            0            0            0         3629       0.3825            0  
          0           -6            0     -0.56763     0.026005    0.0085202     0.017485   4.2125e-05   -0.0011582    0.0020372   -0.0031954   6.5439e-06  -1.8131e-05   5.0182e-08  -1.8182e-05      -21.827      -16.445            0       -13766       630.68      -1017.2       1.0216       -13735      -846.14       1.6521       -13938            0            0            0       89.984      -6.6365       90.078      -2.6231      0.69994      -30.416      -2.8432      0.37951  -0.00010692   -0.0045112      -9460.4  -2.3626e+05        56810      0.98767     -0.21542            0            0            0            0            0            0            0            0            0         3629       0.3825            0  
          0         -5.5            0     -0.52843     0.023478    0.0083089     0.015169   3.6976e-05   -0.0012656    0.0020374    -0.003303   6.1385e-06  -1.5732e-05   4.4769e-08  -1.5776e-05      -22.508      -16.362            0       -12815       569.37      -862.12      0.89674       -12792      -720.61       1.3177       -12976            0            0            0       89.989      -6.6704       90.078      -2.5439      0.69851      -33.235      -2.4682      0.37917  -9.8763e-05   -0.0061847        -8823  -2.3747e+05        51288      0.98666     -0.20036            0            0            0            0            0            0            0            0            0         3629       0.3825            0  
          0           -5            0     -0.48913     0.021131    0.0081188     0.013013   3.1816e-05   -0.0013643    0.0020379   -0.0034022   5.6985e-06  -1.3437e-05   2.9586e-08  -1.3467e-05      -23.147      -16.188            0       -11862       512.47      -719.48      0.77158       -11845      -605.66       1.0111       -12011            0            0            0       89.994      -6.7417       90.078      -2.4738      0.68408      -35.827      -2.1089      0.37869  -8.9267e-05   -0.0081621      -8183.2  -2.4001e+05        46162      0.98543     -0.18523            0            0            0            0            0            0            0            0            0         3629       0.3825            0  
          0         -4.5            0     -0.44974      0.01897    0.0079512     0.011018   2.6645e-05   -0.0014544    0.0020386    -0.003493   5.2215e-06  -1.1228e-05   2.3878e-08  -1.1252e-05      -23.708      -15.899            0       -10907       460.04      -589.36      0.64619       -10894      -501.33      0.73242       -11042            0            0            0       89.998      -6.8643       90.078      -2.4153      0.65666      -38.193      -1.7627      0.37806  -7.8059e-05    -0.010524      -7541.1  -2.4437e+05        41440       0.9839     -0.17003            0            0            0            0            0            0            0            0            0         3629       0.3825            0  
          0           -4            0     -0.41027     0.016973    0.0077852    0.0091875   2.1467e-05   -0.0015362    0.0020392   -0.0035753    4.705e-06   -9.114e-06   1.7304e-08  -9.1313e-06      -24.172      -15.483            0      -9949.7       411.62      -471.78       0.5206        -9941      -407.64      0.48185       -10069            0            0            0       90.001       -7.049       90.078       -2.369      0.61625      -40.341       -1.431      0.37723   -6.463e-05    -0.013381        -6897  -2.5095e+05        37078      0.98194     -0.15476            0            0            0            0            0            0            0            0            0         3629       0.3825            0  
          0         -3.5            0     -0.37072     0.015157    0.0076355    0.0075214   1.6281e-05   -0.0016094    0.0020399   -0.0036493   4.1466e-06  -7.0935e-06   1.0431e-08  -7.1039e-06      -24.459      -14.892            0      -8990.7       367.58       -366.8      0.39485        -8985      -324.61      0.25939        -9092            0            0            0       90.003      -7.3284       90.078      -2.3412      0.56286      -42.264       -1.114      0.37614  -4.8249e-05    -0.016893        -6251  -2.6089e+05        33111      0.97938     -0.13944            0            0            0            0            0            0            0            0            0         3629       0.3825            0  
          0           -3            0     -0.33111     0.013519    0.0074983    0.0060211   1.1091e-05   -0.0016741    0.0020407   -0.0037147   3.5439e-06  -5.1639e-06   4.7199e-09  -5.1687e-06      -24.492      -14.093            0      -8030.1       327.87      -274.44      0.26896      -8026.7      -252.29     0.065138      -8112.3            0            0            0       90.003      -7.7441       90.078      -2.3381      0.49652      -43.962     -0.81156      0.37472  -2.7836e-05    -0.021296      -5603.3  -2.7569e+05        29534      0.97594     -0.12407            0            0            0            0            0            0            0            0            0         3629       0.3825            0  
          0         -2.5            0     -0.29145     0.012056    0.0073685    0.0046878   5.8964e-06   -0.0017302    0.0020416   -0.0037717   2.8944e-06  -3.3242e-06   3.6751e-10  -3.3246e-06      -24.174       -13.05            0        -7068       292.39      -194.73        0.143      -7066.3      -190.68     -0.10086      -7129.9            0            0            0       90.001      -8.3629       90.078      -2.3688      0.41725      -45.435     -0.52369      0.37284  -1.7193e-06    -0.026955      -4954.3  -2.9772e+05        26338      0.97117     -0.10866            0            0            0            0            0            0            0            0            0         3629       0.3825            0  
          0           -2            0     -0.25172      0.01075    0.0072279    0.0035223   7.0022e-07    -0.001778    0.0020422   -0.0038202   2.1959e-06  -1.5754e-06  -4.8215e-09  -1.5706e-06      -23.416      -11.748            0      -6104.8       260.71      -127.68     0.016981        -6104      -139.82     -0.23856      -6144.9            0            0            0       89.996      -9.2897       90.078      -2.4454      0.32505      -46.691     -0.25082       0.3703   3.2828e-05    -0.034464      -4304.1  -3.3072e+05        23484      0.96422    -0.093213            0            0            0            0            0            0            0            0            0         3629       0.3825            0  
          0         -1.5            0     -0.21196    0.0096052    0.0070798    0.0025254  -4.4964e-06   -0.0018176    0.0020426   -0.0038601   1.4461e-06   8.4867e-08  -9.6079e-09   9.4474e-08      -22.067       -10.16            0      -5140.4       232.94      -73.336     -0.10904      -5140.2      -99.702     -0.34791      -5157.7            0            0            0       89.986      -10.742       90.078      -2.5946      0.21998       -47.73    0.0071374      0.36674   8.0587e-05    -0.044868      -3652.9  -3.8243e+05        20983      0.95352    -0.077735            0            0            0            0            0            0            0            0            0         3629       0.3825            0  
          0           -1            0     -0.17216    0.0086518     0.006954    0.0016978  -9.6918e-06   -0.0018483    0.0020432   -0.0038916   6.4267e-07   1.6611e-06  -1.0776e-08   1.6719e-06      -19.899      -8.2564            0      -4175.2       209.82      -31.698     -0.23504      -4175.3      -70.353     -0.42888      -4168.6            0            0            0       89.964      -13.219       90.078      -2.8769      0.10205      -48.538       0.2506      0.36148   0.00015076    -0.060176      -3000.9  -4.7059e+05        18900      0.93566    -0.062232            0            0            0            0            0            0            0            0            0         3629       0.3825            0  
          0         -0.5            0     -0.13233     0.007877    0.0068369    0.0010401  -1.4884e-05   -0.0018705     0.002044   -0.0039144  -2.1654e-07   3.1473e-06  -1.5744e-08    3.163e-06        -16.8      -6.1112            0      -3209.2       191.03      -2.7818     -0.36097      -3209.3      -51.778     -0.48144      -3177.9            0            0            0       89.919      -17.859       90.078      -3.4065      -0.0287       -49.12      0.47837      0.35299   0.00026365    -0.084817      -2348.2  -6.3578e+05        17208      0.90237    -0.046712            0            0            0            0            0            0            0            0            0         3629       0.3825            0  
          0            0            0    -0.092479    0.0072926      0.00674   0.00055265  -2.0073e-05    -0.001884    0.0020448   -0.0039288  -1.1337e-06   4.5548e-06  -1.4271e-08   4.5691e-06      -12.681      -3.8564            0      -2242.8       176.86       13.403      -0.4868      -2242.8      -43.984     -0.50558      -2185.8            0            0            0       89.799      -28.301       90.078      -4.5089     -0.17222      -49.475      0.69194      0.33716   0.00047456     -0.13086        -1695  -1.0075e+06        15931      0.82943     -0.03118            0            0            0            0            0            0            0            0            0         3629       0.3825            0  
          0          0.5            0    -0.052613    0.0069131    0.0066774   0.00023573  -2.5255e-05   -0.0018886    0.0020459   -0.0039345   -2.111e-06   5.8803e-06  -1.1365e-08   5.8917e-06      -7.6107      -1.7457            0        -1276       167.65       16.851     -0.61248      -1275.9      -46.972     -0.50129      -1192.7            0            0            0        89.31      -62.518       90.078      -7.4854     -0.32848      -49.596      0.89046      0.29735    0.0010064     -0.24698      -1041.5  -2.2257e+06        15102      0.62941    -0.015645            0            0            0            0            0            0            0            0            0         3629       0.3825            0  
          0            1            0    -0.012741    0.0067428    0.0066533   8.9483e-05   -3.043e-05   -0.0018842    0.0020475   -0.0039317  -3.1505e-06   7.1301e-06  -2.2035e-09   7.1323e-06      -1.8896      -0.2133            0         -309       163.52       7.5626     -0.73798      -308.92      -60.741     -0.46858      -198.98            0            0            0       79.617      -511.67       90.078      -27.888     -0.49743      -49.481       1.0746     0.008717    0.0048728      -1.0909      -388.04  -1.8216e+07        14730     0.097241  -0.00011107            0            0            0            0            0            0            0            0            0         3629       0.3825            0  
          0          1.5            0      0.02713     0.006773    0.0066591   0.00011394  -3.5596e-05   -0.0018711    0.0020493   -0.0039204  -4.2541e-06   8.2973e-06   4.9277e-09   8.2924e-06       4.0056      0.65976       6.0713       657.94       164.26       -14.46     -0.86326       657.79      -85.288     -0.40745        795.2            0            0            0       87.396       165.42       90.078       14.018     -0.67901      -49.135       1.2431      0.56817    -0.002628      0.54623       266.91   5.8891e+06        14796      0.34622     0.015414            0            0            0            0            0            0            0            0            0         3629       0.3825            0  
          0            2            0     0.066992    0.0069991    0.0066901     0.000309  -4.0751e-05   -0.0018491    0.0020514   -0.0039005   -5.424e-06   9.3924e-06    1.873e-08   9.3737e-06       9.5715       2.4774       3.8636       1624.7       169.74      -49.211     -0.98828       1623.9      -120.61     -0.31792       1789.5            0            0            0        89.59       44.054       90.078       5.9644     -0.87317       -48.56       1.3972      0.46162   -0.0012029      0.23511       920.14   1.5683e+06        15290      0.77847     0.030925            0            0            0            0            0            0            0            0            0         3629       0.3825            0  
          0          2.5            0      0.10684      0.00745    0.0067756    0.0006744  -4.5894e-05   -0.0018181    0.0020539   -0.0038721   -6.662e-06   1.0411e-05   3.3033e-08   1.0378e-05       14.341       4.6875       3.0594         2591       180.67      -96.679       -1.113       2589.3      -166.68     -0.20002       2783.6            0            0            0        89.86       23.283       90.078       3.9888      -1.0798      -47.745       1.5359      0.43443  -0.00084191      0.15626       1572.8   8.2888e+05        16275      0.90716     0.046414            0            0            0            0            0            0            0            0            0         3629       0.3825            0  
          0            3            0      0.14666    0.0080965    0.0068867    0.0012098  -5.1023e-05   -0.0017784    0.0020567   -0.0038351  -7.9701e-06   1.1347e-05   4.0799e-08   1.1307e-05       18.114       6.9371       2.6112       3556.8       196.35      -156.85      -1.2374       3553.5       -223.5    -0.053778       3777.1            0            0            0       89.941       15.733       90.078       3.1598       -1.299      -46.702       1.6581      0.42189  -0.00067774      0.12036       2224.8   5.6009e+05        17687      0.95295     0.061876            0            0            0            0            0            0            0            0            0         3629       0.3825            0  
          0          3.5            0      0.18645    0.0089005    0.0069858    0.0019147  -5.6137e-05   -0.0017305    0.0020591   -0.0037896    -9.35e-06   1.2202e-05   4.0334e-08   1.2162e-05       20.949       9.0458       2.3159       4521.8       215.85       -229.7      -1.3614       4516.2      -291.05      0.12075       4769.9            0            0            0       89.976       12.065       90.078        2.733      -1.5305      -45.443       1.7635       0.4146  -0.00058425     0.099863       2875.8   4.2952e+05        19443      0.97319     0.077304            0            0            0            0            0            0            0            0            0         3629       0.3825            0  
          0            4            0      0.22621    0.0099012    0.0071128    0.0027884  -6.1234e-05   -0.0016738    0.0020618   -0.0037356  -1.0803e-05   1.3014e-05    6.902e-08   1.2945e-05       22.846       10.866       2.1025       5485.9       240.12      -315.22       -1.485       5477.3      -369.31      0.32352       5761.6            0            0            0       89.992       10.044       90.078       2.5063      -1.7744      -43.956       1.8577      0.40976  -0.00052413     0.086644       3525.7   3.5757e+05        21630      0.98358     0.092691            0            0            0            0            0            0            0            0            0         3629       0.3825            0  
          0          4.5            0      0.26592     0.011095    0.0072649    0.0038302  -6.6312e-05   -0.0016086    0.0020645   -0.0036731  -1.2332e-05   1.3723e-05   6.4063e-08   1.3659e-05       23.967       12.359       1.9392       6448.9       269.08      -413.37      -1.6082       6436.3      -458.25      0.55446       6751.9            0            0            0           90       8.8306       90.078       2.3892      -2.0304      -42.243       1.9312      0.40626  -0.00048242     0.077431       4174.3   3.1437e+05        24238      0.98949      0.10803            0            0            0            0            0            0            0            0            0         3629       0.3825            0  
          0            5            0      0.30557     0.012433    0.0073939    0.0050393  -7.1371e-05   -0.0015354    0.0020667   -0.0036021  -1.3938e-05    1.437e-05   6.5672e-08   1.4304e-05       24.577       13.586        1.809       7410.6       301.53      -524.13      -1.7309       7393.1      -557.84      0.81351       7740.4            0            0            0       90.004       8.0332       90.078         2.33      -2.2987       -40.32       1.9901      0.40357  -0.00045194     0.070659       4821.4   2.8599e+05        27161      0.99313      0.12332            0            0            0            0            0            0            0            0            0         3629       0.3825            0  
          0          5.5            0      0.34517      0.01394    0.0075257    0.0064145  -7.6408e-05   -0.0014539    0.0020688   -0.0035227  -1.5623e-05   1.4955e-05   7.1289e-08   1.4884e-05       24.761       14.547       1.7021       8370.9       338.07      -647.46       -1.853       8347.2      -668.06       1.1006       8726.9            0            0            0       90.005       7.5024       90.078       2.3127      -2.5791       -38.18        2.034      0.40139  -0.00042882     0.065484       5466.7   2.6709e+05        30453       0.9955      0.13855            0            0            0            0            0            0            0            0            0         3629       0.3825            0  
          0            6            0      0.38469     0.015617    0.0076626    0.0079548  -8.1422e-05   -0.0013641    0.0020707   -0.0034348  -1.7387e-05   1.5485e-05   8.4997e-08     1.54e-05       24.632       15.278       1.6123       9329.4       378.75      -783.33      -1.9746       9298.5      -788.88       1.4156       9711.2            0            0            0       90.004       7.1436       90.078       2.3248      -2.8714      -35.823       2.0634      0.39957  -0.00041079     0.061411       6110.1   2.5431e+05        34117      0.99711      0.15371            0            0            0            0            0            0            0            0            0         3629       0.3825            0  
          0          6.5            0      0.42414     0.017477    0.0078177    0.0096589  -8.6411e-05   -0.0012659    0.0020726   -0.0033385  -1.9234e-05   1.5964e-05   1.0927e-07   1.5854e-05       24.269       15.806       1.5355        10286       423.84      -931.69      -2.0956        10247      -920.25       1.7585        10693            0            0            0       90.002        6.905       90.078       2.3595      -3.1757      -33.244       2.0787      0.39798  -0.00039644     0.058128       6751.4   2.4582e+05        38179      0.99826       0.1688            0            0            0            0            0            0            0            0            0         3629       0.3825            0  
          0            7            0      0.46351     0.019523    0.0079979     0.011525  -9.1374e-05   -0.0011593    0.0020746   -0.0032339  -2.1163e-05   1.6367e-05   1.1791e-07   1.6249e-05       23.741       16.164       1.4688        11241       473.47      -1092.5       -2.216        11191      -1062.1        2.129        11672            0            0            0       89.998       6.7521       90.078       2.4119      -3.4917      -30.443        2.076      0.39657  -0.00038483     0.055434       7390.4   2.4038e+05        42650      0.99911      0.18381            0            0            0            0            0            0            0            0            0         3629       0.3825            0  
          0          7.5            0      0.50279     0.021723      0.00817     0.013553   -9.631e-05   -0.0010446    0.0020763   -0.0031209  -2.3176e-05   1.6702e-05   1.1562e-07   1.6587e-05       23.146       16.412       1.4103        12194       526.81      -1265.7      -2.3357        12132      -1214.5       2.5273        12647            0            0            0       89.994       6.6498       90.078       2.4739      -3.8195      -27.432        2.056      0.39528  -0.00037532     0.053187       8026.8   2.3674e+05        47454      0.99975      0.19874            0            0            0            0            0            0            0            0            0         3629       0.3825            0  
          0            8            0      0.54197     0.024108    0.0083689     0.015739  -0.00010122  -0.00092148    0.0020781   -0.0029996  -2.5276e-05   1.7028e-05   1.5879e-07   1.6869e-05       22.481        16.55       1.3584        13144       584.67      -1451.3      -2.4547        13069      -1377.3        2.953        13619            0            0            0       89.989       6.5944       90.078        2.547       -4.159      -24.199       2.0272      0.39409  -0.00036746      0.05129       8660.6   2.3477e+05        52666       1.0003      0.21358            0            0            0            0            0            0            0            0            0         3629       0.3825            0  
          0          8.5            0      0.58105     0.026676    0.0085923     0.018084  -0.00010609  -0.00079003      0.00208   -0.0028701  -2.7462e-05   1.7256e-05   1.5699e-07   1.7099e-05       21.782       16.603       1.3119        14091       646.94      -1649.1      -2.5729        14001      -1550.4       3.4061        14587            0            0            0       89.983       6.5732       90.078       2.6286      -4.5099      -20.747       1.9759      0.39296  -0.00036092     0.049671       9291.5   2.3401e+05        58275       1.0007      0.22833            0            0            0            0            0            0            0            0            0         3629       0.3825            0  
          0            9            0      0.62001     0.029378    0.0087951     0.020583  -0.00011094  -0.00065085    0.0020814   -0.0027323  -2.9736e-05   1.7434e-05   1.5628e-07   1.7278e-05       21.104       16.618         1.27        15036       712.48      -1859.2      -2.6904        14929      -1733.9       3.8864        15551            0            0            0       89.977       6.5675       90.078       2.7128      -4.8723      -17.092       1.9092      0.39188  -0.00035546     0.048276       9919.3   2.3381e+05        64178        1.001      0.24297            0            0            0            0            0            0            0            0            0         3629       0.3825            0  
          0          9.5            0      0.65886     0.032243    0.0090068     0.023237  -0.00011575  -0.00050356    0.0020827   -0.0025863    -3.21e-05   1.7596e-05   1.8757e-07   1.7409e-05       20.434       16.586        1.232        15979       781.96      -2081.4       -2.807        15852      -1927.7       4.3939        16511            0            0            0        89.97         6.58       90.078       2.8017      -5.2459      -13.224       1.8316      0.39083  -0.00035088     0.047064        10544   2.3425e+05        70437       1.0013       0.2575            0            0            0            0            0            0            0            0            0         3629       0.3825            0  
          0           10            0      0.69758     0.035313    0.0092719     0.026042  -0.00012052  -0.00034773    0.0020844   -0.0024321  -3.4553e-05   1.7772e-05   2.7784e-07   1.7494e-05       19.754       16.499       1.1973        16918       856.41      -2315.8      -2.9228        16770      -2131.6       4.9282        17466            0            0            0       89.963       6.6149       90.078        2.898      -5.6308      -9.1317       1.7473      0.38981  -0.00034705     0.046004        11165   2.3549e+05        77144       1.0016      0.27192            0            0            0            0            0            0            0            0            0         3629       0.3825            0  
          0         10.5            0      0.73617     0.038628    0.0096325     0.028996  -0.00012526   -0.0001827    0.0020872   -0.0022699  -3.7098e-05   1.7837e-05   3.0063e-07   1.7536e-05       19.058       16.352       1.1655        17853        936.8      -2562.1      -3.0377        17683      -2345.7       5.4894        18416            0            0            0       89.954       6.6743       90.078       3.0036      -6.0267      -4.7979       1.6372       0.3888  -0.00034384     0.045071        11782   2.3761e+05        84385       1.0018      0.28622            0            0            0            0            0            0            0            0            0         3629       0.3825            0  
          0           11            0      0.77462     0.042179     0.010082     0.032097  -0.00012996  -9.1467e-06    0.0020905   -0.0020996  -3.9734e-05   1.8005e-05    4.672e-07   1.7537e-05       18.365       16.164       1.1362        18786       1022.9      -2820.4      -3.1517        18589      -2569.9       6.0771        19361            0            0            0       89.945       6.7521       90.078       3.1167      -6.4335      -0.2402       1.5331       0.3878  -0.00034118     0.044246        12396   2.4038e+05        92142        1.002       0.3004            0            0            0            0            0            0            0            0            0         3629       0.3825            0  
          0         11.5            0      0.81293     0.046013     0.010671     0.035342  -0.00013462   0.00017319    0.0020946   -0.0019214  -4.2464e-05   1.8244e-05    7.434e-07     1.75e-05       17.668       15.929       1.1091        19715       1115.9      -3090.6      -3.2648        19490      -2804.1       6.6913        20300            0            0            0       89.934       6.8513       90.078       3.2395      -6.8512        4.548       1.4297       0.3868  -0.00033899     0.043512        13005   2.4391e+05   1.0052e+05       1.0022      0.31444            0            0            0            0            0            0            0            0            0         3629       0.3825            0  
          0           12            0      0.85108     0.050492     0.011762     0.038729  -0.00013924   0.00036858    0.0021037   -0.0017351  -4.5286e-05   2.0232e-05   2.8046e-06   1.7427e-05       16.856        15.55        1.084        20640       1224.5      -3372.6      -3.3768        20384      -3048.3       7.3317        21233            0            0            0        89.92       7.0184       90.078       3.3952      -7.2796       9.6791        1.576      0.38581   -0.0003372     0.042857        13611   2.4986e+05    1.103e+05       1.0024      0.32835            0            0            0            0            0            0            0            0            0         3629       0.3825            0  
          0         12.5            0      0.88907     0.056476      0.01422     0.042256  -0.00014382   0.00058807    0.0021291    -0.001541  -4.8203e-05   2.0321e-05   2.9998e-06   1.7321e-05       15.743       14.844       1.0606        21562       1369.6      -3666.3      -3.4878        21272      -3302.3       7.9981        22161            0            0            0       89.897       7.3524       90.078       3.6347      -7.7186       15.443       1.4289      0.38481  -0.00033577      0.04227        14212   2.6175e+05   1.2337e+05       1.0026      0.34212            0            0            0            0            0            0            0            0            0         3629       0.3825            0  
          0           13            0       0.9269     0.062782     0.016863     0.045919  -0.00014835    0.0008166    0.0021557   -0.0013391  -5.1215e-05   2.0405e-05   3.2209e-06   1.7184e-05       14.764       14.214       1.0387        22479       1522.6      -3971.6      -3.5978        22153      -3566.1       8.6904        23082            0            0            0       89.872       7.6782       90.078       3.8749       -8.168       21.444       1.2702       0.3838  -0.00033465     0.041741        14808   2.7335e+05   1.3715e+05       1.0028      0.35574            0            0            0            0            0            0            0            0            0         3629       0.3825            0  
          0         13.5            0      0.96455     0.069361     0.019646     0.049715  -0.00015284    0.0010532    0.0021826   -0.0011294  -5.4322e-05   2.3568e-05   6.5483e-06    1.702e-05       13.906       13.658       1.0182        23392       1682.1      -4288.4      -3.7067        23027      -3839.6       9.4083        23996            0            0            0       89.846       7.9911       90.078       4.1131      -8.6277       27.657       1.5549      0.38278  -0.00033382     0.041264        15400   2.8449e+05   1.5152e+05        1.003      0.36921            0            0            0            0            0            0            0            0            0         3629       0.3825            0  
