MILVUS_wing
T1-25.0 m/s-LLT-x0.4m-z0.0m
Freestream speed = 25.000 m/s


 Ctrl        Alpha        Beta         CL           CD           CD_viscous   CD_induced   CY           Cm           Cm_viscous   Cm_pressure  Cl           Cn           Cn_viscous   Cn_pressure  CL/CD        CL^(3/2)/CD  1/sqrt(CL)   Lift_(N)     Drag_(N)     Fx_FF_(N)    Fy_FF_(N)    Fz_FF_(N)    Fx_sum_(N)   Fy_sum_(N)   Fz_sum_(N)   Extra_drag_(N)  Fuse_drag_(N)  Cf_Fuse      Vx_(m/s)     Vz_(m/s)     V_(m/s)      Gamma        L_(N.m)      M_(N.m)      N_(N.m)      CPx_(m)      CPy_(m)      CPz_(m)      BM_(N.m)     m.g.Vz_(W)   Drag_x_V_(W)  Efficiency   XCp.Cl       XNP_(m)      Phugoid_Freq._(Hz)  Phugoid_Damping  Short_Period_Freq._(Hz)  Short_Period_Damping_Ratio  Dutch_Roll_Freq._(Hz)  Dutch_Roll_Damping  Roll_Damping  Spiral_Damping  Mass_(kg)    CoG_x_(m)    CoG_z_(m)    
          0          -10            0    -0.056951     0.090655     0.090516   0.00013976            0    -0.061342     0.041419     -0.10276  -1.0842e-19   3.7962e-19   3.7947e-19   1.4784e-22     -0.62821     -0.14992            0      -2.5072        3.991     -0.42931            0      -2.4702            0            0            0            0            0            0       13.299      -149.36           25      -57.862   -4.773e-18     -0.31056   1.6712e-17    -0.029033            0            0     -0.29431      -5274.7       99.774      0.84953    0.0016535            0            0            0            0            0            0            0            0            0          3.6        0.445    0.0023777  
          0         -9.5            0    -0.036949     0.085827     0.085764   6.3414e-05            0    -0.064049     0.039244     -0.10329    1.135e-18    2.478e-19   2.2362e-19   2.4186e-20     -0.43051    -0.082753            0      -1.6266       3.7784     -0.26572            0      -1.6048            0            0            0            0            0            0       9.8856      -270.58           25      -66.708   4.9968e-17     -0.32426   1.0909e-17      0.38661            0            0     -0.19271      -9555.9        94.46       0.7881    -0.014285            0            0            0            0            0            0            0            0            0          3.6        0.445    0.0023777  
          0           -9            0    -0.018619     0.080939     0.080914   2.4951e-05            0    -0.067203     0.037025     -0.10423   3.7269e-20   7.1669e-19   7.1828e-19  -1.5966e-21     -0.23004    -0.031389            0     -0.81967       3.5632     -0.12714            0     -0.80975            0            0            0            0            0            0       5.6045      -713.37           25      -77.045   1.6407e-18     -0.34023   3.1551e-17       0.5711            0            0     -0.10204       -25193       89.081      0.50858    -0.010633            0            0            0            0            0            0            0            0            0          3.6        0.445    0.0023777  
          0         -8.5            0     -0.02211     0.075484     0.075455   2.9147e-05            0    -0.075826     0.034527     -0.11035   1.1689e-19   2.1367e-19   2.1006e-19   3.6072e-21     -0.29291    -0.043553            0     -0.97334       3.3231      -0.1426            0     -0.96284            0            0            0            0            0            0       7.0274      -514.12           25      -73.674   5.1459e-18     -0.38388   9.4065e-18      -1.4128            0            0     -0.12064       -18157       83.077      0.61394     0.031236            0            0            0            0            0            0            0            0            0          3.6        0.445    0.0023777  
          0           -8            0    -0.023058     0.070349     0.070326   2.3222e-05            0    -0.083042      0.03218     -0.11522   6.7763e-20     2.03e-19   2.0329e-19  -2.8828e-22     -0.32776     -0.04977            0      -1.0151        3.097     -0.14026            0      -1.0053            0            0            0            0            0            0       7.7864       -449.9           25      -71.853   2.9831e-18     -0.42042   8.9367e-18      -2.9278            0            0     -0.11998       -15889       77.425      0.83807     0.067507            0            0            0            0            0            0            0            0            0          3.6        0.445    0.0023777  
          0         -7.5            0   -0.0069797     0.066856     0.066853   2.6386e-06            0    -0.081557     0.030591     -0.11215  -1.9905e-20   4.2686e-19    4.269e-19  -4.6198e-23      -0.1044    -0.008722            0     -0.30727       2.9432    -0.039992            0     -0.30466            0            0            0            0            0            0       2.5959      -2567.2           25       -84.04   -8.763e-19      -0.4129   1.8792e-17      -1.3358            0            0    -0.036081       -90665       73.581      0.67585    0.0093234            0            0            0            0            0            0            0            0            0          3.6        0.445    0.0023777  
          0           -7            0    0.0089665     0.063412     0.063409   2.8458e-06            0    -0.080074     0.029015     -0.10909   8.7244e-20   4.2008e-19   4.2013e-19  -5.0818e-23       0.1414      0.01339       10.561      0.39474       2.7916     0.048231            0      0.39178            0            0            0            0            0            0       3.5002       1672.3           25       81.952   3.8408e-18     -0.40539   1.8493e-17      0.24234            0            0     0.047072        59059        69.79       1.0342    0.0021729            0            0            0            0            0            0            0            0            0          3.6        0.445    0.0023777  
          0         -6.5            0     0.048276     0.057887     0.057802   8.5623e-05            0    -0.082622     0.026449     -0.10907   -3.134e-19   3.8662e-19   3.8625e-19   3.6959e-22      0.83396      0.18324       4.5513       2.1253       2.5484      0.24433            0       2.1112            0            0            0            0            0            0       16.012        122.2           25       50.173  -1.3797e-17     -0.41829    1.702e-17      0.62446            0            0       0.2432       4315.6        63.71      0.99636     0.030146            0            0            0            0            0            0            0            0            0          3.6        0.445    0.0023777  
          0           -6            0     0.088187     0.052461     0.052165   0.00029583            0    -0.085273      0.02387     -0.10914  -4.4723e-19   2.4525e-19   2.4395e-19   1.3009e-21        1.681      0.49919       3.3674       3.8823       2.3095      0.41876            0       3.8596            0            0            0            0            0            0       21.486       44.855           25       30.748  -1.9689e-17     -0.43171   1.0797e-17      0.95202            0            0      0.44416       1584.1       57.737      0.96231     0.083956            0            0            0            0            0            0            0            0            0          3.6        0.445    0.0023777  
          0         -5.5            0      0.12013     0.048278     0.047706   0.00057189            0    -0.084482      0.02183     -0.10631  -3.6592e-19   1.4289e-19    1.423e-19   5.9134e-22       2.4882      0.86238       2.8852       5.2883       2.1254      0.53192            0       5.2616            0            0            0            0            0            0       23.197       25.965           25       21.895  -1.6109e-17     -0.42771   6.2906e-18      0.84385            0            0      0.61202       916.97       53.134      0.92364      0.10137            0            0            0            0            0            0            0            0            0          3.6        0.445    0.0023777  
          0           -5            0      0.14668      0.04517     0.044305   0.00086467            0    -0.081085     0.020273     -0.10136  -7.1828e-19   1.3265e-19   1.2875e-19   3.9028e-21       3.2473       1.2437        2.611       6.4574       1.9885      0.60072            0       6.4295            0            0            0            0            0            0       23.893       18.004           25       17.116  -3.1621e-17     -0.41051   5.8398e-18      0.44465            0            0      0.74898       635.83       49.713      0.91085     0.065222            0            0            0            0            0            0            0            0            0          3.6        0.445    0.0023777  
          0         -4.5            0       0.1751     0.042159     0.040926    0.0012325            0    -0.077304     0.018727    -0.096032  -8.4703e-19  -5.7355e-20  -6.7763e-20   1.0408e-20       4.1533        1.738       2.3898       7.7085        1.856      0.65889            0       7.6804            0            0            0            0            0            0       24.305       12.884           25       13.537  -3.7289e-17     -0.39137   -2.525e-18      0.18914            0            0      0.89155       455.01       46.399      0.91058     0.033119            0            0            0            0            0            0            0            0            0          3.6        0.445    0.0023777  
          0           -4            0      0.20686     0.038769     0.037059    0.0017099            0    -0.073442     0.016958      -0.0904  -6.2342e-19   1.8343e-19   1.8296e-19   4.7307e-22       5.3357       2.4268       2.1987       9.1067       1.7068      0.71034            0       9.0792            0            0            0            0            0            0       24.572       9.2269           25       10.615  -2.7445e-17     -0.37182   8.0753e-18      0.13731            0            0       1.0522       325.86       42.669      0.91607     0.028403            0            0            0            0            0            0            0            0            0          3.6        0.445    0.0023777  
          0         -3.5            0      0.24321     0.035664     0.033315    0.0023487            0    -0.069425     0.015244     -0.08467  -1.2604e-18   1.8864e-19   1.8296e-19   5.6769e-21       6.8194        3.363       2.0277       10.707         1.57      0.75683            0        10.68            0            0            0            0            0            0       24.735       6.6581           25       8.3424  -5.5486e-17     -0.35148   8.3044e-18      0.11273            0            0       1.2299       235.14       39.251      0.92186     0.027417            0            0            0            0            0            0            0            0            0          3.6        0.445    0.0023777  
          0           -3            0      0.29259     0.033567     0.030238     0.003329            0    -0.064602     0.013836    -0.078438   -7.996e-19   2.7609e-19    2.846e-19  -8.5153e-21       8.7168       4.7151       1.8487       12.881       1.4777      0.82049            0       12.856            0            0            0            0            0            0       24.837       4.7489           25       6.5444  -3.5201e-17     -0.32706   1.2154e-17     0.094767            0            0       1.4659       167.71       36.943      0.94137     0.027728            0            0            0            0            0            0            0            0            0          3.6        0.445    0.0023777  
          0         -2.5            0      0.34362     0.031814     0.027246    0.0045682            0    -0.059556     0.012467    -0.072023   4.4723e-19   1.2606e-19   1.3553e-19  -9.4614e-21       10.801       6.3314       1.7059       15.127       1.4006      0.86077            0       15.104            0            0            0            0            0            0       24.894       3.5366           25       5.2896   1.9689e-17     -0.30151   5.5498e-18     0.081072            0            0       1.7157        124.9       35.014      0.94615     0.027858            0            0            0            0            0            0            0            0            0          3.6        0.445    0.0023777  
          0           -2            0      0.39126     0.030905     0.024976    0.0059288            0    -0.053517     0.011429    -0.064945    -3.09e-18   3.1189e-19   2.7783e-19   3.4061e-20        12.66        7.919       1.5987       17.225       1.3606      0.86198            0       17.205            0            0            0            0            0            0       24.922       2.8276           25       4.5163  -1.3603e-16     -0.27094    1.373e-17     0.072398            0            0       1.9561       99.859       34.014      0.94517     0.028326            0            0            0            0            0            0            0            0            0          3.6        0.445    0.0023777  
          0         -1.5            0      0.43688     0.030745     0.023355    0.0073906            0      -0.0469     0.010687    -0.057587  -2.5614e-18   1.4801e-19   1.0164e-19   4.6361e-20        14.21       9.3921       1.5129       19.233       1.3535      0.82871            0       19.218            0            0            0            0            0            0       24.938       2.3841           25       4.0255  -1.1276e-16     -0.23744   6.5157e-18     0.066032            0            0       2.1839       84.196       33.838      0.94535     0.028848            0            0            0            0            0            0            0            0            0          3.6        0.445    0.0023777  
          0           -1            0      0.48343     0.030991     0.021946    0.0090457            0    -0.040063     0.010042    -0.050105  -1.4908e-18   1.8567e-19   1.3553e-19   5.0146e-20       15.599       10.846       1.4383       21.282       1.3643      0.76959            0       21.272            0            0            0            0            0            0       24.949       2.0646           25       3.6681  -6.5629e-17     -0.20283   8.1739e-18     0.060571            0            0       2.4134       72.912       34.109      0.94573     0.029282            0            0            0            0            0            0            0            0            0          3.6        0.445    0.0023777  
          0         -0.5            0      0.53256      0.03148     0.020525     0.010955            0    -0.033177    0.0093917    -0.042569  -2.9273e-18   3.3341e-19   2.8799e-19   4.5415e-20       16.918       12.346       1.3703       23.445       1.3858      0.68686            0        23.44            0            0            0            0            0            0       24.956       1.8137           25       3.3828  -1.2887e-16     -0.16797   1.4678e-17     0.056785            0            0       2.6559       64.051       34.646      0.94772     0.030241            0            0            0            0            0            0            0            0            0          3.6        0.445    0.0023777  
          0            0            0      0.58205     0.032264     0.019179     0.013085            0    -0.026215     0.008776    -0.034991   -2.846e-18   1.2188e-19   1.3891e-19  -1.7031e-20        18.04       13.763       1.3108       25.624       1.4204      0.57605            0       25.624            0            0            0            0            0            0       24.962       1.6269           25       3.1728  -1.2529e-16     -0.13272   5.3657e-18     0.054254            0            0       2.9022       57.457        35.51      0.94772     0.031578            0            0            0            0            0            0            0            0            0          3.6        0.445    0.0023777  
          0          0.5            0      0.63109     0.033411     0.018014     0.015397            0    -0.019162     0.008243    -0.027405  -3.3339e-18   3.9616e-19   3.0154e-19   9.4614e-20       18.888       15.005       1.2588       27.783       1.4709      0.43537            0       27.788            0            0            0            0            0            0       24.965       1.4923           25       3.0306  -1.4677e-16    -0.097012    1.744e-17     0.052224            0            0       3.1492       52.701       36.772      0.94686     0.032958            0            0            0            0            0            0            0            0            0          3.6        0.445    0.0023777  
          0            1            0       0.6809      0.03481     0.016859     0.017952            0    -0.012123    0.0077143    -0.019837   1.7618e-18   2.6494e-19   2.1006e-19   5.4876e-20        19.56        16.14       1.2119       29.976       1.5325      0.26703            0       29.985            0            0            0            0            0            0       24.967       1.3873           25       2.9266   7.7562e-17    -0.061373   1.1664e-17     0.050382            0            0       3.4018       48.994       38.312      0.94538     0.034305            0            0            0            0            0            0            0            0            0          3.6        0.445    0.0023777  
          0          1.5            0      0.72885     0.036613     0.015985     0.020628            0   -0.0048077    0.0073145    -0.012122            0   3.2452e-19   2.5072e-19   7.3799e-20       19.907       16.995       1.1713       32.087       1.6118     0.067859            0       32.099            0            0            0            0            0            0       24.969       1.3175           25       2.8757            0     -0.02434   1.4287e-17     0.048927            0            0       3.6498       46.529       40.295      0.94271     0.035661            0            0            0            0            0            0            0            0            0          3.6        0.445    0.0023777  
          0            2            0      0.77536     0.038655     0.015241     0.023414            0    0.0027175     0.006974   -0.0042565  -3.5237e-19   1.1282e-19   1.3553e-19  -2.2707e-20       20.059       17.663       1.1357       34.134       1.7017     -0.16113            0       34.149            0            0            0            0            0            0       24.969       1.2677           25        2.854  -1.5512e-17     0.013758   4.9666e-18     0.047576            0            0         3.89       44.771       42.543       0.9399     0.036888            0            0            0            0            0            0            0            0            0          3.6        0.445    0.0023777  
          0          2.5            0      0.82015     0.040902      0.01466     0.026243            0     0.010525     0.006708    0.0038168  -3.7405e-18   1.6404e-19   1.8296e-19  -1.8923e-20       20.052       18.159       1.1042       36.106       1.8007     -0.42073            0       36.122            0            0            0            0            0            0       24.969       1.2331           25        2.855  -1.6467e-16     0.053284   7.2214e-18     0.046303            0            0       4.1183       43.547       45.016      0.93828     0.037976            0            0            0            0            0            0            0            0            0          3.6        0.445    0.0023777  
          0            3            0      0.86437     0.043347     0.014133     0.029213            0     0.018414    0.0064673     0.011947   -5.421e-20   1.0968e-19     2.27e-19  -1.1732e-19       19.941       18.539       1.0756       38.053       1.9083     -0.70722            0       38.068            0            0            0            0            0            0       24.969       1.2078           25       2.8709  -2.3865e-18     0.093225   4.8286e-18     0.045104            0            0       4.3429       42.654       47.707      0.93621     0.038987            0            0            0            0            0            0            0            0            0          3.6        0.445    0.0023777  
          0          3.5            0      0.90541     0.045922     0.013825     0.032097            0     0.026649    0.0063262     0.020322   -3.361e-18    9.667e-20   1.1181e-19  -1.5138e-20       19.716       18.761       1.0509       39.859       2.0216       -1.023            0       39.871            0            0            0            0            0            0       24.968       1.1935           25       2.9035  -1.4796e-16      0.13491   4.2557e-18     0.044013            0            0       4.5524       42.151       50.541      0.93492      0.03985            0            0            0            0            0            0            0            0            0          3.6        0.445    0.0023777  
          0            4            0      0.94158     0.048668     0.013822     0.034845            0     0.035231    0.0063249     0.028907  -4.3097e-18   2.4474e-19   2.3717e-19   7.5692e-21       19.347       18.773       1.0306       41.452       2.1425      -1.3612            0       41.458            0            0            0            0            0            0       24.967       1.1927           25       2.9588  -1.8973e-16      0.17837   1.0774e-17     0.043065            0            0       4.7428       42.122       53.563      0.93136     0.040549            0            0            0            0            0            0            0            0            0          3.6        0.445    0.0023777  
          0          4.5            0      0.97653      0.05153     0.013902     0.037628            0     0.043922    0.0063614     0.037561   8.1315e-20    3.989e-19   2.1345e-19   1.8544e-19       18.951       18.727       1.0119        42.99       2.2685      -1.7216            0       42.988            0            0            0            0            0            0       24.965       1.1957           25       3.0206   3.5798e-18      0.22236   1.7561e-17     0.042148            0            0       4.9283       42.227       56.713       0.9277     0.041159            0            0            0            0            0            0            0            0            0          3.6        0.445    0.0023777  
          0            5            0       1.0075     0.054421     0.014179     0.040242            0     0.052838    0.0064881      0.04635  -4.8247e-18   4.1724e-19   2.5072e-19   1.6652e-19       18.512       18.581      0.99629       44.352       2.3958      -2.1006            0       44.337            0            0            0            0            0            0       24.964       1.2051           25        3.092   -2.124e-16       0.2675   1.8368e-17     0.041279            0            0       5.0969       42.558       59.895      0.92324     0.041587            0            0            0            0            0            0            0            0            0          3.6        0.445    0.0023777  
          0          5.5            0       1.0364     0.057327     0.014546     0.042781            0     0.061891     0.006656     0.055235  -2.4395e-18   2.5108e-19   1.8296e-19   6.8122e-20       18.079       18.405      0.98228       45.626       2.5238      -2.4984            0       45.597            0            0            0            0            0            0       24.962       1.2166           25        3.166  -1.0739e-16      0.31333   1.1053e-17     0.040419            0            0       5.2554       42.966       63.094      0.91908      0.04189            0            0            0            0            0            0            0            0            0          3.6        0.445    0.0023777  
          0            6            0       1.0599     0.060159     0.015063     0.045096            0     0.071091    0.0068926     0.064199  -6.3968e-18   6.6306e-19    2.846e-19   3.7846e-19       17.618       18.138      0.97134       46.659       2.6484      -2.9028            0       46.611            0            0            0            0            0            0        24.96       1.2345           25       3.2487  -2.8161e-16      0.35991    2.919e-17     0.039563            0            0       5.3956       43.599        66.21      0.91183     0.041932            0            0            0            0            0            0            0            0            0          3.6        0.445    0.0023777  
          0          6.5            0       1.0806      0.06292     0.015694     0.047226            0      0.08039    0.0071813     0.073209  -6.0715e-18   2.4359e-19   3.1171e-19  -6.8122e-20       17.174       17.853      0.96198       47.572         2.77      -3.3196            0       47.501            0            0            0            0            0            0       24.958       1.2542           25       3.3324  -2.6729e-16      0.40699   1.0723e-17     0.038707            0            0       5.5203       44.294       69.249      0.90509     0.041827            0            0            0            0            0            0            0            0            0          3.6        0.445    0.0023777  
          0            7            0       1.0983     0.065785     0.016583     0.049202            0      0.08951    0.0075884     0.081922  -3.4694e-18  -7.0211e-20   1.7957e-19  -2.4978e-19       16.695       17.497       0.9542       48.351       2.8961      -3.7427            0       48.255            0            0            0            0            0            0       24.955       1.2797           25       3.4277  -1.5274e-16      0.45316  -3.0909e-18     0.037898            0            0       5.6321       45.196       72.402      0.89746     0.041624            0            0            0            0            0            0            0            0            0          3.6        0.445    0.0023777  
          0          7.5            0       1.1145      0.06866     0.017613     0.051047            0     0.098563    0.0080595     0.090504   -7.481e-18   2.9232e-19   1.8635e-19   1.0597e-19       16.233       17.137      0.94723       49.066       3.0226      -4.1763            0       48.939            0            0            0            0            0            0       24.953       1.3066           25       3.5252  -3.2934e-16      0.49899   1.2869e-17     0.037113            0            0       5.7308       46.144       75.566      0.89077     0.041363            0            0            0            0            0            0            0            0            0          3.6        0.445    0.0023777  
          0            8            0        1.135     0.071808     0.018701     0.053106            0      0.10732    0.0085575     0.098763  -6.5052e-18   2.7242e-19     2.27e-19   4.5415e-20       15.806       16.839      0.93866       49.966       3.1612      -4.6387            0       49.805            0            0            0            0            0            0        24.95       1.3298           25       3.6202  -2.8638e-16      0.54333   1.1993e-17      0.03642            0            0       5.8387       46.962       79.031      0.88792     0.041336            0            0            0            0            0            0            0            0            0          3.6        0.445    0.0023777  
          0          8.5            0       1.1569     0.075164     0.019847     0.055317            0      0.11592    0.0090815      0.10683  -6.8305e-18    2.965e-19   1.8296e-19   1.1354e-19       15.391       16.554      0.92973       50.929        3.309      -5.1193            0        50.73            0            0            0            0            0            0       24.947       1.3526           25       3.7174   -3.007e-16      0.58684   1.3053e-17     0.035777            0            0       5.9532       47.768       82.724      0.88563     0.041389            0            0            0            0            0            0            0            0            0          3.6        0.445    0.0023777  
          0            9            0       1.1815     0.078635     0.020939     0.057695            0      0.12442    0.0095815      0.11484  -8.1315e-18    4.234e-19   5.2516e-20   3.7089e-19       15.025       16.332         0.92       52.013       3.4618      -5.6279            0        51.77            0            0            0            0            0            0       24.945       1.3711           25       3.8078  -3.5798e-16      0.62991    1.864e-17     0.035194            0            0       6.0716        48.42       86.544      0.88565     0.041581            0            0            0            0            0            0            0            0            0          3.6        0.445    0.0023777  
          0          9.5            0       1.2086       0.0823     0.021994     0.060307            0       0.1329     0.010064      0.12283  -6.9931e-18   3.9208e-19    1.423e-19   2.4978e-19       14.685       16.145      0.90961       53.207       3.6231      -6.1632            0       52.916            0            0            0            0            0            0       24.942       1.3869           25       3.8956  -3.0786e-16      0.67282   1.7261e-17     0.034661            0            0       6.2039       48.981       90.579      0.88665     0.041891            0            0            0            0            0            0            0            0            0          3.6        0.445    0.0023777  
          0           10            0       1.2372     0.086107     0.023095     0.063013            0      0.14132     0.010568      0.13075  -6.3426e-18   9.5808e-19   1.4061e-19   8.1747e-19       14.368       15.981      0.89905       54.464       3.7907      -6.7257            0       54.119            0            0            0            0            0            0        24.94       1.4011           25       3.9814  -2.7922e-16      0.71547   4.2178e-17     0.034168            0            0       6.3398       49.483       94.768      0.88915     0.042271            0            0            0            0            0            0            0            0            0          3.6        0.445    0.0023777  
          0         10.5            0       1.2677      0.09019     0.024171     0.066019            0      0.14972      0.01106      0.13866  -6.3968e-18   4.0747e-19   5.9292e-20   3.4818e-19       14.056       15.825      0.88817       55.808       3.9705      -7.3124            0       55.403            0            0            0            0            0            0       24.937       1.4149           25       4.0695  -2.8161e-16      0.75799   1.7938e-17     0.033725            0            0       6.4864       49.969       99.262      0.89104     0.042753            0            0            0            0            0            0            0            0            0          3.6        0.445    0.0023777  
          0           11            0       1.2988     0.094484     0.025252     0.069232            0      0.15805     0.011555       0.1465   4.3368e-19   1.8318e-19   2.1345e-19  -3.0277e-20       13.746       15.665      0.87748       57.176       4.1595      -7.9178            0       56.707            0            0            0            0            0            0       24.934       1.4294           25       4.1609   1.9092e-17      0.80018    8.064e-18     0.033314            0            0       6.6411        50.48       103.99      0.89186     0.043266            0            0            0            0            0            0            0            0            0          3.6        0.445    0.0023777  
          0         11.5            0       1.3285     0.098796     0.026372     0.072424            0      0.16632     0.012067      0.15426  -2.9273e-18   1.4378e-19    1.135e-19   3.0277e-20       13.447       15.499       0.8676       58.485       4.3493      -8.5356            0       57.946            0            0            0            0            0            0       24.931       1.4447           25       4.2531  -1.2887e-16      0.84205   6.3296e-18     0.032912            0            0       6.7915       51.022       108.73      0.89203     0.043724            0            0            0            0            0            0            0            0            0          3.6        0.445    0.0023777  
          0           12            0       1.3581      0.10312     0.027531      0.07559            0      0.17462     0.012598      0.16203  -5.5294e-18   1.7755e-19   1.3214e-19   4.5415e-20        13.17       15.348      0.85808       59.789       4.5397      -9.1759            0       59.175            0            0            0            0            0            0       24.928       1.4589           25       4.3421  -2.4342e-16      0.88407   7.8165e-18     0.032524            0            0       6.9403       51.522       113.49      0.89323     0.044172            0            0            0            0            0            0            0            0            0          3.6        0.445    0.0023777  
          0         12.5            0       1.3881      0.10764     0.028792     0.078843            0      0.18291     0.013175      0.16974  -3.6863e-18     8.72e-19    9.995e-20   7.7205e-19       12.896       15.194      0.84877       61.109       4.7385      -9.8377            0       60.412            0            0            0            0            0            0       24.925       1.4737           25       4.4339  -1.6228e-16      0.92603   3.8389e-17     0.032158            0            0       7.0884       52.045       118.46      0.89459     0.044639            0            0            0            0            0            0            0            0            0          3.6        0.445    0.0023777  
          0           13            0       1.4173       0.1122     0.030137     0.082059            0      0.19114      0.01379      0.17735    -6.18e-18   8.5337e-19   8.1315e-20   7.7205e-19       12.632       15.038      0.83999       62.393       4.9392      -10.515            0       61.606            0            0            0            0            0            0       24.922        1.489           25       4.5263  -2.7206e-16      0.96768   3.7568e-17     0.031801            0            0       7.2339       52.584       123.48      0.89603      0.04507            0            0            0            0            0            0            0            0            0          3.6        0.445    0.0023777  
          0         13.5            0       1.4414      0.11671      0.03161     0.085102            0      0.19898     0.014464      0.18451  -3.7405e-18   1.4897e-19   1.3383e-19   1.5138e-20        12.35       14.827      0.83292       63.456       5.1381      -11.171            0       62.577            0            0            0            0            0            0       24.918       1.5101           25       4.6292  -1.6467e-16       1.0074   6.5582e-18     0.031441            0            0       7.3712       53.332       128.45      0.89368     0.045319            0            0            0            0            0            0            0            0            0          3.6        0.445    0.0023777  
          0           14            0        1.463      0.12116     0.033175     0.087981            0      0.20663     0.015181      0.19145  -5.9089e-18   8.8091e-20   8.8091e-20            0       12.075       14.605      0.82677       64.404       5.3337      -11.823            0       63.428            0            0            0            0            0            0       24.915       1.5331           25       4.7342  -2.6013e-16       1.0461   3.8781e-18     0.031074            0            0       7.4964       54.145       133.34      0.89047     0.045461            0            0            0            0            0            0            0            0            0          3.6        0.445    0.0023777  
          0         14.5            0       1.4832      0.12564     0.034892     0.090752            0      0.21405     0.015966      0.19808   2.1684e-19  -2.5573e-19    2.287e-19  -4.8443e-19       11.805       14.377       0.8211       65.297       5.5313      -12.481            0       64.217            0            0            0            0            0            0       24.911       1.5574           25       4.8419   9.5461e-18       1.0837  -1.1258e-17     0.030726            0            0       7.6135       55.003       138.28      0.88738     0.045574            0            0            0            0            0            0            0            0            0          3.6        0.445    0.0023777  
          0           15            0       1.5027      0.13024     0.036688     0.093548            0      0.22132     0.016788      0.20453   -4.391e-18   4.7261e-19   2.3039e-19   2.4221e-19       11.538       14.144      0.81576       66.154       5.7335      -13.144            0       64.966            0            0            0            0            0            0       24.907       1.5831           25       4.9533  -1.9331e-16       1.1205   2.0806e-17     0.030388            0            0       7.7284       55.908       143.34      0.88361     0.045665            0            0            0            0            0            0            0            0            0          3.6        0.445    0.0023777  
          0         15.5            0       1.5161      0.13475     0.038862     0.095886            0      0.22793     0.017783      0.21015  -5.3126e-18   5.7853e-20   3.3034e-19  -2.7249e-19       11.252       13.854      0.81214       66.746       5.9321      -13.769            0       65.446            0            0            0            0            0            0       24.902       1.6162           25       5.0789  -2.3388e-16       1.1539   2.5469e-18     0.030047            0            0        7.823       57.078        148.3      0.87756     0.045556            0            0            0            0            0            0            0            0            0          3.6        0.445    0.0023777  
          0           16            0       1.5268      0.13924     0.041277     0.097964            0      0.23418     0.018888      0.21529  -6.2884e-18   1.8148e-19   2.1176e-19  -3.0277e-20       10.965       13.549      0.80931       67.213       6.1298      -14.381            0       65.798            0            0            0            0            0            0       24.897       1.6527           25        5.211  -2.7684e-16       1.1856   7.9894e-18      0.02971            0            0       7.9028       58.367       153.25      0.87101      0.04536            0            0            0            0            0            0            0            0            0          3.6        0.445    0.0023777  
          0         16.5            0       1.5365      0.14393     0.044007     0.099925            0      0.24007     0.020137      0.21993  -3.4694e-18  -7.7742e-20   4.2182e-19  -4.9956e-19       10.675       13.233      0.80674       67.642       6.3364      -14.994            0       66.106            0            0            0            0            0            0       24.891       1.6921           25       5.3515  -1.5274e-16       1.2154  -3.4225e-18     0.029399            0            0       7.9754        59.76       158.41      0.86486     0.045172            0            0            0            0            0            0            0            0            0          3.6        0.445    0.0023777  
          0           17            0       1.5447      0.14879     0.046997      0.10179            0       0.2456     0.021505       0.2241   2.1142e-18  -2.0043e-19   4.3537e-19  -6.3581e-19       10.382       12.903       0.8046       68.002         6.55      -15.597            0       66.341            0            0            0            0            0            0       24.885       1.7354           25       5.5018   9.3074e-17       1.2434  -8.8238e-18     0.029105            0            0        8.042       61.286       163.75      0.85808     0.044958            0            0            0            0            0            0            0            0            0          3.6        0.445    0.0023777  
          0         17.5            0       1.5479      0.15387     0.050642      0.10323            0      0.25016     0.023173      0.22699  -2.9273e-18    4.131e-19   1.4061e-19   2.7249e-19        10.06       12.516      0.80376       68.145       6.7741      -16.157            0       66.357            0            0            0            0            0            0       24.877       1.7891           25        5.677  -1.2887e-16       1.2665   1.8186e-17     0.028843            0            0       8.0919       63.183       169.35      0.84963     0.044647            0            0            0            0            0            0            0            0            0          3.6        0.445    0.0023777  
          0           18            0       1.5465      0.15901      0.05492      0.10409            0      0.25389     0.025131      0.22876  -1.7889e-18   1.6032e-18   2.7105e-19   1.3322e-18       9.7258       12.095      0.80412       68.084       7.0003      -16.681            0       66.167            0            0            0            0            0            0       24.869       1.8513           25       5.8705  -7.8755e-17       1.2854   7.0579e-17       0.0286            0            0       8.1152       65.381       175.01      0.84108      0.04423            0            0            0            0            0            0            0            0            0          3.6        0.445    0.0023777  
          0         18.5            0       1.5415      0.16481     0.060168      0.10464            0      0.25661     0.027532      0.22907  -1.0408e-17   1.5291e-18    2.575e-19   1.2716e-18       9.3537       11.613      0.80542       67.864       7.2553      -17.165            0       65.819            0            0            0            0            0            0       24.858       1.9281           25       6.1023  -4.5821e-16       1.2991   6.7317e-17     0.028416            0            0       8.1229       68.092       181.38      0.83133     0.043804            0            0            0            0            0            0            0            0            0          3.6        0.445    0.0023777  
