VTAIL_CENTERSECTION_40_DEG_case2b
T6/1-TriUniform-ThickSurf-alpha(0.00,1.00)-x0_075m


 Ctrl        Alpha        Beta         CL           CD           CD_viscous   CD_induced   CY           Cm           Cm_viscous   Cm_pressure  Cl           Cn           Cn_viscous   Cn_pressure  CL/CD        CL^(3/2)/CD  1/sqrt(CL)   Lift_(N)     Drag_(N)     Fx_FF_(N)    Fy_FF_(N)    Fz_FF_(N)    Fx_sum_(N)   Fy_sum_(N)   Fz_sum_(N)   Extra_drag_(N)  Fuse_drag_(N)  Cf_Fuse      Vx_(m/s)     Vz_(m/s)     V_(m/s)      Gamma        L_(N.m)      M_(N.m)      N_(N.m)      CPx_(m)      CPy_(m)      CPz_(m)      BM_(N.m)     m.g.Vz_(W)   Drag_x_V_(W)  Efficiency   XCp.Cl       XNP_(m)      Phugoid_Freq._(Hz)  Phugoid_Damping  Short_Period_Freq._(Hz)  Short_Period_Damping_Ratio  Dutch_Roll_Freq._(Hz)  Dutch_Roll_Damping  Roll_Damping  Spiral_Damping  Mass_(kg)    CoG_x_(m)    CoG_z_(m)    
        -20          -20            0      -1.4239      0.13546     0.055054     0.080408   -6.146e-13     -0.67971     -0.36841      -0.3113   -4.789e-13   6.5598e-14  -2.7502e-14     9.31e-14      -10.512      -12.543            0      -145.09       13.803      -41.924  -6.2624e-11      -139.14      -38.626  -6.8703e-11       -134.1            0            0            0       26.879            0           27      -5.4343  -6.2923e-11      -12.475   8.6189e-12     0.012791   2.2952e-13        0.142      -27.663            0       372.67       1.1016    -0.018214            0            0            0            0            0            0            0            0            0            0        0.075            0  
        -19          -19            0      -1.3577       0.1195     0.046556     0.072944   8.5157e-13     -0.57551     -0.29299     -0.28252   5.2416e-13  -6.8848e-14   2.4836e-14  -9.3684e-14      -11.361      -13.238            0      -138.34       12.176      -38.011   8.6769e-11      -133.22      -35.064   9.1628e-11      -128.62            0            0            0       26.896            0           27      -5.0301   6.8869e-11      -10.563  -9.0459e-12     0.015998  -2.6242e-13      0.14295      -26.448            0       328.76       1.1039     -0.02172            0            0            0            0            0            0            0            0            0            0        0.075            0  
        -18          -18            0      -1.2914      0.10685     0.040965     0.065887   7.0107e-13     -0.49667     -0.24182     -0.25484    4.554e-13  -4.6132e-14    1.991e-14  -6.6043e-14      -12.086      -13.734            0      -131.58       10.887      -34.276   7.1434e-11      -127.22      -31.656   6.8643e-11      -123.04            0            0            0       26.908            0           27        -4.73   5.9835e-11      -9.1159  -6.0613e-12      0.01924  -2.6954e-13      0.14374      -25.216            0       293.96       1.1057    -0.024847            0            0            0            0            0            0            0            0            0            0        0.075            0  
        -17          -17            0       -1.224     0.095729     0.036638     0.059091    4.082e-13     -0.43081     -0.20231      -0.2285   2.6611e-13  -3.2675e-14   8.8718e-15  -4.1547e-14      -12.786      -14.146            0      -124.72       9.7541      -30.707   4.1593e-11      -121.03       -28.39   4.6359e-11      -117.26            0            0            0       26.918            0           27      -4.4719   3.4964e-11      -7.9072  -4.2931e-12     0.022467  -1.4162e-13      0.14442       -23.96            0       263.36       1.1076      -0.0275            0            0            0            0            0            0            0            0            0            0        0.075            0  
        -16          -16            0       -1.156     0.085665     0.033049     0.052616   1.7147e-12     -0.37363     -0.17017     -0.20347   9.9778e-13   -1.297e-13   3.5632e-14  -1.6534e-13      -13.494      -14.509            0      -117.79       8.7287      -27.313   1.7471e-10       -114.7      -25.278    1.781e-10      -111.32            0            0            0       26.926            0           27      -4.2381    1.311e-10      -6.8577  -1.7042e-11     0.025688  -6.3641e-13      0.14498      -22.683            0       235.67       1.1095    -0.029695            0            0            0            0            0            0            0            0            0            0        0.075            0  
        -15          -15            0      -1.0873     0.076115     0.029644     0.046471   1.9302e-12     -0.32139     -0.14162     -0.17977   8.3176e-13  -1.2302e-13   3.8413e-14  -1.6143e-13      -14.285      -14.895            0      -110.79       7.7556        -24.1   1.9667e-10      -108.24      -22.323   1.8913e-10      -105.23            0            0            0       26.934            0           27      -4.0045   1.0928e-10      -5.8987  -1.6164e-11     0.028899  -6.3271e-13      0.14541      -21.386            0        209.4       1.1113    -0.031421            0            0            0            0            0            0            0            0            0            0        0.075            0  
        -14          -14            0      -1.0179     0.066878     0.026212     0.040666  -2.0274e-12     -0.27263      -0.1152     -0.15743  -1.1885e-12   1.5384e-13  -3.0777e-14   1.8462e-13       -15.22      -15.355            0      -103.71       6.8144       -21.07  -2.0658e-10      -101.64      -19.531  -2.0844e-10      -98.988            0            0            0       26.942            0           27      -3.7591  -1.5615e-10      -5.0039   2.0213e-11     0.032094   8.9323e-13       0.1457      -20.069            0       183.99        1.113    -0.032668            0            0            0            0            0            0            0            0            0            0        0.075            0  
        -13          -13            0     -0.94781     0.059089      0.02388      0.03521  -3.1889e-13     -0.23233    -0.095842     -0.13649  -1.0349e-13   3.3244e-14  -3.0693e-15   3.6313e-14       -16.04      -15.616            0      -96.575       6.0208      -18.229  -3.2493e-11      -94.907      -16.906  -3.1517e-11      -92.596            0            0            0       26.948            0           27      -3.5674  -1.3598e-11      -4.2643   4.3679e-12     0.035269   1.1095e-13      0.14587      -18.732            0       162.56       1.1146    -0.033428            0            0            0            0            0            0            0            0            0            0        0.075            0  
        -12          -12            0     -0.87709     0.051741      0.02163     0.030111   2.3108e-12     -0.19563    -0.078658     -0.11698   1.3762e-12  -1.7437e-13   2.7029e-14   -2.014e-13      -16.952      -15.876            0       -89.37       5.2721       -15.58   2.3546e-10      -88.055      -14.453   2.4205e-10      -86.061            0            0            0       26.953            0           27      -3.3761   1.8082e-10      -3.5907  -2.2911e-11     0.038417  -1.2089e-12      0.14589      -17.376            0       142.35       1.1161    -0.033696            0            0            0            0            0            0            0            0            0            0        0.075            0  
        -11          -11            0     -0.80574     0.045144     0.019765     0.025379    9.212e-13     -0.16327    -0.064363    -0.098911   4.9767e-13  -6.6979e-14   1.0018e-14  -7.6997e-14      -17.848      -16.021            0      -82.099       4.5999      -13.127   9.3863e-11      -81.084      -12.177   9.3061e-11      -79.387            0            0            0       26.958            0           27      -3.2068   6.5388e-11      -2.9968  -8.8003e-12     0.041534  -5.1038e-13      0.14577      -16.001            0        124.2       1.1175    -0.033466            0            0            0            0            0            0            0            0            0            0        0.075            0  
        -10          -10            0     -0.73376     0.039003     0.017981     0.021022   1.1678e-12     -0.13405    -0.051731    -0.082323   6.3647e-13  -8.5656e-14   9.1556e-15  -9.4812e-14      -18.813      -16.115            0      -74.765       3.9741      -10.873   1.1899e-10      -74.001      -10.081   1.2304e-10       -72.58            0            0            0       26.962            0           27      -3.0427   8.3626e-11      -2.4604  -1.1254e-11     0.044613  -6.7178e-13       0.1455      -14.608            0        107.3       1.1188    -0.032736            0            0            0            0            0            0            0            0            0            0        0.075            0  
         -9           -9            0     -0.66118     0.033464     0.016413     0.017051   1.0697e-12     -0.10818    -0.040942    -0.067236   6.5806e-13  -6.4756e-14   9.0486e-15  -7.3805e-14      -19.758      -16.066            0      -67.369       3.4097      -8.8229   1.0899e-10      -66.812      -8.1703   1.1198e-10      -65.644            0            0            0       26.965            0           27      -2.8974   8.6462e-11      -1.9855  -8.5083e-12     0.047647  -7.8424e-13      0.14505      -13.198            0       92.062         1.12    -0.031503            0            0            0            0            0            0            0            0            0            0        0.075            0  
         -8           -8            0     -0.58799     0.028538     0.015065     0.013472   7.6813e-13     -0.08548    -0.031806    -0.053674   4.4204e-13  -5.7293e-14   5.5553e-15  -6.2848e-14      -20.604      -15.799            0      -59.913       2.9078      -6.9788   7.8267e-11      -59.521      -6.4484   7.7245e-11      -58.585            0            0            0       26.968            0           27      -2.7786    5.808e-11      -1.5689  -7.5276e-12     0.050628   -6.163e-13      0.14441      -11.771            0       78.511       1.1211    -0.029769            0            0            0            0            0            0            0            0            0            0        0.075            0  
         -7           -7            0     -0.51424     0.024173     0.013876     0.010297   9.0212e-14    -0.065587    -0.023929    -0.041658   5.4235e-14   1.9464e-15   7.1534e-16   1.2311e-15      -21.273      -15.255            0      -52.397        2.463      -5.3443    9.192e-12      -52.135      -4.9193   1.0368e-11      -51.407            0            0            0        26.97            0           27      -2.6913   7.1259e-12      -1.2038   2.5574e-13     0.053544  -8.1964e-14      0.14354      -10.327            0       66.502       1.1219    -0.027535            0            0            0            0            0            0            0            0            0            0        0.075            0  
         -6           -6            0     -0.43992     0.020451     0.012919    0.0075317   8.1008e-13    -0.048462    -0.017253    -0.031209   7.9557e-13  -5.8672e-14   4.0764e-15  -6.2748e-14      -21.511      -14.267            0      -44.825       2.0838      -3.9223   8.2542e-11       -44.66      -3.5868   9.0387e-11      -44.117            0            0            0       26.971            0           27      -2.6617   1.0453e-10     -0.88947  -7.7088e-12     0.056381  -1.3539e-12      0.14236       -8.868            0       56.263       1.1225    -0.024803            0            0            0            0            0            0            0            0            0            0        0.075            0  
         -5           -5            0     -0.36506     0.017306     0.012119    0.0051863  -3.4562e-13    -0.033822    -0.011477    -0.022345  -1.7098e-13    2.613e-14  -1.2379e-15   2.7368e-14      -21.095      -12.746            0      -37.197       1.7633      -2.7155  -3.5216e-11      -37.102      -2.4544  -3.3695e-11       -36.72            0            0            0        26.97            0           27      -2.7141  -2.2466e-11     -0.62076   3.4332e-12     0.059112   3.8695e-13      0.14076      -7.3938            0        47.61       1.1225    -0.021579            0            0            0            0            0            0            0            0            0            0        0.075            0  
         -4           -4            0     -0.28968     0.014642     0.011373    0.0032689   1.6829e-13    -0.021423   -0.0063397    -0.015083   1.9349e-13  -1.5622e-14   6.2689e-16  -1.6249e-14      -19.784      -10.648            0      -29.516       1.4919      -1.7267   1.7147e-11      -29.468      -1.5255    1.877e-11      -29.222            0            0            0       26.966            0           27      -2.8936   2.5423e-11      -0.3932  -2.0526e-12     0.061689  -4.8492e-13      0.13847      -5.9051            0       40.282       1.1214     -0.01787            0            0            0            0            0            0            0            0            0            0        0.075            0  
         -3           -3            0     -0.21379     0.012459     0.010671    0.0017878    3.779e-13     -0.01123   -0.0017899   -0.0094404   1.1818e-13  -2.3335e-14   1.2048e-15   -2.454e-14       -17.16      -7.9343            0      -21.784       1.2695     -0.95818   3.8505e-11      -21.764     -0.80327    3.595e-11       -21.63            0            0            0       26.954            0           27      -3.3352   1.5528e-11     -0.20612   -3.066e-12     0.063997   -5.377e-13      0.13486      -4.4028            0       34.276       1.1169    -0.013682            0            0            0            0            0            0            0            0            0            0        0.075            0  
         -2           -2            0     -0.13742     0.010828     0.010077   0.00075102   5.8843e-13   -0.0032116    0.0022181   -0.0054297   2.5101e-13  -2.8537e-14   1.3005e-15  -2.9838e-14      -12.692       -4.705            0      -14.002       1.1033      -0.4122   5.9957e-11      -13.997     -0.29085   5.9756e-11      -13.949            0            0            0       26.917            0           27       -4.505    3.298e-11    -0.058947  -3.7495e-12     0.065678  -1.6306e-12      0.12784      -2.8876            0       29.788       1.0985   -0.0090256            0            0            0            0            0            0            0            0            0            0        0.075            0  
         -1           -1            0     -0.06059    0.0098469    0.0096803   0.00016659   5.9801e-13    0.0027791    0.0058429   -0.0030638   3.7078e-13  -2.6238e-14     6.96e-16  -2.6934e-14      -6.1532      -1.5146            0      -6.1737       1.0033    -0.090775   6.0933e-11      -6.1731    0.0089771   5.9972e-11      -6.1852            0            0            0        26.65            0           27      -9.2308   4.8716e-11     0.051007  -3.4474e-12     0.064549  -5.1532e-12      0.10475      -1.3601            0        27.09      0.96269   -0.0039111            0            0            0            0            0            0            0            0            0            0        0.075            0  
          0            0            0     0.016685    0.0096227    0.0095804   4.2262e-05  -3.8274e-13    0.0070203    0.0093737   -0.0023534  -2.3142e-13   2.1772e-14   2.9154e-16   2.1481e-14       1.7339      0.22396       7.7418          1.7      0.98048    0.0043062  -3.8998e-11          1.7     0.093561  -3.8783e-11        1.654            0            0            0       23.389            0           27       29.974  -3.0407e-11      0.12885   2.8606e-12     0.098855   -1.181e-11      0.28817      0.17881            0       26.473      0.28775    0.0016494            0            0            0            0            0            0            0            0            0            0        0.075            0  
          1            1            0     0.094379     0.010207    0.0098209   0.00038559   1.8167e-14    0.0099327      0.01324   -0.0033074    9.842e-14  -7.3853e-15   1.7847e-18  -7.3871e-15        9.247       2.8408       3.2551       9.6166         1.04     -0.12855   1.8511e-12       9.6158     -0.03954  -3.0112e-14       9.5622            0            0            0       26.843            0           27       6.1722   1.2931e-11      0.18231  -9.7035e-13     0.080972   8.3982e-13      0.16819       1.7285            0       28.079       1.0092    0.0076421            0            0            0            0            0            0            0            0            0            0        0.075            0  
          2            2            0      0.17247     0.011533     0.010329    0.0012039  -1.4114e-13     0.011749     0.017682   -0.0059331   5.1904e-14   5.2096e-15   5.9655e-17   5.1499e-15       14.955       6.2106       2.4079       17.574       1.1751     -0.49072  -1.4381e-11       17.567     -0.39256  -1.4283e-11       17.533            0            0            0        26.94            0           27       3.8256   6.8196e-12      0.21564   6.8448e-13     0.081475    1.685e-13      0.15554       3.2881            0       31.729       1.0794     0.014052            0            0            0            0            0            0            0            0            0            0        0.075            0  
          3            3            0      0.25094      0.01352     0.011016    0.0025041  -7.8059e-13     0.012615     0.022851    -0.010236  -3.5343e-13   3.4864e-14    2.563e-15   3.2301e-14       18.561       9.2978       1.9963       25.569       1.3776      -1.0834  -7.9536e-11       25.547     -0.96752   -7.725e-11       25.558            0            0            0       26.961            0           27        3.084  -4.6436e-11      0.23154   4.5807e-12     0.083141  -1.2595e-12      0.15002       4.8568            0       37.195       1.0985     0.020863            0            0            0            0            0            0            0            0            0            0        0.075            0  
          4            4            0      0.32976     0.016056     0.011763    0.0042931   9.8487e-13     0.012447     0.028667     -0.01622   5.8481e-13  -4.1679e-14  -3.5613e-15  -3.8118e-14       20.538       11.794       1.7414         33.6        1.636      -1.9074   1.0035e-10       33.548      -1.7662   9.6787e-11       33.632            0            0            0       26.968            0           27       2.7876   7.6837e-11      0.22845  -5.4762e-12     0.085087   1.5143e-12       0.1465       6.4338            0       44.172       1.1065     0.028058            0            0            0            0            0            0            0            0            0            0        0.075            0  
          5            5            0       0.4089     0.019166     0.012588    0.0065774  -1.2937e-12     0.011352     0.035239    -0.023886  -8.7828e-13   6.0013e-14   4.9799e-15   5.5034e-14       21.335       13.643       1.5638       41.664       1.9528      -2.9636  -1.3182e-10       41.564      -2.7903  -1.2257e-10       41.748            0            0            0        26.97            0           27       2.6836   -1.154e-10      0.20836   7.8851e-12     0.087105  -1.8909e-12      0.14379       8.0184            0       52.727       1.1105     0.035617            0            0            0            0            0            0            0            0            0            0        0.075            0  
          6            6            0      0.48834     0.022884      0.01352    0.0093633   5.4946e-13    0.0094859     0.042722    -0.033236   3.1529e-13  -3.0705e-14   -2.306e-15  -2.8399e-14        21.34       14.913        1.431       49.759       2.3317      -4.2524   5.5987e-11       49.586       -4.041   5.2363e-11       49.896            0            0            0        26.97            0           27       2.6829   4.1425e-11      0.17411  -4.0343e-12     0.089121   5.8015e-13      0.14147       9.6095            0       62.956       1.1126     0.043521            0            0            0            0            0            0            0            0            0            0        0.075            0  
          7            7            0      0.56806     0.027382     0.014726     0.012657  -5.5927e-13    0.0075684     0.051834    -0.044266  -3.2706e-13    2.339e-14   3.2101e-15    2.018e-14       20.746       15.636       1.3268       57.882       2.7901       -5.774  -5.6985e-11       57.607      -5.5195  -5.2774e-11       58.072            0            0            0       26.969            0           27       2.7597  -4.2972e-11      0.13891   3.0732e-12     0.091098  -5.2778e-13      0.13936       11.207            0       75.332       1.1138     0.051749            0            0            0            0            0            0            0            0            0            0        0.075            0  
          8            8            0      0.64803     0.032616     0.016153     0.016463   -1.249e-12    0.0057627     0.062735    -0.056973  -6.7669e-13   3.2545e-14   9.0807e-15   2.3465e-14       19.869       15.995       1.2422        66.03       3.3233      -7.5285  -1.2726e-10       65.621      -7.2267  -1.1984e-10       66.266            0            0            0       26.966            0           27       2.8813   -8.891e-11      0.10577   4.2761e-12     0.093018  -9.2581e-13      0.13735       12.808            0       89.729       1.1144     0.060279            0            0            0            0            0            0            0            0            0            0        0.075            0  
          9            9            0      0.72823     0.038651     0.017864     0.020787   6.3123e-13    0.0045153     0.075866    -0.071351   6.3986e-13   -3.325e-14  -8.7111e-15  -2.4539e-14       18.841       16.078       1.1718       74.201       3.9383      -9.5156   6.4318e-11       73.619      -9.1632   5.7145e-11       74.471            0            0            0       26.962            0           27       3.0381    8.407e-11     0.082875  -4.3686e-12     0.094869    7.324e-13      0.13539       14.414            0       106.33       1.1145     0.069086            0            0            0            0            0            0            0            0            0            0        0.075            0  
         10           10            0      0.80862     0.045471     0.019836     0.025635  -2.7419e-13    0.0041131     0.091506    -0.087393   8.5631e-14  -3.6971e-15  -3.0068e-16  -3.3964e-15       17.783       15.991       1.1121       82.392       4.6332      -11.735  -2.7938e-11       81.594      -11.329  -3.0797e-11        82.68            0            0            0       26.957            0           27       3.2185   1.1251e-11     0.075493  -4.8576e-13     0.096644    6.253e-14      0.13346       16.023            0        125.1       1.1143     0.078148            0            0            0            0            0            0            0            0            0            0        0.075            0  
         11           11            0      0.88918     0.053072     0.022061      0.03101    -8.55e-13    0.0046517      0.10974     -0.10509  -4.3964e-13   3.5749e-14   9.6614e-15   2.6087e-14       16.754       15.799       1.0605       90.601       5.4077      -14.186  -8.7119e-11       89.539      -13.725   -7.194e-11       90.885            0            0            0       26.952            0           27       3.4157  -5.7763e-11     0.085378    4.697e-12     0.098337  -4.7808e-13      0.13154       17.635            0       146.01       1.1138     0.087439            0            0            0            0            0            0            0            0            0            0        0.075            0  
         12           12            0      0.96988     0.061592     0.024674     0.036918  -1.9079e-12    0.0072923      0.13172     -0.12443  -1.2081e-12   6.4876e-14    2.149e-14   4.3386e-14       15.747       15.508       1.0154       98.824       6.2758      -16.867   -1.944e-10       97.446      -16.351  -1.6841e-10       99.077            0            0            0       26.946            0           27       3.6337  -1.5873e-10      0.13384    8.524e-12     0.099943  -1.1182e-12      0.12961       19.247            0       169.45       1.1131     0.096932            0            0            0            0            0            0            0            0            0            0        0.075            0  
         13           13            0       1.0507     0.071212     0.027852      0.04336  -8.3573e-13     0.013077      0.15847     -0.14539  -1.9666e-13   1.7364e-14   1.7224e-14   1.3953e-16       14.754       15.124      0.97558       107.06        7.256      -19.778  -8.5155e-11       105.31      -19.206  -8.4828e-11       107.25            0            0            0       26.938            0           27       3.8774  -2.5839e-11      0.24001   2.2814e-12      0.10146  -1.8142e-13      0.12767        20.86            0       195.91       1.1122       0.1066            0            0            0            0            0            0            0            0            0            0        0.075            0  
         14           14            0       1.1316     0.082408     0.032067     0.050342  -3.7102e-13     0.026051      0.19403     -0.16797  -1.5913e-13  -7.8626e-16   9.2008e-15  -9.9871e-15       13.731       14.607      0.94006        115.3       8.3968      -22.917  -3.7804e-11       113.12       -22.29  -3.9485e-11       115.39            0            0            0       26.929            0           27       4.1652  -2.0908e-11      0.47814  -1.0331e-13      0.10288  -1.1185e-13      0.12572       22.472            0       226.71       1.1112      0.11642            0            0            0            0            0            0            0            0            0            0        0.075            0  
         15           15            0       1.2125     0.094107     0.036242     0.057865   1.0392e-12     0.040192      0.23234     -0.19215   8.5711e-13  -5.4998e-14  -3.3049e-14   -2.195e-14       12.885       14.188      0.90814       123.55       9.5888      -26.282   1.0588e-10       120.87      -25.602   8.9489e-11        123.5            0            0            0       26.919            0           27       4.4379   1.1262e-10      0.73768  -7.2262e-12      0.10421   5.9001e-13      0.12374       24.083            0        258.9         1.11      0.12636            0            0            0            0            0            0            0            0            0            0        0.075            0  
         16           16            0       1.2935      0.10718     0.041252     0.065932  -2.9889e-12     0.061037      0.27894      -0.2179  -1.6038e-12    5.656e-14   6.4106e-14  -7.5457e-15       12.068       13.726      0.87925        131.8       10.921      -29.871  -3.0455e-10       128.55       -29.14  -2.7327e-10       131.57            0            0            0       26.908            0           27       4.7368  -2.1072e-10       1.1203   7.4314e-12      0.10544  -1.0955e-12      0.12174       25.692            0       294.87       1.1086      0.13639            0            0            0            0            0            0            0            0            0            0        0.075            0  
         17           17            0       1.3745        0.123     0.048457     0.074544  -7.8369e-13     0.098454      0.34366     -0.24521  -4.2895e-13   3.2375e-14   2.6102e-14   6.2725e-15       11.175       13.101      0.85296       140.05       12.533      -33.683  -7.9852e-11       136.15      -32.904  -6.8073e-11       139.58            0            0            0       26.893            0           27       5.1137  -5.6359e-11        1.807   4.2537e-12      0.10657  -2.7536e-13      0.11972       27.297            0       338.39       1.1071      0.14648            0            0            0            0            0            0            0            0            0            0        0.075            0  
         18           18            0       1.4554      0.14404     0.060337     0.083704  -6.2388e-13      0.17365       0.4477     -0.27405  -2.5736e-13   4.9226e-14   4.1232e-14   7.9937e-15       10.104        12.19       0.8289        148.3       14.677      -37.716  -6.3569e-11       143.68      -36.892  -5.5334e-11       147.53            0            0            0       26.869            0           27        5.652  -3.3815e-11       3.1872   6.4677e-12       0.1076  -1.7406e-13      0.11768       28.897            0       396.27       1.1055       0.1566            0            0            0            0            0            0            0            0            0            0        0.075            0  
         19           19            0       1.5359      0.17691     0.083567     0.093339  -5.0244e-13       0.3419      0.64613     -0.30423  -1.0042e-13   5.0244e-14   8.9056e-14  -3.8812e-14       8.6818       10.759      0.80691       156.49       18.026      -41.957  -5.1195e-11       151.06      -41.091  -7.1702e-11       155.37            0            0            0       26.823            0           27       6.5706  -1.3193e-11       6.2752   6.6015e-12      0.10852  -5.1597e-14      0.11564       30.488            0       486.69        1.104      0.16667            0            0            0            0            0            0            0            0            0            0        0.075            0  
         20           20            0       1.6171      0.21483      0.11116      0.10367   3.1678e-13      0.56147      0.89768     -0.33621   2.4989e-13   -5.808e-14  -3.3277e-14  -2.4803e-14       7.5275       9.5724      0.78638       164.77       21.889      -46.429   3.2278e-11       158.45      -45.529   2.1132e-11       163.23            0            0            0       26.765            0           27       7.5672   3.2832e-11       10.305   -7.631e-12      0.10934   1.1007e-13      0.11354       32.081            0       591.01        1.102      0.17681            0            0            0            0            0            0            0            0            0            0        0.075            0  
